0.999683 396 19993 396
1.99782 393 19992 394
2.99946 386 19995 387
3.99886 381 19994 382
4.9984 377 19993 378
5.99921 373 19995 374
6.9991 373 19995 375
7.99833 367 19992 370
8.9971 367 19996 370
9.99996 360 19998 363
10.9971 356 19992 359
11.9989 353 19993 356
12.9969 348 19998 352
13.999 345 19993 349
14.9982 344 19995 348
15.9949 339 19994 343
16.9963 334 19994 338
17.997 330 19997 335
18.9988 327 19996 335
19.9987 327 19997 335
20.9985 322 19995 330
21.9999 321 19994 330
22.9947 320 19994 331
23.9982 319 19997 332
24.9999 316 19992 329
25.9995 315 19996 328
26.9978 314 19992 327
27.9989 314 19995 327
28.9995 309 19994 323
30 307 19996 323
30.9991 305 19995 322
31.9999 302 19991 319
32.9993 302 19996 319
34 300 19996 317
34.9994 297 19994 315
35.9998 294 19997 312
36.9986 294 19996 313
37.9995 291 19998 311
38.9946 286 19995 308
39.9988 283 19995 308
40.9986 280 19994 305
41.9992 277 19996 302
42.9995 275 19997 301
43.9988 273 19998 301
44.998 273 19997 301
45.9997 270 19993 299
46.9981 267 19997 297
47.999 268 19996 297
49 263 19992 293
49.9984 264 19996 293
50.997 262 19999 292
51.9993 261 19991 293
52.9996 257 19996 291
53.9997 253 19997 288
54.9983 251 19988 287
55.9951 248 19995 285
56.9994 245 19995 281
57.9905 244 19999 279
58.9941 243 19995 279
59.9975 242 19995 276
60.9983 241 19994 276
61.9991 237 19995 273
62.998 233 19997 269
63.9966 231 19995 268
64.9922 227 19996 264
65.9992 225 19998 263
66.9948 223 19997 263
67.9994 222 19997 262
68.9974 220 19994 262
69.9981 218 19998 260
70.9987 213 19999 256
71.998 212 19995 254
72.9965 212 19996 255
73.9991 211 19996 257
74.9999 209 19994 254
75.9997 208 19995 253
76.9997 207 19996 252
77.9998 207 19995 251
78.9979 205 19996 250
79.9935 202 19996 248
80.9966 201 19996 250
81.996 200 19998 250
82.9995 198 19995 250
83.9987 197 19996 249
84.9987 195 19993 249
85.9999 191 19995 245
86.9999 187 19995 242
87.9989 188 19995 243
88.9998 186 19995 242
89.9976 183 19997 239
90.9901 181 19997 239
91.9997 179 19997 237
92.9973 176 19999 234
93.9993 172 19998 233
94.9996 170 19993 233
95.9982 164 19999 228
96.9999 165 19995 228
97.9996 163 19994 225
98.9999 163 19995 225
100 160 19995 225
100.999 159 19995 224
101.999 159 19996 227
102.999 158 19991 231
103.997 159 19995 231
104.999 159 19996 231
106 158 19998 232
106.999 160 19992 232
108 160 19995 232
108.999 159 19992 233
109.993 155 19993 228
110.998 156 19996 229
111.997 153 19996 227
113 150 19999 224
113.995 150 19994 222
114.996 151 19998 222
115.999 149 19995 221
116.999 148 19994 221
117.996 146 19996 221
118.994 146 19998 224
119.999 147 19987 224
120.999 146 19998 223
122 146 19998 224
123 143 19997 223
124 143 19996 224
124.999 141 19996 220
125.998 143 19994 221
127 142 19996 221
127.998 143 19994 221
129 140 19995 219
129.998 137 19991 217
130.999 139 19991 217
131.996 138 19999 216
132.999 138 19997 215
134 136 19996 213
134.998 136 19994 217
136 136 19991 219
136.998 134 19996 217
138 133 19996 216
138.999 131 19999 214
139.996 131 19999 214
140.996 131 19995 214
141.999 130 19990 210
142.999 130 19994 210
143.999 131 19993 210
144.998 129 19996 209
146 129 19998 209
146.999 128 19997 208
147.999 131 19991 208
148.999 131 19994 208
149.999 129 19994 209
151 131 19997 211
151.999 129 19994 212
153 128 19993 211
154 126 19995 209
155 127 19991 210
155.999 126 19994 209
156.999 129 19994 211
158 128 19998 209
158.988 128 19999 209
159.998 128 19995 211
160.999 129 19996 211
162 130 19995 211
162.999 129 19995 211
163.998 129 19995 212
164.999 127 19993 213
165.999 126 19995 213
166.999 127 19995 213
167.999 128 19997 212
168.999 129 19998 213
169.995 129 19994 212
171 129 19996 212
172 130 19997 213
172.999 130 19997 217
173.996 131 19996 216
175 130 19998 216
176 130 19995 216
177 128 19991 215
177.999 129 19997 216
178.999 129 19993 215
179.999 128 19991 216
180.999 127 19994 215
181.998 127 19994 215
182.999 126 19997 214
183.999 125 19997 212
184.999 128 19999 214
186 127 19994 214
187 125 19996 213
188 123 19999 211
188.999 123 19991 211
190 121 19993 211
191 121 19995 210
192 120 19995 209
192.999 121 19998 210
194 122 19997 211
194.999 121 19990 209
196 120 19996 209
196.999 120 19997 210
197.996 118 19996 209
198.996 117 19993 210
199.998 116 19997 209
200.998 118 19997 209
202 118 19995 209
202.997 116 19997 207
203.995 115 19996 206
204.999 115 19998 206
206 115 19995 205
206.995 113 19996 204
207.998 112 19996 202
208.998 114 19996 204
209.999 112 19996 204
210.999 114 19991 205
211.998 114 19998 208
212.997 117 19996 208
213.997 117 19994 208
214.998 116 19996 207
216 118 19995 208
216.998 116 19998 206
217.998 115 19994 204
219 117 19993 204
219.999 119 19997 203
220.999 119 19997 202
222 120 19997 202
222.999 121 19996 202
224 120 19994 201
225 120 19996 199
225.999 120 19997 198
226.999 119 19994 198
228 121 19994 199
228.996 120 19995 199
229.994 120 19996 201
230.995 119 19995 201
231.995 117 19997 199
232.998 119 19995 197
234 120 19993 199
235 120 19997 200
235.999 121 19993 203
237 120 19997 205
237.998 120 19995 205
238.997 119 19997 207
240 120 19993 208
240.996 121 19997 209
242 119 19997 207
242.991 119 19996 207
244 120 19997 207
245 122 19996 209
245.995 122 19996 209
246.996 121 19995 207
247.998 120 19989 206
249 121 19995 206
249.998 122 19994 205
251 121 19997 205
251.996 120 19996 207
252.999 120 19998 207
253.998 120 19997 209
254.999 121 19994 209
255.998 123 19997 209
257 122 19994 210
257.999 120 19993 207
259 121 19993 208
260 121 19995 209
261 121 19995 210
262 121 19992 212
263 120 19996 211
263.999 120 19994 210
265 119 19995 209
265.998 118 19996 209
267 115 19995 206
267.999 114 19992 206
268.998 113 19995 206
269.993 111 20000 206
270.999 111 19997 207
271.999 110 19994 207
272.998 108 19993 206
273.996 107 19997 205
274.999 108 19997 205
275.999 108 19995 204
277 109 19994 205
278 110 19992 205
278.999 112 20000 206
280 112 19996 207
280.999 113 19998 207
282 110 19998 205
283 109 19996 205
283.997 105 19996 204
284.998 107 19998 205
286 108 19998 203
286.999 111 19996 205
288 111 19991 208
288.999 110 19996 208
290 109 19996 209
290.999 109 19997 210
291.996 108 20000 209
292.995 106 19996 207
293.999 109 19994 206
295 108 19999 205
296 108 19995 204
297 107 19994 202
297.999 106 19994 204
299 106 19996 201
300 104 19997 199
300.998 104 19992 199
301.999 102 19993 197
302.999 103 19998 197
304 102 19998 198
305 104 19997 198
305.998 101 19997 194
306.999 102 19994 196
307.997 100 19997 195
308.999 101 19993 195
309.997 102 19997 193
310.997 100 19995 193
311.998 100 19997 193
312.996 100 19999 193
313.997 103 20000 194
314.997 105 19993 193
315.999 105 19995 193
316.999 105 19998 195
317.993 106 19994 196
319 104 19994 194
319.998 104 19995 195
321 103 19997 194
322 103 19997 196
322.998 105 19992 196
323.994 108 19997 197
324.996 108 19997 197
326 106 19997 194
326.999 106 19996 194
327.995 106 19996 194
328.999 106 19993 194
329.995 109 19997 193
331 106 19991 190
331.998 106 19998 189
332.996 107 19993 189
333.999 106 19991 188
335 105 19991 187
335.996 104 19998 187
337 104 19996 188
338 104 19996 188
339 105 19997 189
340 107 19994 189
340.999 108 19997 190
342 108 19997 188
342.992 106 19995 186
344 107 19995 187
345 106 19997 185
345.999 107 19994 186
346.997 107 19993 187
348 105 19994 185
348.999 103 19996 184
349.998 102 19991 183
350.999 101 19996 182
351.999 101 19993 184
352.997 99 19992 184
353.999 97 19998 184
354.999 98 19993 185
355.999 98 19996 186
357 99 19998 185
357.998 100 19993 186
358.997 99 19996 185
359.999 100 19996 186
360.999 100 19997 185
361.999 102 19992 184
362.999 102 19995 184
364 103 19995 186
364.999 100 19997 183
365.999 101 19994 186
366.997 100 19999 187
367.998 101 19992 188
369 101 19993 187
369.996 101 19996 188
370.998 100 19994 188
371.999 101 19997 190
372.991 101 19995 190
373.991 100 19996 191
374.997 101 19995 191
376 103 19993 190
376.998 99 19993 186
377.998 98 19996 185
378.99 95 19997 181
379.998 97 19992 182
381 96 19996 181
381.992 96 19998 181
382.998 98 19997 182
384 98 19993 182
385 97 19996 181
385.999 95 19994 178
386.999 98 19993 179
387.994 98 19997 179
389 97 19997 180
389.999 99 19995 182
391 99 19999 184
391.998 100 19998 185
393 101 19993 186
393.999 100 19996 186
394.997 101 19998 186
395.999 98 19997 185
397 98 19994 183
397.995 98 19996 186
398.995 99 19994 184
399.998 100 19998 184
400.991 101 19999 185
402 101 19997 186
403 101 19995 186
403.999 100 19993 186
404.999 101 19996 187
405.999 101 19997 189
407 100 19991 186
408 100 19997 185
408.997 99 19996 182
409.995 99 19995 184
410.999 100 19998 184
411.998 100 19996 185
412.998 100 19998 184
414 101 19997 185
415 98 19996 181
415.997 100 19997 185
416.999 102 19993 186
417.996 101 19988 186
419 100 19998 186
420 100 19997 186
421 102 19998 186
421.986 102 19996 186
422.996 101 19996 185
423.999 100 19995 183
424.995 99 19996 183
425.995 98 19994 182
427 99 19992 182
427.999 100 19994 184
429 100 19998 184
429.998 101 19993 184
430.998 101 19997 185
431.999 100 19995 184
433 98 19998 182
433.995 98 19998 183
434.993 97 19996 183
435.997 98 19996 183
436.999 98 19998 182
437.998 98 19997 183
438.999 98 19997 184
439.995 97 19995 184
440.999 97 19996 183
441.998 96 19997 182
442.999 97 19995 185
443.998 98 19993 187
445 97 19994 186
445.998 96 19997 187
446.998 97 19998 186
448 97 19998 186
449 97 19996 187
450 97 19997 187
450.999 98 19992 189
451.992 99 19996 190
452.999 99 19995 191
453.998 100 19992 191
455 100 19994 193
455.997 99 19996 194
457 99 19994 195
457.999 98 19996 196
459 98 19997 197
459.999 98 19996 198
460.998 97 19997 199
461.998 99 19996 199
463 98 19994 198
464 97 19997 196
464.993 97 19998 196
465.999 97 19992 197
467 95 19995 196
468 96 19992 197
468.999 96 19997 198
469.996 96 19995 200
470.999 97 19991 201
471.999 96 19994 202
472.998 96 19998 202
474 95 19993 201
474.999 96 19989 200
475.999 94 19998 199
477 95 19995 200
477.997 93 20000 198
478.999 93 19999 199
479.998 94 19996 200
480.998 97 19996 202
481.999 99 19995 205
483 99 19997 203
484 100 19999 204
485 99 19997 204
485.999 98 19991 203
486.996 98 19994 203
487.997 98 19997 202
488.996 95 19995 201
489.999 98 19997 202
490.998 97 19997 202
492 97 19993 203
493 95 19997 204
493.999 91 19999 201
494.998 92 19995 201
495.999 94 19993 204
496.997 94 19997 204
497.998 92 19998 203
498.997 91 19997 201
499.999 91 19995 202
500.997 91 19998 203
502 90 19992 202
503 91 19996 202
503.994 93 19996 202
504.999 94 19998 201
505.999 94 19994 200
506.997 92 19997 196
507.997 89 19996 193
508.999 88 19995 192
509.998 87 19995 189
510.994 89 19998 189
511.998 89 19995 189
513 88 19997 190
514 88 19994 192
514.998 89 19994 196
515.998 90 19997 197
517 91 19995 198
518 88 19996 197
518.999 89 19994 196
519.999 88 19998 195
520.994 87 19995 193
521.995 87 19997 194
522.999 87 19995 194
523.998 88 19996 193
524.998 86 19995 191
526 87 19997 193
526.995 88 19992 193
527.999 87 19995 193
529 85 19997 194
529.998 86 19999 193
530.996 84 19998 193
532 85 19995 193
532.997 86 19994 193
533.996 85 19996 193
534.998 85 19991 195
535.995 85 19996 195
536.999 86 19998 195
537.996 86 19993 195
538.999 87 19993 196
539.999 89 19998 198
541 89 19997 198
541.998 88 19995 200
542.999 88 19997 200
544 92 19996 200
545 93 19992 200
546 92 19998 197
546.999 90 19993 195
547.999 91 19996 195
548.998 89 19996 194
549.997 88 19996 197
551 88 19996 199
551.999 88 19990 199
552.997 87 19997 198
553.994 86 19993 199
554.997 86 19996 198
556 83 19998 195
557 82 19998 195
557.998 83 19996 197
558.996 84 19996 199
559.998 81 19994 196
561 83 19998 196
561.998 82 19998 196
562.999 81 19996 196
563.985 83 19998 196
565 82 19998 195
565.999 82 19993 195
566.997 81 19995 193
567.989 80 19999 192
569 80 19991 194
569.999 80 19994 194
570.997 80 19996 196
572 80 19996 195
572.999 79 19990 193
573.997 79 19999 193
574.999 83 19991 193
575.999 81 19997 190
576.998 80 19998 189
578 79 19993 189
578.998 79 19997 190
579.999 79 19998 189
580.999 81 19997 189
581.998 80 19995 189
582.999 81 19996 189
584 83 19995 191
584.999 83 19997 191
586 84 19995 193
586.999 84 19994 193
588 83 19996 192
588.994 82 19998 189
590 83 19996 191
591 82 19995 191
592 84 19994 191
592.999 84 19997 193
593.996 84 19997 193
595 84 19995 192
595.996 82 19997 191
596.998 82 19992 191
597.994 81 19995 190
598.998 80 19993 191
599.999 79 19995 190
600.999 77 19995 189
601.999 76 19992 189
602.997 75 19996 188
603.999 78 19994 190
605 78 19992 190
605.998 79 19996 191
606.994 79 19998 190
607.999 80 19994 190
608.997 82 19995 190
609.999 84 19996 190
610.995 84 19998 191
611.999 85 19992 191
612.998 85 19999 190
613.999 88 19994 190
614.999 87 19995 191
615.999 89 19996 192
616.999 90 19995 193
617.999 88 19996 190
618.999 88 19996 190
619.999 90 19993 192
621 89 20000 191
621.999 88 19993 190
622.998 88 19999 190
623.999 87 19993 191
624.999 87 19998 191
625.994 84 19997 190
627 85 19993 190
627.994 85 19995 189
628.998 86 19996 190
629.999 83 19992 187
630.999 83 19996 188
631.999 83 19994 189
633 81 19995 186
633.999 82 19995 187
634.996 83 19998 187
635.999 86 19997 187
636.999 87 19993 189
637.998 86 19994 189
638.996 86 19993 186
640 82 19997 184
640.999 81 19996 182
641.999 82 19995 182
642.999 85 19998 184
643.998 84 19993 183
644.999 90 19996 184
646 88 19992 182
646.999 87 19995 182
647.999 87 19996 181
649 87 19995 182
649.997 89 19998 182
650.999 88 19996 180
651.998 90 20000 180
652.998 88 19997 178
653.998 88 19996 181
654.999 88 19994 180
655.997 87 19996 179
657 87 19992 179
657.999 86 19996 180
659 90 19996 180
659.997 91 19995 180
661 92 19997 181
661.999 92 19992 180
663 91 19991 179
663.999 90 19996 179
665 88 19995 177
665.997 87 19995 177
667 90 19991 178
667.995 91 19997 178
668.999 89 19992 179
670 88 19998 179
670.999 89 19994 180
671.999 89 19996 184
673 89 19998 182
674 89 19995 184
674.998 89 19997 184
675.999 87 19997 183
676.989 86 19997 183
677.999 87 19998 184
679 90 19995 186
680 89 19997 189
681 88 19993 191
681.991 89 19995 192
682.998 89 19997 193
683.992 90 19997 194
685 92 19995 196
685.996 93 19996 196
687 92 19999 195
687.997 93 19995 195
688.998 91 19998 195
689.997 91 19997 196
690.999 90 19994 197
692 90 19994 197
692.996 93 19996 197
693.983 95 19997 198
695 95 19997 199
696 95 19997 199
696.999 95 19997 197
697.998 93 19995 196
698.998 93 19996 198
699.998 92 19996 200
700.998 92 19994 200
701.998 92 19993 199
702.996 92 19998 200
703.998 93 19995 200
704.997 95 19996 201
706 97 19993 200
706.999 97 19997 199
707.999 97 19998 199
708.998 99 19995 198
709.992 99 19998 197
711 96 19993 193
711.999 98 19998 194
712.999 96 19997 192
713.996 96 19996 192
715 96 19995 192
715.999 95 19997 191
716.997 96 19995 190
717.999 95 19996 190
718.998 95 19998 191
720 95 19996 192
720.999 101 19996 193
722 99 19998 191
722.999 98 19996 193
724 96 19998 191
725 94 20000 192
725.999 92 19994 191
727 91 19996 190
727.999 92 19997 190
728.999 93 19994 191
729.999 91 19995 189
731 93 19994 191
731.999 94 19996 193
732.999 90 19995 189
733.995 90 19997 190
734.999 88 19995 188
735.999 91 19994 192
736.999 90 19997 191
737.996 91 19997 193
738.999 91 19994 193
740 91 19993 194
740.999 90 19998 193
741.999 91 19998 194
742.999 92 19997 193
743.999 91 19995 192
744.999 90 19995 190
745.999 92 19995 191
747 92 19994 194
747.997 93 19992 194
748.999 94 19995 195
749.997 95 19996 196
751 96 19997 198
751.999 96 19993 197
752.999 94 19992 196
753.999 94 19995 195
754.999 95 19998 194
755.995 96 19995 195
756.997 97 19999 196
757.998 99 19992 196
758.999 97 19995 194
759.999 97 19995 195
760.992 93 19999 192
761.993 94 19997 191
762.994 93 19995 191
763.996 93 19997 192
765 93 19998 193
765.999 94 19992 193
767 93 19997 191
767.995 93 19998 192
768.998 92 19996 191
770 93 19997 191
770.996 91 19996 190
772 92 19996 190
772.999 92 19997 190
774 90 19995 186
774.998 92 19992 187
775.999 93 19991 188
777 94 19993 188
777.999 94 19995 189
778.999 93 19997 190
779.999 91 19999 190
780.989 89 19996 189
782 86 19995 186
782.998 86 19995 187
784 86 19995 187
785 86 19998 187
785.999 86 19995 187
786.998 86 19994 188
787.999 86 19997 188
788.995 86 19994 189
790 84 19998 187
791 86 19990 189
792 83 19997 185
793 83 19992 188
793.999 83 19998 189
794.999 80 19996 186
795.998 81 19997 188
796.998 81 19992 189
797.992 82 19995 189
798.996 81 19998 188
799.994 82 19996 189
800.998 82 19994 189
802 82 19997 190
802.997 82 19997 191
803.999 82 19997 190
805 82 19996 190
805.989 82 19997 188
806.996 82 19998 189
807.997 81 19995 188
808.997 80 19998 187
810 80 19996 189
810.999 81 19996 189
811.998 83 19998 190
812.997 83 19999 190
814 83 19990 190
815 81 19993 189
815.998 82 19997 191
816.998 84 19994 190
817.998 86 19994 193
818.999 83 19998 191
819.999 84 19996 192
821 84 19997 191
821.999 83 19994 191
822.999 82 19995 192
823.994 84 19998 192
824.998 84 19997 194
825.992 83 19997 194
826.996 83 19996 193
827.999 83 19991 194
829 83 19997 193
829.998 83 19995 194
830.998 83 19995 195
831.999 84 19996 195
832.999 82 19996 192
833.998 81 19998 192
835 79 19995 190
835.992 78 19993 189
837 78 19991 190
837.999 79 19995 189
838.991 81 19998 190
839.999 83 19993 190
840.992 86 19997 191
841.998 86 19999 191
843 86 19998 192
843.999 83 19994 189
844.998 84 19998 191
845.999 79 19994 187
846.997 78 19998 186
847.997 79 19995 186
849 80 19993 188
849.996 79 19996 188
850.998 80 19999 188
852 79 19996 187
852.999 78 19995 186
854 77 19997 186
854.999 77 19994 187
855.999 76 19998 190
856.994 76 19999 190
858 77 19997 191
858.997 79 19993 191
859.995 78 19998 191
860.999 79 19998 192
861.996 79 19998 192
862.997 77 19995 191
863.999 75 19995 189
865 73 19995 186
866 72 19995 185
867 74 19992 185
868 72 19998 184
868.997 72 19993 184
869.999 73 19998 184
870.998 71 19997 182
871.999 71 19994 181
873 72 19993 182
873.999 74 19997 183
874.997 73 19996 182
875.999 75 19993 182
877 75 19996 179
877.999 76 19997 179
878.998 76 19996 182
880 77 19994 182
880.998 77 19994 181
882 78 19994 184
883 78 19994 184
883.998 76 19997 181
885 76 19994 181
885.997 73 19997 178
886.997 73 19993 178
887.999 72 19994 177
889 71 19994 178
889.995 72 20000 178
891 72 19994 179
891.999 71 19997 179
892.994 71 19994 179
893.996 71 19996 178
894.999 71 19998 179
895.998 70 19999 178
897 68 19994 176
897.998 68 19997 175
899 70 19998 175
899.998 72 19997 175
901 71 19995 174
901.999 71 19999 173
902.997 70 19999 173
903.996 71 19998 174
904.997 71 19998 174
905.998 72 19997 175
906.999 73 19995 174
907.999 72 19992 173
908.997 73 19996 175
909.996 73 19999 175
911 73 19995 176
911.996 74 19999 176
912.999 73 19992 175
913.999 72 19999 174
914.999 73 19995 174
915.997 71 19998 176
916.991 72 19997 175
917.999 72 19996 175
919 74 19995 175
919.998 74 19996 174
920.999 75 19994 176
922 76 19996 176
922.998 75 19994 175
924 74 19997 175
925 75 19996 176
925.999 79 19997 178
926.998 75 19999 175
928 76 19998 178
929 77 19995 178
929.998 77 19998 176
931 76 19998 175
932 78 19996 176
932.995 79 19992 175
933.997 79 19995 175
935 80 19998 177
935.998 77 19996 175
936.999 79 19995 178
937.999 79 19991 177
938.999 80 19997 176
939.998 79 19996 176
940.999 79 19996 177
942 79 19997 177
943 77 19996 175
943.999 79 19993 175
944.984 76 19998 172
945.997 75 19997 173
946.994 75 19997 173
947.999 75 20000 172
948.999 75 19996 170
949.999 76 19991 172
950.999 77 19999 172
951.997 78 19998 172
952.997 78 19996 171
953.998 75 19994 171
955 74 19993 171
955.999 75 19994 173
957 75 19994 172
957.997 76 19993 173
959 76 19999 171
960 74 19993 170
960.998 74 19996 169
962 74 19995 171
962.993 74 19997 171
963.999 75 19993 173
964.993 76 19998 174
965.999 76 19995 176
966.999 76 19996 175
967.999 76 19997 176
968.998 75 19996 174
969.998 76 19994 173
971 75 19996 171
971.999 76 19992 171
972.999 76 19990 171
973.997 75 20000 169
975 74 19994 168
975.997 74 19998 168
976.998 74 19992 167
978 73 19995 166
978.998 73 19996 166
979.998 74 19997 166
980.999 75 19999 166
981.999 75 19997 166
983 74 19999 165
984 75 19997 165
984.998 74 19995 164
985.999 76 19995 164
986.996 77 19996 166
987.998 77 19994 166
988.995 75 19993 166
989.999 76 19994 167
990.999 76 19999 168
991.999 76 19997 166
993 78 19994 167
993.995 79 19997 168
994.999 79 19996 168
995.997 79 19999 169
996.998 81 19994 171
998 83 19997 172
999 85 19997 173
999.999 85 19998 173
1000 85 19997 173
