0.9989 400 19995 400
1.99235 399 19995 399
2.99956 393 19995 393
3.99822 389 19998 389
4.99977 385 19998 385
6 379 19995 379
6.99891 374 19995 374
7.99797 372 19997 372
8.99985 368 19992 368
9.99791 364 19998 365
10.9989 362 19995 363
11.9938 362 19997 364
12.9993 360 19993 362
13.9975 356 19996 358
14.9979 355 19995 357
15.9999 351 19996 353
16.9996 348 19997 351
17.9997 347 19996 351
18.9965 342 20000 347
19.9984 338 19996 343
20.9979 331 19993 339
21.9999 328 19994 339
22.999 326 19996 337
23.9999 326 19994 338
24.9986 326 19995 339
26 323 19996 336
26.9997 321 19998 334
27.999 313 19996 327
28.9982 312 19993 328
29.9999 308 19991 325
30.9993 308 19996 324
31.9978 305 19995 320
32.9962 302 19998 317
33.9998 304 19993 318
34.9985 302 19992 317
35.9981 299 19994 314
36.9981 298 19998 313
37.9967 292 19998 307
38.9956 291 19999 308
39.9993 289 19995 306
40.9989 285 19998 302
41.9973 281 19994 298
42.9998 281 19995 297
43.9999 279 19993 295
44.9932 276 19994 293
45.9983 274 19990 293
46.9969 269 19995 288
47.9997 267 19994 286
48.9983 264 19995 283
49.9993 261 19997 279
50.9981 260 19995 279
51.999 257 19997 277
52.9994 254 19998 278
53.9991 249 19996 272
54.9989 241 19998 264
55.9933 240 19999 264
56.9994 237 19990 261
57.9993 235 19998 259
58.9987 231 19996 256
59.9987 230 19998 256
60.9924 229 19998 256
61.9897 228 19997 255
62.9982 227 19996 255
63.9983 226 19991 255
64.9997 224 19995 255
65.9991 224 19997 256
66.9992 224 19999 259
67.9992 222 19998 261
68.9997 218 19993 257
69.9998 214 19989 253
70.9991 213 19994 253
71.9993 211 19997 251
72.9984 208 19995 249
73.9998 208 19992 249
75 207 19994 251
75.9893 208 19998 251
76.9979 206 19995 250
77.9989 204 19997 249
78.9965 201 19993 247
79.9992 196 19995 243
80.9976 195 19998 243
81.9999 194 19993 243
82.9984 193 19995 241
83.9999 192 19995 242
84.9988 192 19997 243
85.9976 190 19993 241
86.9914 189 19996 243
87.9987 188 19995 240
88.9972 189 19998 240
89.9999 185 19997 236
91 184 19996 235
91.9997 183 19998 236
92.9939 182 19997 236
93.9993 182 19997 235
94.9997 183 19993 236
95.9977 180 19998 232
96.9996 178 19996 230
97.9994 175 19997 228
98.9991 173 19996 225
99.9999 171 19996 225
101 170 19994 224
101.994 167 19997 220
102.998 168 19997 221
103.999 169 19993 222
105 169 19997 222
106 168 19996 222
107 167 19998 221
107.998 166 19994 217
109 165 19994 216
109.997 160 19997 211
110.995 159 19994 211
111.999 157 19997 210
113 161 19996 210
113.999 160 19998 209
114.996 160 19995 210
115.999 159 19997 209
116.989 159 19999 209
117.999 158 19997 208
118.998 156 19992 206
119.997 155 19999 205
120.999 156 19995 205
121.998 154 19997 205
122.997 152 19994 203
123.989 150 19996 203
125 148 20000 200
126 145 19997 197
126.993 144 19996 196
127.999 145 19997 197
128.998 142 19991 194
130 141 19993 194
130.999 140 19992 193
131.999 140 19995 193
132.999 140 19994 193
133.999 139 19995 194
134.999 138 19997 194
135.998 137 19994 193
136.998 139 19994 195
138 140 19993 195
139 138 19997 195
140 134 19991 192
141 133 19994 192
141.997 131 19994 192
143 129 19995 191
144 128 19996 189
144.999 127 19993 190
146 126 19995 190
146.996 127 19996 189
148 128 19994 189
148.996 129 19998 190
149.996 128 19998 190
150.997 127 19997 190
151.999 126 19993 191
152.995 126 19996 191
153.998 126 19998 192
154.995 123 19997 191
156 124 19992 192
156.998 123 19994 192
158 122 19996 193
158.998 121 19994 192
160 120 19995 192
160.999 117 19995 192
161.999 117 19996 193
162.998 116 19998 191
163.997 114 19995 189
165 114 19997 189
165.997 115 19998 189
166.999 116 19994 190
167.999 115 19994 191
169 114 19991 191
169.999 115 19995 191
170.993 116 19999 192
171.996 113 19998 189
172.998 113 19992 188
173.999 114 19998 189
174.999 114 19998 189
176 114 19994 188
176.997 112 19995 186
177.997 110 19994 184
178.998 108 19994 182
179.994 108 19996 183
180.997 108 19996 183
181.998 109 19996 185
183 109 19995 184
184 110 19997 184
184.995 111 19998 184
185.997 110 19997 183
186.997 109 19996 183
187.996 109 19998 183
188.999 107 19997 180
189.999 106 19996 178
191 105 19996 178
192 106 19997 178
192.996 103 19996 174
194 101 19994 173
194.998 101 19997 174
195.999 99 19993 173
196.997 99 19995 174
198 99 19998 175
199 99 19995 176
199.998 100 19997 178
200.998 98 19997 176
201.997 100 19994 177
202.998 102 19995 177
203.998 101 19999 176
205 103 19992 176
206 103 19997 176
207 104 19994 177
207.999 106 19994 176
209 106 19994 175
209.998 106 19996 176
211 106 19992 177
212 105 19994 177
212.998 106 19994 178
213.998 105 19997 177
214.998 104 19996 175
215.999 103 19997 174
217 103 19998 175
217.998 100 19994 172
218.996 99 19996 175
219.995 98 19997 175
220.999 98 19998 174
222 100 19993 176
223 98 19995 176
223.999 98 19997 176
224.997 100 19996 176
225.998 99 19994 175
227 99 19993 172
227.993 97 19993 171
228.996 95 19993 169
230 94 19999 168
230.999 92 19993 166
231.999 89 19997 164
232.996 89 19995 164
234 89 19991 165
235 90 19993 165
236 90 19996 165
236.992 90 19998 164
238 90 19997 164
238.999 90 19994 164
239.997 90 19995 163
241 89 19992 162
241.996 93 19997 164
242.999 94 19994 164
243.994 92 19998 163
244.999 91 19998 164
245.999 90 19996 164
246.999 88 19996 162
247.994 87 19998 162
249 88 19993 163
249.999 89 19997 164
250.999 89 19998 163
251.999 89 19992 164
252.999 90 19996 164
254 91 19997 162
254.997 91 19997 163
256 92 19999 165
256.999 93 19996 166
257.991 93 19998 167
259 93 19995 163
259.999 93 19998 164
260.999 93 19996 165
262 94 19997 165
263 94 19995 165
263.999 93 19992 164
264.993 92 19997 163
265.999 92 19995 162
266.999 90 19995 162
268 90 19996 164
269 91 19996 164
269.997 89 19994 162
270.999 89 19994 162
271.999 89 19997 162
273 92 19996 164
274 93 19996 164
274.997 93 19990 167
275.999 92 19998 167
277 93 19993 168
277.998 90 19998 168
279 91 19994 170
280 90 19994 169
281 90 19995 168
281.998 90 19995 169
282.999 90 19995 169
283.999 90 19995 172
284.999 87 19992 170
285.999 85 19996 169
286.997 83 19999 168
287.998 83 19995 167
288.998 85 19992 165
289.999 86 19992 165
291 86 19995 166
291.996 87 19993 165
292.999 87 19993 165
293.999 86 19996 164
295 85 19994 164
296 84 19992 163
296.99 86 19998 163
297.999 85 19993 166
298.999 84 19995 168
299.997 85 19994 166
300.998 86 19994 165
301.996 86 19997 166
302.998 87 19999 166
304 88 19999 165
305 88 19996 164
306 87 19996 163
306.995 88 19998 163
307.997 88 19997 164
308.988 89 19996 164
309.999 89 19997 164
311 88 19996 163
311.998 89 19996 165
312.998 88 19996 163
314 87 19998 162
314.999 86 19993 163
315.999 86 19994 163
317 86 19995 165
317.998 86 19999 165
318.996 85 19995 164
319.999 83 19998 163
320.999 82 19997 165
321.996 81 19998 165
322.999 80 19994 164
323.998 80 19994 164
325 79 19996 164
326 79 19993 162
327 80 19993 161
327.999 81 19993 160
329 81 19995 160
330 81 19998 161
330.993 79 19998 159
332 76 19996 160
333 76 19998 161
334 74 19996 159
334.997 74 19995 158
336 72 19993 156
337 70 19992 153
337.998 70 20000 153
338.999 71 19996 154
339.999 72 19993 155
341 73 19997 155
342 73 19996 157
342.999 73 19995 157
344 74 19993 157
344.999 76 19997 158
346 76 19994 158
346.999 76 19996 158
347.999 76 19996 159
348.999 77 19996 158
349.999 78 19996 158
350.998 78 19998 158
351.996 77 19998 157
352.997 78 19997 158
353.998 78 19997 157
354.999 78 19998 156
356 78 19994 157
356.998 77 19998 157
357.998 79 19992 157
358.999 82 19996 158
360 81 19992 157
360.998 79 19993 157
361.999 80 19998 159
362.992 79 19998 158
363.999 81 19998 158
365 79 19996 155
365.999 81 19995 156
366.999 81 19997 154
367.998 80 19996 154
369 79 19993 153
370 78 19996 152
370.997 77 19997 154
372 80 19997 154
372.992 81 19997 154
373.995 81 19996 155
375 80 19993 154
376 80 19998 153
377 80 19999 153
377.997 79 19996 151
378.999 79 19996 153
379.998 77 19997 153
381 78 19988 153
381.999 78 19993 153
383 80 19996 156
383.999 81 19991 156
384.999 81 19995 156
386 82 19996 155
386.999 82 19996 156
387.999 80 19995 155
388.997 80 19995 157
389.997 78 19994 157
390.996 78 19993 158
391.997 79 20000 159
392.999 79 19999 159
393.999 79 19995 160
394.994 79 19994 160
395.999 78 20000 158
396.996 74 19993 154
397.998 74 19997 154
399 77 19995 155
399.996 78 19996 158
400.998 79 19992 158
401.999 81 19995 159
403 82 19995 160
403.997 81 19998 159
405 80 19996 159
406 78 19995 158
407 79 19995 159
408 81 19996 159
408.997 80 19997 158
410 81 19998 159
410.997 79 19996 158
411.998 79 19992 160
412.998 77 19992 159
413.999 75 19999 159
414.992 77 19998 159
416 76 19997 158
416.99 77 19993 160
417.999 76 19994 159
418.993 77 19998 160
419.998 77 19999 160
420.999 78 19994 161
421.995 77 19997 160
423 78 19995 161
423.998 78 19995 162
424.998 80 19997 162
425.999 80 19996 163
426.999 77 19995 160
427.999 78 19996 163
428.999 77 19996 163
429.998 78 19998 163
430.999 78 19994 165
432 78 19992 166
433 80 19996 167
434 79 19995 166
434.995 80 19999 166
435.997 81 19996 165
436.995 81 19995 165
438 80 19997 165
438.998 82 19998 166
439.999 82 19996 166
440.995 80 19998 165
441.999 81 19998 164
443 82 19999 164
443.999 83 19997 165
445 82 19997 165
445.999 81 19994 166
447 84 19998 166
448 84 19994 166
448.998 84 19996 167
449.995 82 19995 164
450.994 82 19997 165
451.993 79 19997 163
452.998 80 19995 166
454 81 19998 167
454.999 82 19997 168
455.999 82 19997 171
456.999 82 19999 171
457.999 82 19994 170
459 81 19995 170
459.999 79 19990 169
460.998 80 19994 169
461.999 79 19994 170
463 80 19996 169
463.997 77 19998 167
464.999 79 19998 167
465.998 78 19998 166
467 77 19998 165
467.998 77 19994 166
468.996 77 19990 167
469.999 79 19993 167
471 80 19997 167
472 79 19997 167
473 82 19992 168
473.998 84 19998 167
474.998 81 19997 165
475.999 81 19996 168
476.994 78 19996 167
477.998 76 19998 167
478.996 79 19996 166
479.998 80 19995 166
480.999 81 19996 167
481.997 81 19997 167
482.999 78 19998 165
483.994 77 19997 164
484.998 77 19997 165
486 77 19996 165
486.999 78 19993 165
487.999 77 19988 166
489 78 19997 166
489.998 78 19991 166
490.999 79 19998 167
491.998 80 19999 169
492.999 79 19996 168
494 81 19995 168
494.998 81 19997 171
495.996 81 19995 172
496.997 77 19997 168
497.995 76 19996 167
498.999 78 19997 168
499.997 78 19996 167
500.998 80 19996 167
501.997 79 19996 166
502.999 78 19998 165
504 78 19995 169
504.997 77 19995 169
505.994 78 19996 168
506.996 78 19995 169
508 77 19997 169
509 76 19994 167
509.992 77 19995 168
510.998 77 19998 168
511.998 77 19995 168
513 76 19996 167
514 77 19996 168
515 74 19995 165
515.999 74 19998 164
516.998 73 19996 163
517.999 75 19998 163
518.999 77 19996 165
519.999 78 19990 164
520.998 77 19996 164
521.999 79 19996 165
523 81 19994 166
523.996 80 19997 166
524.999 80 19988 166
525.995 79 20000 165
526.999 79 19991 166
527.997 78 19998 166
529 80 19993 166
530 81 19996 165
530.999 84 19993 164
532 83 19992 166
532.999 85 19995 168
533.997 86 19998 170
535 87 19994 171
535.994 88 19998 171
536.996 88 19995 172
538 87 19993 173
538.998 88 19997 174
539.994 89 19996 177
540.998 89 19998 178
542 88 19995 178
542.998 89 19994 178
543.998 90 19999 179
545 91 19995 179
545.998 89 19991 177
546.999 87 19997 177
548 89 19995 179
548.994 87 19998 179
550 88 19996 178
550.998 90 19994 178
552 90 19993 179
552.998 90 19994 180
553.999 92 19996 183
554.993 91 19996 182
555.994 92 20000 181
556.996 93 19995 182
557.999 95 19992 182
559 97 19996 183
560 99 19993 183
560.998 99 19997 185
561.998 100 19995 185
562.999 100 19995 186
564 100 19996 186
564.999 101 19993 186
565.996 99 19997 184
566.992 98 19998 183
567.999 97 19995 181
568.999 95 19996 180
570 95 19995 180
570.996 94 19997 180
572 93 19993 180
573 94 19994 180
573.998 92 19998 178
574.997 93 19997 179
575.999 93 19996 180
576.999 94 19997 181
577.997 93 19996 180
578.999 93 19995 181
579.996 94 19993 184
580.988 94 19999 183
581.999 94 19995 184
582.996 96 19995 185
583.997 97 19996 186
585 99 19991 188
586 100 19998 187
586.993 103 20000 188
588 102 19996 187
588.997 102 19995 189
589.999 102 19994 189
590.999 104 19994 188
592 103 19995 190
592.998 107 19995 193
593.996 108 19996 193
594.999 108 19996 193
595.995 108 19996 193
596.997 110 19994 195
597.998 111 19993 197
598.999 110 19996 197
600 109 19995 195
600.998 109 19995 195
601.999 110 19992 194
602.998 108 19994 192
603.999 107 19995 191
604.997 105 19994 190
605.999 105 19995 194
606.999 108 19991 194
607.998 110 19994 195
608.997 109 19994 197
610 111 19994 197
610.987 112 19997 195
611.999 111 19998 195
612.998 110 19998 195
613.998 111 19996 195
614.999 111 19997 195
615.998 111 19995 196
617 113 19992 196
617.997 112 19997 194
619 113 19993 195
619.998 111 19997 194
620.991 110 19997 192
622 111 19995 195
622.999 112 19996 194
623.999 112 19992 195
624.998 114 19995 195
625.999 115 19993 196
626.999 115 19994 193
628 110 19996 188
628.999 108 19993 185
630 109 19992 187
631 105 19994 185
631.998 105 19996 186
632.997 106 19996 186
634 106 19992 187
634.989 106 19998 188
636 106 19997 188
636.998 107 19997 187
637.999 107 19992 187
638.998 107 19992 189
639.996 108 19995 190
641 107 19996 190
642 106 19995 188
642.997 105 19995 189
643.999 104 19994 189
644.999 108 19997 192
645.998 107 19996 191
647 107 19991 192
647.996 109 19996 192
648.991 109 19997 191
649.999 108 19999 193
650.999 108 19998 194
651.99 108 19997 193
652.997 108 19997 193
653.991 108 19998 192
655 109 19994 191
655.995 110 19997 193
656.999 111 19994 194
658 110 19995 195
658.999 108 19997 193
659.995 108 19996 194
660.999 105 19998 191
662 104 19998 189
662.998 103 19996 186
663.999 102 19999 187
664.999 102 19997 187
665.998 103 19996 188
667 103 19996 189
668 99 19996 187
669 100 19996 188
670 99 19998 188
670.999 99 19995 185
671.999 98 19998 184
672.997 101 20000 185
673.999 100 19997 184
674.999 99 19997 183
676 98 19991 183
676.995 97 19995 186
678 97 19994 186
678.999 94 19998 183
679.999 94 19995 183
681 93 19994 184
681.997 93 19997 183
682.999 91 19994 183
684 93 19997 182
685 94 19997 184
686 93 19995 183
687 94 19997 183
688 94 19994 184
689 92 19991 185
689.998 92 19997 189
691 93 19999 191
691.999 94 19994 191
693 92 19996 189
693.999 92 19992 188
694.999 91 19999 186
695.996 91 19996 189
697 91 19996 188
697.999 92 19997 187
698.999 93 19996 186
699.994 93 20000 186
700.998 93 19995 187
701.999 91 19996 187
702.999 90 19992 188
703.998 91 19997 190
705 91 19997 190
706 89 19996 188
706.996 91 19997 188
708 94 19992 188
708.997 95 19994 188
709.999 95 19995 188
711 98 19995 188
712 95 19997 185
712.996 96 19993 186
713.999 100 19997 186
714.997 100 19989 188
716 102 19997 187
716.998 100 19996 185
717.999 100 19995 186
719 100 19995 184
719.996 100 19992 182
720.996 99 19997 183
721.999 98 19997 181
722.995 97 19997 184
723.996 97 19995 185
725 96 19998 186
725.992 98 19995 189
726.999 95 19995 187
727.999 97 19994 188
728.999 96 19993 187
729.996 97 19994 187
731 98 19994 188
731.999 100 19994 189
732.999 101 19999 188
733.999 100 19991 187
734.999 103 19998 186
735.996 104 19998 187
737 105 19997 187
737.995 108 20000 187
739 109 19995 187
739.997 108 19996 185
740.998 108 19995 185
741.992 108 19995 183
742.999 111 19998 183
743.998 111 19998 185
744.998 109 19994 187
745.999 109 19996 189
746.999 111 19996 191
747.999 109 19995 190
748.998 109 19996 190
750 108 19994 190
750.999 104 19996 186
752 103 19997 187
752.998 102 19997 185
753.995 102 19997 184
754.999 104 19996 184
755.996 103 19998 183
757 103 19992 184
758 105 19995 186
758.997 105 19995 187
760 104 19996 187
760.999 105 19997 189
762 106 19996 190
763 103 19997 187
763.995 103 19996 191
764.999 102 19991 191
765.997 102 19997 190
766.999 101 19994 191
767.999 103 19996 193
768.997 101 19995 192
770 101 19995 192
771 100 19996 189
771.999 99 19996 186
772.998 101 19997 187
773.991 101 19998 187
774.998 101 19999 186
776 101 19995 186
776.996 103 19995 186
777.999 104 19996 185
778.999 105 19995 184
779.997 104 19998 182
780.999 104 19994 185
781.999 103 19996 185
782.998 103 19996 184
783.998 101 19993 182
784.997 102 19991 180
785.998 98 19996 178
787 98 19998 178
787.996 96 19989 176
788.995 96 19998 176
789.999 96 19994 177
791 97 19994 177
791.998 98 19998 177
792.998 97 19992 176
794 96 19995 175
795 97 19999 176
795.999 96 19994 177
796.999 96 19994 176
797.999 95 19994 176
798.997 95 19996 177
799.999 94 19995 176
801 94 19996 176
801.998 93 19990 176
803 93 19997 180
804 93 19994 180
805 90 19996 179
805.996 89 19997 180
806.994 91 19992 180
807.998 91 19999 180
808.999 93 19993 183
810 93 19996 183
811 92 19993 185
812 91 19994 185
812.997 91 19998 185
813.999 92 19998 184
814.999 93 19993 185
816 94 19993 185
817 92 19997 185
817.999 93 19998 184
819 93 19997 183
819.999 91 19994 181
820.988 91 19996 182
821.998 88 19997 179
822.997 85 19998 177
823.999 85 19993 177
824.997 84 19992 178
826 83 19994 178
826.999 83 19995 177
828 83 19991 179
829 85 19992 179
829.999 84 19998 178
830.99 88 19998 178
832 88 19997 177
832.998 87 19997 177
833.999 87 19997 177
834.989 88 19992 179
836 86 19994 179
836.999 85 19994 178
837.991 85 19999 179
839 87 19994 180
839.999 89 19992 181
840.998 91 19995 181
841.999 91 19999 182
843 91 19995 183
843.994 92 19997 186
844.999 93 19995 187
845.998 94 19999 187
846.999 94 19994 187
847.995 95 19999 188
848.999 95 19995 188
849.999 98 19995 189
851 98 19994 191
852 96 19998 190
852.999 97 19994 189
853.999 99 19991 189
855 99 19998 190
856 98 19996 192
857 97 19999 190
858 97 19995 191
859 98 19999 192
859.999 97 19997 191
860.994 97 19998 191
861.993 98 19996 194
862.99 97 19997 192
863.998 99 19995 193
864.999 100 19997 193
865.999 102 19995 193
866.998 101 19999 193
868 102 19996 194
868.989 103 20000 195
870 106 19994 195
871 107 19992 195
871.994 108 19998 195
873 107 19997 194
873.999 107 19996 194
874.997 105 19999 191
876 104 19995 190
876.999 106 19999 190
877.999 106 19995 189
878.998 106 19995 188
879.996 104 19994 186
880.999 105 19996 186
881.998 105 19997 187
882.999 105 19995 187
883.997 105 19996 188
885 103 19993 187
886 105 19997 186
887 105 19992 185
887.999 106 19997 184
888.997 106 19998 184
889.99 106 19999 185
890.999 105 19996 184
892 104 19993 183
892.996 102 19997 183
893.994 104 19997 184
894.999 104 19998 185
895.999 102 19994 184
897 102 19991 185
897.998 102 19995 184
898.995 102 19997 184
899.999 103 19993 185
900.999 102 19996 184
901.999 103 19995 185
902.999 104 19996 186
903.999 104 19993 188
904.999 102 19994 186
905.999 104 19995 186
906.998 102 19995 185
907.999 103 19997 185
909 103 19996 185
909.999 102 19994 186
910.999 103 19993 187
912 103 19993 189
912.999 105 19994 190
913.999 104 19997 190
914.999 105 19998 190
915.998 105 19997 189
917 106 19996 189
917.996 106 19998 187
918.996 104 19997 186
919.999 103 19995 185
920.996 102 20000 185
921.999 101 19994 184
922.998 100 19997 184
923.999 102 19998 184
924.999 102 19996 186
925.999 100 19997 186
926.999 100 19999 186
928 102 19994 185
929 103 19997 185
929.999 103 19996 186
930.998 103 19994 185
932 104 19993 186
932.999 103 19990 185
933.998 104 19994 186
934.999 101 19998 185
935.999 102 19998 186
936.99 102 19997 187
938 103 19993 188
938.999 102 19997 189
939.999 100 19993 189
940.999 99 19992 188
941.999 99 19998 189
942.999 100 19993 190
944 101 19993 191
944.997 101 19995 193
945.996 102 19996 195
947 102 19995 196
947.998 101 19996 196
948.999 102 19996 196
950 102 19995 196
950.993 102 19997 197
952 99 19994 195
952.999 99 19997 196
953.998 101 19995 196
954.998 99 19997 195
955.997 99 19995 193
956.996 100 19996 195
958 100 19995 194
958.999 97 19995 192
960 96 19998 193
961 92 19996 190
961.998 93 19998 190
962.999 92 19994 189
963.994 91 19996 189
965 92 19994 189
965.999 92 19991 190
966.999 92 19994 191
967.999 93 19994 192
969 94 19994 193
969.997 95 19996 194
970.999 98 19999 194
972 98 19993 194
972.996 95 19997 191
973.995 95 19996 191
974.999 94 19994 192
975.996 99 19997 193
976.999 100 19994 193
977.998 98 19998 192
978.999 98 19996 192
979.997 94 19997 188
980.999 94 19995 192
981.999 95 19995 192
982.996 95 19997 192
984 95 19990 193
984.997 93 19996 192
986 94 19993 192
986.999 94 19994 194
987.997 95 19995 195
988.997 96 19993 196
989.999 98 19994 198
990.999 100 19995 199
992 101 19988 199
993 101 19993 201
994 100 19994 201
994.999 101 19997 203
995.998 100 19998 202
997 101 19998 204
998 100 19995 203
999 102 19998 203
999.999 102 19996 204
1000 102 19997 204
