0.99945 392 19995 392
1.99146 388 19997 388
2.99821 386 19997 386
3.99619 385 19995 385
4.99305 384 19998 384
5.99809 382 19997 382
6.99221 378 19997 379
7.99311 377 19997 378
8.99943 373 19996 374
9.99994 368 19995 371
11 364 19995 367
11.9997 360 19994 363
12.9978 357 19996 360
13.9997 349 19998 352
14.9941 345 19997 349
15.9967 342 19993 346
16.9979 334 19995 338
17.9986 329 19996 334
18.9976 328 19995 333
19.9996 325 19993 332
20.9992 321 19994 328
21.9999 317 19995 324
22.9968 313 19998 321
23.9998 313 19996 323
24.9985 308 19994 319
25.9986 302 19998 313
26.9968 301 19997 311
27.9999 299 19992 311
28.9992 294 19996 306
29.9966 290 19993 302
30.9985 284 19994 298
31.9984 285 19994 298
32.9966 282 19997 297
33.9991 278 19992 294
34.9972 277 19996 294
35.9979 276 19997 294
36.9995 269 19996 289
37.9978 264 19993 283
38.9968 257 19997 276
39.9965 253 19990 272
40.9972 249 19999 269
41.9999 248 19995 272
42.9984 248 19996 273
43.9983 243 19997 269
44.9984 243 19995 270
45.9999 240 19997 268
46.9985 237 19991 265
47.994 237 19994 265
48.9963 233 19995 262
49.9995 232 19990 261
50.9988 230 19995 259
51.9987 229 19997 258
52.997 224 19995 255
53.9945 219 19995 252
54.9976 217 19998 249
55.9996 215 19994 248
56.995 214 20000 249
57.9996 212 19994 248
58.9954 210 19994 246
59.9998 208 19995 244
60.9983 202 19997 238
61.9994 200 19997 235
62.9992 199 19995 234
63.9973 198 19998 233
64.9988 195 19996 230
65.9984 192 19998 227
66.9975 192 19997 228
67.9983 191 19994 227
68.9988 191 19994 228
69.9979 189 19996 229
71 188 19995 229
71.9999 187 19993 230
72.9995 185 19996 229
73.9993 185 19995 231
74.9981 183 19998 232
75.9968 181 19997 230
76.9998 181 19995 230
77.9993 181 19995 231
78.9944 181 19994 231
79.9999 181 19995 230
80.9997 179 19995 229
81.9987 179 19998 229
82.999 178 19994 229
83.9999 174 19995 226
84.9991 173 19994 224
85.9988 171 19994 222
86.9983 171 20000 222
87.9994 171 19996 222
88.9981 169 19999 221
89.9996 162 19999 216
90.9996 160 19995 215
91.9993 158 19994 214
92.9981 158 19996 212
94 159 19994 216
94.9998 160 19992 215
95.9989 158 19998 213
96.9988 156 19996 211
97.9987 155 19990 209
98.9946 153 19997 207
99.9988 151 19996 207
101 150 19996 207
101.995 149 19997 205
102.989 148 19999 206
103.999 148 19999 205
104.999 148 19993 208
105.999 146 19992 207
106.996 145 19993 207
108 145 19997 208
109 143 19998 207
110 143 19997 206
111 142 19997 206
112 139 19997 201
112.998 140 19996 203
113.994 136 19997 199
115 136 19996 198
115.999 137 19995 197
117 139 19996 197
117.998 139 19996 199
118.997 140 19995 200
120 141 19992 200
121 140 19998 200
121.999 139 19997 202
122.992 139 19996 201
123.998 139 19997 200
125 138 19996 200
125.999 139 19998 199
126.998 138 19998 197
128 136 19994 198
128.994 136 19998 199
130 134 19998 198
130.993 134 19998 197
131.998 135 19999 197
132.999 135 19996 197
133.994 135 19994 195
135 136 19997 197
135.999 135 19992 196
137 134 19994 197
137.999 133 19995 195
139 133 19997 195
140 134 19998 196
141 134 19997 197
141.999 133 19996 196
143 133 19995 196
144 131 19995 194
144.998 130 19998 193
145.997 132 19994 194
147 132 19998 193
147.997 132 19998 193
149 131 19993 191
149.996 131 19994 191
151 129 19997 189
151.998 130 19998 190
152.997 129 19997 189
153.994 128 20000 189
155 126 19996 187
155.999 128 19996 186
157 126 19996 183
157.997 123 19997 180
159 121 19993 178
159.999 120 19994 179
160.998 121 19992 180
161.992 121 19994 179
162.998 119 19992 177
163.999 117 19992 176
164.999 117 19997 177
165.998 115 19996 175
166.997 118 19996 176
167.998 119 19998 177
168.998 117 19994 175
169.999 117 19994 174
170.997 118 19998 173
171.997 118 19993 173
172.994 120 19996 175
174 120 19996 176
175 122 19996 175
175.998 118 19995 171
176.999 118 19999 174
178 115 19996 173
179 114 19994 172
180 111 19995 169
181 110 19994 168
181.999 113 19993 170
183 112 19990 168
184 111 19997 167
185 110 19997 165
186 110 19995 166
186.999 109 19999 166
188 109 19994 166
189 110 19994 169
190 107 19999 166
191 106 19993 167
191.998 106 19995 166
192.998 105 19998 165
194 104 19992 165
194.999 107 19994 166
196 107 19997 166
196.998 107 19995 167
198 103 19995 164
198.996 103 19994 165
199.999 102 19992 164
200.999 101 19992 168
201.999 101 20000 169
202.997 103 19996 169
204 103 19993 170
204.999 102 19994 169
205.999 101 19996 168
206.999 102 19998 170
207.999 101 19997 169
208.999 98 19997 168
209.998 99 19992 169
210.999 99 19997 171
211.999 97 19998 169
212.999 94 19997 165
213.999 94 19997 166
214.999 93 19995 166
216 91 19996 163
216.999 90 19994 163
218 89 19998 161
218.999 89 19993 163
219.995 88 19996 164
220.999 88 19999 163
222 90 19995 164
222.999 89 19996 163
223.999 85 19997 161
224.998 85 19999 161
225.999 85 19988 162
227 87 19995 162
227.997 86 19999 163
228.999 86 19995 163
229.998 88 19997 163
230.999 86 19999 162
231.999 87 19997 163
232.998 89 19996 164
234 90 19994 165
234.992 88 19997 163
235.999 90 19995 164
236.999 89 19997 161
237.998 89 19994 163
238.999 89 19991 164
240 90 19998 166
240.999 91 19999 166
241.997 91 19995 167
243 92 19999 168
243.998 92 19997 167
244.998 91 19994 166
246 90 19998 167
247 89 19997 166
247.997 91 19999 165
248.999 90 19999 164
250 89 19995 163
250.999 89 19995 164
252 89 19995 164
253 87 19993 163
253.999 87 19997 163
254.999 88 19998 163
255.999 90 19999 166
256.998 91 19998 168
257.997 91 19997 168
258.998 91 19999 171
259.999 91 19993 171
261 91 19994 172
261.999 88 19993 169
262.999 88 19996 170
263.999 90 19997 171
265 90 19996 172
265.996 91 19996 173
267 91 19992 171
267.997 90 19996 170
268.999 89 19993 170
270 88 19998 170
270.996 86 19992 168
271.997 86 19998 170
272.996 87 19997 170
273.99 87 19995 173
275 87 19996 173
275.999 87 19995 172
276.999 87 19996 175
277.997 87 19999 177
279 88 19997 177
279.996 87 19997 177
280.997 84 19996 176
281.997 86 19992 176
283 86 19995 177
283.998 86 19997 177
285 88 19993 179
286 88 19997 181
286.998 88 19998 180
287.999 87 19995 180
288.998 87 19996 179
289.996 85 19995 178
290.999 83 19997 177
292 82 19998 175
293 80 19997 173
294 80 19993 174
294.997 80 19998 178
295.998 81 19998 177
297 83 19997 177
297.999 84 19991 179
298.988 83 20000 178
300 81 19992 178
301 81 19993 179
302 83 19996 180
302.995 83 19995 182
303.999 84 19995 182
304.999 85 19995 182
305.999 86 19997 182
306.999 84 19998 181
307.999 84 19994 182
308.998 87 19998 182
309.998 86 19996 183
311 86 19994 187
311.996 87 19997 187
313 85 19999 185
314 84 19995 184
314.999 85 19993 186
316 85 19997 188
317 82 19998 183
317.991 84 19994 185
319 83 19995 183
319.994 81 19993 184
321 83 19996 184
321.996 83 19995 184
323 84 19994 182
323.999 86 19995 182
324.997 86 19997 182
326 85 19997 181
326.999 87 19994 182
327.996 86 20000 181
328.999 87 19997 181
329.996 87 19996 180
330.999 89 19994 181
331.999 88 19996 181
332.998 89 19998 181
333.999 90 19997 181
334.995 93 19994 182
335.997 94 19995 183
336.995 94 19999 184
338 92 19995 182
338.999 92 19995 181
339.998 94 19991 183
340.997 93 19998 181
341.999 93 19998 183
342.997 91 19995 181
344 92 19997 182
344.999 91 19999 181
346 93 19992 181
347 94 19996 180
347.997 93 19997 180
348.999 91 19998 178
349.998 92 19998 179
351 94 19993 179
351.999 93 19993 177
352.997 94 19998 180
353.999 93 19993 180
354.994 92 19998 180
355.997 92 19998 181
356.999 95 19996 182
357.995 95 19998 183
358.993 95 19999 184
360 94 19996 182
361 96 19994 184
361.999 97 19994 184
362.999 96 19992 183
363.999 99 19996 183
365 99 20000 183
365.999 101 19995 184
366.998 99 19992 182
367.998 99 19992 182
368.998 100 19997 183
369.999 103 19998 184
370.999 103 19998 184
371.999 101 19994 182
373 101 19997 181
374 100 19993 180
374.997 102 19996 180
375.998 102 19992 182
377 100 19996 181
378 99 19998 180
378.999 96 19998 178
379.999 94 19999 177
380.998 94 19994 177
381.999 95 19995 177
382.999 95 19995 180
383.995 94 19995 181
384.998 92 19995 179
385.999 93 19998 179
386.995 94 19996 179
387.999 92 19995 176
388.993 90 19998 175
389.998 91 19991 175
391 92 19994 177
392 96 19993 178
393 96 19997 178
393.996 98 19998 178
394.999 95 19995 176
396 95 19992 179
397 96 19995 179
398 96 19991 179
398.994 95 19996 179
399.998 95 19997 180
400.999 95 19992 179
402 97 19988 180
403 99 19994 180
403.999 97 19996 179
405 96 19996 177
405.999 97 19997 178
406.999 96 19997 177
407.995 96 19996 177
409 96 19996 178
409.999 97 19997 177
410.998 97 19995 178
411.999 97 19994 178
413 96 19995 178
414 95 19998 179
414.998 95 19994 179
416 96 19997 177
416.99 94 19997 175
418 94 19994 174
418.998 96 19995 177
420 96 19996 178
421 94 19997 177
421.996 94 19995 177
422.999 93 19998 176
424 93 19997 177
425 92 19995 176
425.998 92 19996 177
426.998 92 19998 176
427.999 94 19997 176
428.991 93 20000 175
429.997 93 19995 175
430.998 92 19993 175
432 92 19995 177
432.998 93 19998 179
433.997 93 19997 178
434.999 94 19998 179
436 95 19992 180
436.995 95 19994 178
437.998 93 19994 179
438.999 93 19992 179
440 93 19993 183
441 90 19995 182
441.998 90 19994 182
442.997 89 19996 179
443.999 91 19996 180
444.999 91 19997 180
445.999 91 19996 180
446.999 92 19997 181
448 92 19995 181
448.998 91 19995 181
449.999 92 19998 182
450.999 92 19998 183
452 92 19994 183
452.999 91 19997 183
454 92 19993 183
455 92 19999 183
455.998 94 20000 184
457 94 19995 183
457.999 93 19996 181
458.999 91 19996 179
459.995 92 19995 179
460.999 91 19992 178
462 90 19993 177
462.988 90 19996 178
463.998 90 19996 178
464.999 88 19994 176
465.999 89 19998 176
467 86 19996 173
467.999 85 19999 172
468.999 87 19995 174
469.997 86 19997 173
471 86 19993 172
471.999 85 19992 171
472.998 84 19997 170
473.995 85 19996 170
474.999 87 19996 171
475.999 86 19996 170
476.999 88 19992 168
477.993 88 19998 168
479 88 19997 168
480 88 19996 168
480.997 89 19999 170
481.996 87 19996 170
482.999 87 19997 171
483.999 87 19997 170
484.999 86 19993 171
485.999 87 19993 171
486.999 85 19993 169
488 84 19996 169
488.999 84 19995 170
489.996 84 19993 169
490.997 85 19997 169
491.999 85 19997 170
492.999 86 19992 170
493.999 86 19995 173
494.998 87 19997 172
495.998 86 19995 172
496.999 84 19995 172
497.999 86 19997 174
498.998 87 19990 174
500 87 19996 174
501 87 19997 176
502 86 19991 177
503 87 19992 178
503.999 89 19996 178
504.997 87 19996 174
505.999 85 19996 174
507 85 19995 173
507.998 86 19996 174
509 87 19996 173
509.996 88 19997 175
510.999 87 19995 175
511.999 86 20000 175
513 86 19993 177
513.998 85 19990 177
514.999 87 19996 177
515.999 88 19996 177
516.997 92 19994 178
517.999 91 19996 178
518.999 93 19995 180
520 94 19995 180
520.998 95 19998 180
521.998 93 19998 179
522.999 95 19995 178
524 96 19997 179
524.998 96 19997 178
526 94 20000 176
526.997 94 19997 176
527.997 94 19999 176
528.998 92 19995 175
529.995 91 19995 176
531 91 19996 175
531.999 90 19994 170
533 89 19997 172
534 87 19997 170
534.996 86 19998 168
535.998 85 19993 167
536.999 86 19997 168
538 83 19996 165
538.999 82 19995 164
539.994 81 19994 164
540.999 82 19997 165
542 80 19997 164
542.998 81 19996 166
544 80 19994 166
544.999 84 19993 164
546 83 19994 164
546.995 83 19996 164
548 84 19994 165
548.999 84 19995 165
549.998 83 19995 166
550.995 84 19997 165
551.993 82 19996 162
552.996 83 19997 164
553.999 83 19997 166
555 82 19995 165
556 82 19995 166
556.999 82 19996 167
557.994 82 19996 168
558.999 81 19994 167
559.996 81 19998 167
560.996 83 19997 168
562 82 19994 167
563 83 19994 167
563.998 83 19993 167
564.999 83 19996 165
566 83 19994 164
566.999 83 19994 164
567.997 84 19996 164
568.999 84 19994 165
570 84 19997 165
570.998 84 19999 165
572 84 19997 166
572.999 82 19996 165
573.999 81 19995 165
574.998 81 19995 166
576 81 19993 166
576.996 82 19995 169
577.999 82 19998 169
579 81 19994 169
580 82 19991 169
581 82 19993 169
581.999 83 19997 169
583 81 19995 167
584 83 19998 167
585 84 19997 168
585.998 84 19993 167
587 84 19997 168
588 85 19996 169
588.994 85 19995 171
589.996 84 19999 171
590.997 84 19996 171
591.999 84 19997 173
593 83 19996 175
593.999 83 19993 175
594.998 84 19995 176
596 84 19997 176
597 83 19995 175
597.999 81 19995 173
598.997 80 19997 173
599.998 81 19995 174
601 82 19994 174
601.999 82 19998 175
602.997 80 19994 176
603.999 80 19993 177
605 81 19994 176
605.997 81 19994 177
606.999 81 19994 176
607.997 80 19994 177
608.999 80 19994 176
609.998 80 20000 176
611 80 19997 181
611.993 80 19998 181
613 79 19996 180
613.999 80 19999 181
615 81 19997 182
615.993 81 19999 181
616.999 80 19993 179
618 84 19996 179
618.999 83 19995 177
619.999 83 19997 178
620.995 84 19996 177
622 82 19995 175
622.997 82 19998 175
623.996 82 19996 175
624.998 81 19994 174
625.997 80 19994 173
626.999 79 19996 175
627.998 78 19997 174
629 77 19994 176
629.994 80 19996 177
630.999 79 19995 178
631.999 80 19994 178
632.998 81 19993 178
634 82 19993 180
634.998 82 19996 179
635.995 84 19997 180
636.999 83 19997 180
637.998 83 19996 180
638.999 84 19996 180
639.997 84 19997 180
640.995 85 19994 182
641.999 86 19996 181
643 86 19993 182
643.993 82 19997 180
644.997 84 19996 180
646 86 19992 182
647 85 19994 184
647.999 86 19997 184
648.997 86 19993 186
650 89 19997 187
651 88 19994 187
651.996 87 19995 187
652.998 86 19995 189
654 86 19998 190
654.998 87 19998 190
655.998 87 19994 190
656.998 85 19998 189
658 83 19995 188
658.998 84 19997 187
660 85 19992 188
660.995 86 19998 190
662 87 19993 193
662.998 87 19994 193
664 87 19995 194
664.999 90 19991 195
665.999 88 19994 194
667 87 19997 190
667.998 85 19998 188
669 88 19995 188
669.994 88 19998 186
670.999 86 19996 186
671.999 86 19998 186
673 86 19996 186
673.999 84 19995 184
674.999 86 19997 184
675.999 86 19993 184
676.999 84 19994 182
678 83 19996 181
678.999 83 19996 183
679.998 83 19997 184
680.998 82 19997 184
681.999 83 19996 184
682.998 81 19994 184
683.997 79 19996 182
684.999 81 19996 184
685.997 82 19994 185
686.998 81 19995 185
687.998 82 19997 188
688.996 80 19995 185
690 82 19999 186
690.999 82 19996 187
691.999 83 19996 188
693 80 19994 187
694 81 19996 188
694.995 82 19993 187
696 82 19993 190
696.998 82 19993 192
697.999 82 19998 192
698.998 84 19993 192
699.998 82 19999 189
700.999 82 19995 190
702 81 19995 190
703 81 19993 189
703.997 80 19995 187
705 80 19996 188
705.997 80 19996 189
706.997 81 19998 190
707.998 81 19996 189
708.996 82 19997 189
709.997 81 19999 188
710.999 82 19996 188
711.999 85 19996 189
713 87 19994 190
714 87 19997 190
714.997 86 19997 190
715.999 89 19991 190
717 86 19995 187
717.999 87 19997 190
718.998 84 19997 184
719.996 84 19995 185
720.997 86 19997 185
721.994 85 19999 184
722.999 85 19995 184
724 86 19993 185
724.999 87 19996 184
725.994 87 19997 182
726.999 87 19997 181
727.999 87 19995 185
728.998 86 19994 185
729.999 87 19995 188
730.998 88 19996 189
731.999 88 19995 188
732.996 87 19998 191
734 86 19998 191
734.997 86 19997 192
736 87 19991 192
737 84 19996 189
737.997 83 19998 188
738.998 85 19998 188
739.999 85 19996 188
740.996 83 19994 188
741.998 84 19994 186
742.994 84 19998 188
743.998 84 19997 188
745 85 19994 188
745.999 84 19997 187
746.997 83 19995 186
748 84 19998 187
748.998 83 19992 188
749.999 85 19994 187
751 85 19993 188
751.998 86 19998 191
752.998 87 19998 192
753.998 87 19996 193
754.999 92 19993 194
755.999 93 19992 194
756.998 95 19998 195
757.999 94 19991 196
758.995 91 19998 195
759.998 91 19997 195
760.997 89 19995 194
762 90 19994 194
762.999 90 19997 194
764 89 19997 193
764.996 91 19996 194
765.994 93 19995 194
766.999 93 19998 194
768 94 19992 195
768.998 96 19994 196
770 95 19992 198
771 92 19990 195
772 93 19994 193
772.998 95 19997 194
773.99 96 19996 194
774.997 95 19992 196
775.997 96 19994 196
776.998 97 19993 198
777.995 97 19997 199
778.998 96 19994 199
779.997 94 19997 197
780.997 93 19995 197
781.999 92 19991 195
783 93 19995 195
783.999 94 19996 195
784.998 96 19995 195
786 96 19996 197
786.999 96 19993 197
787.999 94 19996 194
788.994 93 19996 194
789.999 94 19996 196
791 93 19994 195
792 93 19989 196
793 91 19994 193
793.995 89 19996 193
794.993 91 19996 194
795.999 94 19989 195
796.998 94 19991 198
797.996 97 19996 200
798.999 97 19997 202
799.997 96 19992 203
801 96 19995 204
802 96 19995 204
802.996 97 19997 205
803.997 96 19997 204
804.999 96 19998 205
805.998 97 19995 206
806.997 98 19998 206
807.999 98 19998 206
809 98 19995 206
810 101 19997 206
810.999 101 19997 206
811.998 99 19993 205
813 98 19996 205
813.999 100 19996 204
814.998 101 19999 204
815.999 102 19997 205
817 103 19994 205
817.997 104 19998 206
818.999 105 19995 206
819.998 103 19995 204
820.999 102 19996 202
821.999 102 19998 202
823 98 19995 198
823.999 95 19991 195
825 97 19994 197
825.999 96 19995 197
826.996 95 19997 195
827.998 96 19992 198
828.999 95 19996 197
829.995 96 19995 197
831 99 19996 198
831.997 99 19995 198
832.999 99 19997 197
833.997 99 19995 198
835 100 19991 201
836 99 19994 203
836.998 98 19994 202
837.998 96 19996 200
838.992 96 19992 199
839.999 97 19995 200
840.999 98 19995 199
841.998 97 19996 201
842.999 96 19994 200
844 97 19999 202
844.999 99 19990 203
845.988 100 19997 205
846.994 101 19997 206
848 102 19994 207
848.998 103 19991 207
849.993 101 19998 204
851 103 19997 205
851.995 103 19997 205
852.999 103 19995 205
854 101 19992 203
854.999 103 19996 204
856 103 19993 204
857 105 19994 203
857.998 106 19997 204
859 105 19993 203
859.998 107 19999 202
860.999 107 19996 203
861.999 106 19997 203
862.999 107 19997 204
863.996 105 19994 203
865 105 19997 203
865.999 106 19998 203
866.998 106 19992 203
867.999 103 19993 200
868.998 101 19998 198
870 102 19994 200
870.995 103 19998 201
872 106 19991 200
872.993 106 19995 202
874 106 19994 206
874.996 106 19998 205
875.993 106 19997 206
876.998 106 19999 207
878 105 19998 205
879 106 19992 205
880 106 19995 205
880.999 106 19999 205
882 106 19997 202
883 107 19995 204
883.999 105 19991 203
885 106 19996 204
886 107 19994 205
886.998 106 19995 204
887.997 107 19996 204
888.997 104 19997 204
890 104 19999 203
890.997 105 19994 204
891.999 107 19995 204
892.998 105 19999 203
893.998 105 19997 203
894.993 105 19996 205
895.999 106 19998 208
897 109 19996 211
898 110 19997 214
898.994 111 19999 216
899.996 111 19997 216
901 110 19996 214
901.999 109 19998 211
902.99 108 19997 211
903.999 109 19996 210
905 106 19997 209
905.999 107 19994 209
907 104 19998 208
908 106 19997 209
909 105 19997 208
910 106 19994 209
910.998 106 19996 211
911.999 106 19996 212
913 104 19995 210
913.999 106 19994 212
915 104 19997 211
916 104 19996 211
916.998 105 19995 211
917.999 104 19994 209
919 104 19993 210
919.999 100 19996 209
920.996 103 19997 209
921.998 104 19999 209
922.999 105 19992 209
923.996 106 19989 210
924.999 105 19993 210
926 106 19998 211
926.999 107 19996 212
927.998 106 19997 212
928.999 106 19997 213
929.998 106 19992 214
931 105 19994 218
932 107 19991 219
932.998 107 19995 219
933.999 109 19998 219
935 108 19995 218
935.999 108 19994 217
937 110 19993 217
938 112 19998 217
938.995 114 19998 216
939.996 113 19995 214
940.996 117 20000 214
941.998 117 19995 213
942.999 116 19994 214
943.995 115 20000 213
945 114 19994 212
945.997 114 19998 213
947 115 19995 214
948 115 19993 215
949 116 19993 217
949.999 115 20000 215
950.994 116 19998 216
952 115 19995 215
953 113 19998 213
953.996 116 19996 213
955 116 19996 213
955.998 116 19995 212
956.999 115 19996 211
957.998 115 19996 212
959 114 19996 211
959.999 113 19998 210
960.999 113 19994 211
962 112 19996 210
962.993 111 19999 208
964 110 19997 208
964.998 112 19993 209
965.998 112 19998 210
966.999 112 19996 211
967.999 113 19996 212
969 113 19997 213
969.999 113 19995 215
970.999 114 19997 217
972 112 19999 218
972.999 111 19996 217
974 111 19995 217
974.99 108 19999 216
976 107 19994 216
976.999 109 19994 217
977.997 109 19996 219
979 109 19998 219
979.999 110 19994 220
980.995 110 19995 220
981.997 111 19997 221
982.999 112 19990 220
983.999 111 19996 219
984.998 111 19992 219
985.999 110 19991 217
986.991 114 19995 217
987.993 112 19998 216
988.999 112 19999 216
990 110 19993 214
990.999 112 19997 213
992 110 19994 212
993 109 19996 214
994 109 19997 218
994.996 110 19997 216
995.999 111 19998 216
996.999 109 19996 214
997.995 110 19998 215
998.997 110 19998 214
999.999 110 19990 215
1000 110 19989 215
