0.997693 395 19994 395
1.99899 386 19995 386
2.99979 382 19996 382
3.99996 379 19996 379
4.99173 377 19994 377
5.99861 374 19997 374
6.99903 373 19993 373
7.99787 371 19993 371
8.99968 365 19997 365
9.99999 362 19997 362
10.9996 357 19995 357
11.9999 351 19993 351
12.9996 346 19996 346
13.9979 343 19994 343
14.9913 341 20000 341
15.9891 338 19997 338
16.9968 338 19998 338
17.9974 331 19996 332
18.9949 329 19994 331
19.9987 329 19994 331
20.9971 328 19998 332
21.9997 327 19998 333
22.9983 325 19997 332
24 323 19997 331
24.9991 321 19996 329
25.9996 317 19996 326
26.9938 315 19998 326
27.9991 314 19996 325
28.9946 311 20000 322
29.9994 310 19994 321
30.9998 305 19997 315
31.9983 301 19997 313
32.9954 298 19996 312
33.9989 297 19996 312
34.9968 293 19996 309
35.9998 291 19996 307
36.9993 291 19994 308
37.9995 290 19993 307
38.9982 286 19993 303
39.9996 283 19996 300
40.9997 280 19996 297
41.9988 280 19995 298
42.995 275 19993 296
43.9997 274 19992 295
44.9997 273 19994 297
45.9977 270 19995 295
46.9993 267 19998 292
48 266 19996 291
48.9995 262 19995 287
49.9998 261 19999 286
50.9998 258 19997 283
51.9997 258 19997 283
52.9986 253 19996 278
53.9979 251 19996 278
54.9899 247 19996 274
55.9994 244 19997 271
56.9999 241 19998 268
57.9969 238 19992 265
58.9988 238 19996 265
59.9972 235 19996 263
60.9976 232 19998 260
61.9923 229 19997 257
62.9993 224 19998 253
63.9999 222 19996 252
64.9937 221 19997 251
65.9966 222 19997 251
66.9955 217 19994 246
67.9953 212 19996 241
68.9998 211 19995 240
69.9975 211 19995 240
70.9983 212 19998 240
71.998 213 19997 241
72.9969 211 19995 239
73.9947 208 19997 238
74.9985 207 19997 238
75.9988 203 19996 235
76.999 202 19988 236
77.9998 202 19995 240
78.9951 201 19998 240
79.9985 198 19996 241
80.9986 198 19996 241
82 198 19995 240
82.9973 198 19997 239
83.9959 198 19996 239
84.9991 198 19997 238
85.9993 198 19993 239
86.9962 196 19995 238
87.9968 196 19996 239
88.9988 196 19994 238
89.9996 192 19990 237
90.9981 190 19995 236
91.9995 187 19996 233
92.9993 187 19998 234
93.9998 186 19998 233
94.9991 184 19997 232
95.9966 183 19996 232
96.9999 183 19997 232
97.9991 184 19994 232
98.9964 183 19996 233
99.9999 181 19992 231
100.998 183 19994 230
101.999 180 19999 227
102.999 177 19993 225
103.997 176 19998 223
104.997 177 19994 224
105.999 174 19994 221
106.997 173 19997 221
108 172 19997 221
109 170 19998 218
109.998 172 19997 218
110.999 172 19995 219
111.999 171 19998 220
113 170 19996 221
113.999 164 19992 216
114.998 164 19997 215
115.995 161 20000 213
117 159 19996 213
118 159 19994 213
119 156 19995 211
120 155 19998 211
120.989 154 19998 209
121.999 153 19993 208
123 155 19998 210
124 155 19992 210
124.999 154 19997 209
125.996 155 19999 213
127 153 19997 212
127.998 152 19996 215
128.998 154 19997 216
129.997 153 19998 217
130.999 152 19995 218
131.996 153 19997 219
133 153 19996 218
133.995 152 19998 218
134.997 152 19994 219
136 148 19999 216
137 149 19993 216
138 148 19997 216
138.999 147 19996 215
139.999 147 19992 215
140.998 146 19996 214
141.999 145 19993 213
142.998 145 19994 211
143.997 142 19997 206
144.999 141 19992 207
145.992 140 19998 206
146.998 139 19997 206
147.996 139 19999 208
148.999 139 19999 208
149.997 141 19995 207
150.999 139 19999 205
151.997 138 19996 205
152.998 138 19993 203
153.998 134 19993 201
154.999 134 19995 202
155.998 134 19992 201
156.999 132 19998 198
157.998 132 19993 200
159 131 19999 199
159.998 128 19997 196
161 125 19995 193
161.996 126 19996 194
162.998 126 19994 194
164 125 19995 192
164.991 125 19995 190
165.995 123 19996 188
167 123 19994 189
168 123 19992 188
168.998 123 19997 187
169.993 122 19998 186
170.999 122 19997 187
171.999 121 20000 186
172.999 120 19997 184
173.998 120 19996 183
174.997 120 19998 182
176 121 19994 183
176.998 121 19997 184
177.996 121 19996 185
178.995 123 19994 187
179.996 123 19996 188
180.993 122 19992 190
181.998 122 19997 189
182.996 120 19995 188
184 119 19995 188
185 119 19997 188
185.998 118 19992 186
187 117 19991 187
188 117 19989 189
189 117 19992 190
189.999 115 19995 189
190.999 117 19996 188
191.999 115 19995 186
193 116 19995 186
193.996 116 19998 185
195 116 19997 186
195.998 116 19994 185
196.998 116 19995 184
198 117 19993 185
198.998 116 19997 185
200 115 19999 184
200.998 113 19996 181
201.997 115 19994 183
202.996 115 19996 186
203.998 116 19995 187
204.997 115 19996 187
205.984 116 19999 189
206.998 116 19995 190
207.999 114 19998 187
208.997 115 19995 187
209.998 114 19997 186
210.998 113 19992 185
212 114 19993 185
212.999 115 19995 186
214 115 19997 188
214.999 115 19994 189
216 114 19999 189
216.999 113 19998 191
217.997 113 19995 191
218.998 113 19997 191
220 110 20000 189
220.999 110 19999 187
221.998 112 19996 187
223 113 19996 185
223.999 113 19998 183
224.998 112 19994 182
225.999 113 19996 184
227 113 19995 184
227.998 113 19993 184
229 112 19996 183
229.994 111 19997 182
230.999 111 19994 183
231.989 111 20000 182
232.999 111 19992 182
233.999 111 19997 186
234.999 112 19991 186
235.998 110 19998 184
236.998 109 19995 185
237.999 111 19992 186
238.998 112 19997 187
239.999 111 19993 186
240.998 111 19999 186
241.999 112 19994 186
242.999 112 19997 186
243.998 111 19996 184
245 111 19999 185
245.999 112 19993 187
246.993 111 19997 189
247.999 113 19994 188
248.997 114 19998 189
250 114 19995 187
251 114 19997 187
251.998 114 19993 188
252.999 115 19993 185
253.998 114 19996 184
254.998 116 19996 185
256 116 19996 186
256.999 117 19996 186
257.997 117 19995 186
258.999 117 19993 186
260 117 19995 186
260.999 118 19994 187
261.999 118 19995 188
262.998 117 20000 186
263.997 118 19998 187
264.996 119 19997 187
265.999 120 19999 186
267 120 19995 188
268 118 19995 187
268.999 118 19998 188
270 118 19996 187
270.999 118 19992 189
271.995 116 19997 188
273 115 19996 187
274 116 19993 189
275 114 19994 190
276 114 19995 190
276.996 115 19994 190
277.999 115 19997 190
279 114 19993 189
279.997 114 19997 190
281 113 19996 188
282 113 19993 187
282.997 111 19997 187
283.989 109 19996 185
284.997 108 19995 186
285.994 110 19998 187
287 110 19996 188
287.998 110 19996 190
288.998 111 19996 190
289.993 111 19992 191
291 112 19994 193
291.999 109 19997 191
293 108 19997 191
293.999 110 19997 192
294.997 110 19996 192
295.992 107 19998 189
296.999 104 19994 187
297.999 102 19994 186
298.998 102 19997 186
299.991 101 19994 185
301 103 19993 187
301.999 103 19994 188
302.992 104 19996 189
303.999 103 19996 188
305 103 19995 188
305.999 104 19994 189
307 102 19997 188
308 106 19995 189
308.998 107 19996 190
309.998 106 19999 189
310.999 103 19996 188
312 102 19996 188
312.996 103 19995 187
313.999 102 19998 187
315 104 19995 188
315.999 101 19996 186
316.999 100 19994 185
318 100 19996 185
318.998 100 19993 185
320 102 19997 188
321 102 19994 188
321.997 102 19997 187
322.996 101 19998 188
323.994 102 19996 188
325 102 19996 188
326 101 19997 187
326.999 103 19994 186
327.999 105 19993 185
328.995 105 19997 183
330 104 19995 182
331 105 19995 183
332 106 19996 185
332.998 106 19996 185
333.999 106 19987 182
335 105 19995 182
335.998 100 19996 178
337 102 19996 178
337.997 102 19999 178
338.998 103 19998 179
340 102 19997 178
340.998 99 19992 174
341.999 96 19996 170
342.999 96 19997 170
343.999 95 19997 169
344.999 94 19995 169
345.999 93 19994 169
346.999 91 19996 170
347.999 91 19995 170
348.998 92 19996 170
350 94 19996 169
350.998 93 19992 168
352 91 19995 167
353 91 19995 169
353.995 91 19998 169
354.999 90 19993 169
355.998 90 19994 170
356.999 89 19993 170
358 87 19995 169
358.999 88 19996 168
359.997 88 20000 170
361 88 19994 170
361.999 89 19997 169
362.991 88 19997 169
363.999 87 19995 170
365 88 19996 169
365.997 86 19997 168
366.995 86 19996 167
368 84 19996 166
369 86 19996 167
369.999 86 19998 167
370.999 85 19999 166
371.999 86 20000 166
373 87 19994 167
373.999 87 19992 166
374.998 87 19995 167
375.999 86 19995 167
377 87 19993 169
377.999 87 19997 170
378.996 85 19997 170
379.999 84 19996 170
380.996 87 19995 171
381.997 86 19996 169
382.999 87 19998 169
383.996 87 19995 170
384.997 88 19993 170
386 89 19998 170
386.987 89 20000 171
387.999 89 19997 173
389 88 19996 171
389.996 87 19997 171
390.996 87 19998 172
391.997 85 19998 168
392.997 87 19994 169
393.997 87 19997 168
395 86 19997 167
395.998 87 19998 168
396.997 86 19995 169
398 87 19993 167
398.999 87 19995 166
399.999 87 19997 167
401 87 19999 167
402 88 19998 167
403 89 19998 168
404 91 19998 169
404.998 92 19997 169
405.993 90 19997 169
407 89 19996 171
407.999 89 19992 172
408.999 89 19998 174
409.998 89 19997 174
410.997 88 19997 173
412 87 19994 172
413 89 19993 174
414 89 19996 176
414.999 87 19994 174
416 88 19997 170
416.999 87 19991 171
418 85 19997 169
419 85 19996 169
419.999 85 19996 169
421 83 19997 168
422 85 19991 167
422.999 83 19995 167
423.996 84 19996 168
424.999 85 19996 168
425.997 84 20000 167
426.999 86 19995 166
427.997 87 19999 166
429 88 19993 168
429.999 89 19999 169
430.999 89 19992 170
431.998 88 19993 168
432.999 87 19995 168
433.996 84 19999 165
434.999 83 19993 164
435.999 83 19995 167
436.999 81 19996 164
437.993 81 19998 163
439 82 19994 163
440 80 19996 162
440.999 80 19994 164
442 80 19995 165
443 82 19995 165
444 82 19994 168
444.999 83 19997 167
445.999 82 19993 166
446.997 82 19996 165
447.997 82 19996 166
449 82 19994 165
450 79 19995 162
450.995 82 19999 163
451.999 81 19995 163
453 81 19994 164
453.999 82 19998 166
455 83 19994 165
455.999 82 19994 164
457 82 19995 164
458 82 19998 163
458.999 81 19996 164
460 82 19991 164
460.999 83 19997 162
461.996 82 19996 163
462.998 83 19997 162
464 83 19995 163
464.998 80 19997 161
465.998 80 19994 162
466.999 80 19996 163
467.997 82 19997 165
468.999 83 19997 167
470 83 19989 167
470.999 84 19995 170
472 84 19997 172
473 85 19997 172
473.998 85 19996 172
475 86 19991 173
475.999 85 19994 172
476.998 84 19998 174
477.999 85 19996 173
478.999 87 19992 171
479.997 86 19993 172
480.998 87 19997 171
481.999 88 19995 172
482.99 89 19999 172
483.999 88 19995 170
484.998 89 19997 173
486 87 19996 173
486.999 87 19996 175
488 88 19992 175
488.999 90 19995 175
489.997 89 19995 178
491 89 19996 178
492 88 19993 176
492.999 87 19998 175
494 87 19993 176
494.999 87 19993 176
495.999 87 19995 176
496.997 86 19997 176
497.998 87 19998 176
498.998 86 19994 175
500 86 19994 176
500.999 87 19998 176
501.999 86 19996 177
503 87 19992 178
503.998 87 19998 179
504.999 88 19998 180
505.997 88 19996 179
507 87 19997 176
508 89 19995 177
508.999 87 19993 175
509.999 85 19996 173
510.999 86 19995 171
512 84 19992 169
513 85 19994 169
513.996 86 19996 171
514.999 89 19992 173
515.998 89 19998 175
516.998 90 19999 175
518 90 19997 173
518.997 90 19999 173
519.997 92 19993 173
520.999 92 19993 176
522 92 19996 179
522.999 90 19996 178
524 90 19995 178
524.999 91 19996 178
525.999 90 19996 178
527 87 19997 176
527.997 85 19997 174
528.996 84 19993 176
529.998 85 19994 176
531 84 19995 175
532 86 19994 175
532.998 85 19994 175
533.999 82 19994 174
535 80 19992 171
535.995 79 19989 170
536.999 80 19997 171
537.996 80 19996 171
539 79 19996 172
539.996 79 19997 171
540.999 78 19995 170
541.997 76 19994 170
543 74 19997 170
543.999 75 19994 169
544.999 74 19995 169
545.998 74 19995 169
546.998 73 19993 169
547.996 70 19993 167
548.998 68 19998 165
550 69 19991 168
551 69 19996 168
551.999 69 19997 170
552.999 69 19994 171
553.999 69 19995 171
554.998 70 19994 172
555.999 71 19997 175
557 70 19995 174
557.998 67 19992 174
558.998 69 19992 174
559.996 66 19994 171
560.999 67 19996 169
561.996 65 19997 167
562.995 68 19994 167
563.999 65 19996 165
564.998 65 19998 164
566 65 19996 165
566.998 68 19998 165
567.998 70 19994 164
568.998 70 19996 164
569.999 70 19995 163
570.997 70 19998 163
571.999 72 19994 163
572.999 71 19997 164
573.999 72 19997 165
575 73 19990 167
576 74 19994 167
576.999 74 19999 169
577.998 73 19997 169
578.998 73 19994 169
579.995 72 19995 170
580.998 72 19995 171
582 74 19996 171
582.999 74 19995 171
583.999 74 19996 173
585 73 19993 172
585.998 76 19992 172
587 78 19998 173
588 81 19995 172
588.998 83 19999 172
590 84 19993 173
590.997 87 19995 173
591.999 87 19999 174
592.998 87 19997 172
593.995 88 19996 172
594.998 90 19996 172
595.998 88 19995 172
597 89 19994 174
597.996 91 19996 175
598.996 91 19995 174
599.999 90 19995 176
600.998 91 19998 177
602 89 19998 178
602.999 90 19992 180
604 90 19992 179
605 89 19997 180
606 87 19996 179
607 87 19998 181
608 87 19996 181
609 90 19996 182
609.999 89 19992 182
611 91 19998 182
612 89 19996 180
612.995 90 19997 182
614 90 19997 184
614.998 91 19997 182
615.999 91 19997 181
617 92 19996 183
617.999 90 19996 183
618.999 92 19996 184
619.995 92 20000 184
620.999 93 19996 183
621.991 93 19998 183
622.999 95 19999 185
623.999 96 19996 185
624.997 95 19994 182
625.993 96 19995 183
626.999 96 19999 182
627.998 94 19994 180
629 95 19993 180
629.998 93 19998 179
630.998 95 19992 180
631.999 95 19995 180
632.997 95 19997 180
633.996 94 19995 182
634.999 94 19997 183
635.996 95 19996 184
636.998 95 19996 184
637.999 95 19997 184
639 95 19994 185
640 96 19995 184
641 96 19997 184
641.999 95 19997 183
642.993 94 19994 183
643.999 94 19999 182
645 94 19994 183
645.996 96 19996 186
647 98 19995 186
647.998 98 19998 185
648.998 98 19996 184
649.999 97 19991 183
651 97 19997 182
652 98 19992 184
652.998 96 19994 183
653.997 93 19997 180
654.999 95 19995 181
655.998 92 19997 178
656.999 94 19995 180
657.999 92 19995 179
658.994 88 19999 176
659.999 87 19992 177
661 87 19993 178
661.999 88 19996 178
662.997 87 19997 177
663.999 85 19997 175
664.999 86 19998 177
665.999 86 19996 179
666.999 87 19994 179
667.997 88 19995 179
668.995 87 19998 179
669.995 87 19999 179
671 87 19997 180
671.999 88 19992 177
672.999 91 19996 180
674 93 19996 179
674.998 91 19996 177
676 91 19995 176
676.999 91 19995 176
677.998 89 19994 175
678.999 88 19993 175
680 89 19995 176
681 89 19996 177
682 88 19994 178
683 88 19996 180
683.997 88 19995 181
685 88 19998 181
685.998 90 19990 184
686.999 90 19998 184
687.999 89 19994 183
688.999 88 19996 183
689.998 89 19997 184
690.997 87 19994 181
692 87 19996 181
692.999 87 19997 181
694 86 19998 181
694.986 84 19997 178
695.999 84 19993 180
696.997 85 19995 181
698 84 19997 180
698.999 84 19998 180
699.998 82 19996 178
700.998 85 19994 178
702 84 19996 176
703 85 19995 174
704 85 19994 173
704.997 84 19996 174
705.997 84 19998 174
707 84 19996 175
707.999 86 19990 176
708.997 85 19993 175
709.998 86 19997 177
711 88 19997 177
711.999 88 19996 178
713 89 19994 179
713.998 91 19997 179
715 93 19993 179
715.997 92 19994 178
716.997 92 19997 178
717.999 92 19995 178
719 91 19995 181
719.993 89 19996 180
720.999 90 19998 179
721.999 90 19995 179
723 91 19993 178
723.999 90 19998 177
724.997 91 19997 178
725.999 91 19993 180
726.997 91 19994 181
728 93 19994 183
729 95 19995 186
729.999 97 19995 185
730.996 97 19997 186
732 100 19991 186
732.996 99 19996 186
733.998 100 19996 186
735 101 19996 185
735.995 100 19996 185
736.998 101 19992 188
737.998 99 19996 185
739 99 19991 184
739.999 99 19994 185
741 100 19995 185
742 98 19994 184
742.997 98 19997 182
744 99 19994 182
744.999 99 19996 183
745.998 96 19997 181
746.998 95 19997 180
747.996 96 19997 182
748.999 96 19995 185
749.998 95 19997 184
750.998 96 19990 188
751.999 96 19995 188
752.999 94 19996 186
753.998 93 19994 185
754.994 95 19996 186
756 95 19991 186
756.999 95 19998 185
758 96 19993 184
759 96 19996 182
759.992 97 19996 181
761 96 19996 180
762 98 19999 179
762.997 97 19996 181
764 99 19998 182
764.999 99 19995 182
765.988 99 19997 182
766.999 101 19996 183
768 100 19997 181
769 100 19993 183
770 100 19988 184
770.998 102 19998 186
771.998 102 19996 187
772.998 100 19995 184
773.998 100 19996 184
775 99 19995 186
775.997 99 19994 185
776.999 98 19999 185
778 99 19995 186
778.997 98 19993 186
780 99 19994 186
780.998 99 19996 185
781.999 99 19991 186
782.998 99 19997 187
783.998 96 19998 183
784.997 99 20000 184
785.999 98 19993 185
786.994 95 19997 183
788 95 19992 185
788.999 96 19993 185
790 97 19993 187
790.999 99 19993 186
791.999 97 19993 185
793 97 19992 185
793.998 96 19996 185
794.998 96 19995 186
795.998 96 19997 187
796.999 97 19994 188
797.991 96 19998 187
798.999 95 19996 188
799.995 95 19999 188
800.998 92 19994 184
801.997 94 19998 186
803 92 19992 185
803.998 91 19994 186
804.999 92 19997 187
805.995 92 19992 186
806.999 91 19997 188
807.998 91 19996 188
809 91 19996 188
810 90 19994 189
810.998 92 19994 190
812 92 19991 192
813 94 19996 192
813.998 96 19996 192
814.999 95 19994 192
815.997 95 19995 193
816.997 94 19998 193
817.999 97 19993 195
818.998 97 19993 196
820 98 19994 195
820.999 100 19996 194
821.999 100 19995 194
823 101 19993 193
823.996 101 19995 191
824.998 100 19991 191
825.995 102 19995 190
827 103 19994 189
827.994 103 19997 186
828.999 102 19994 185
829.999 102 19998 186
830.999 105 19994 186
831.997 105 19997 185
832.999 105 19996 185
834 104 19995 185
834.994 104 19999 186
835.999 103 19995 185
836.999 103 19998 186
837.995 104 19996 186
838.999 103 19997 186
839.995 102 19997 185
840.999 102 19997 185
842 102 19992 184
842.999 102 19996 183
844 104 19995 186
844.995 104 19996 188
845.998 103 19993 187
846.996 101 19998 186
848 102 19995 190
848.999 102 19994 192
849.999 103 19996 190
850.999 103 19998 191
851.998 103 19994 190
852.996 104 19998 190
853.999 103 19995 189
854.997 102 19996 186
855.999 102 19994 184
857 103 19993 184
857.999 104 19995 186
859 106 19998 189
859.999 104 19996 183
860.997 104 20000 184
861.996 104 19997 185
862.999 103 19992 184
863.997 103 19998 184
865 103 19999 185
865.999 100 19994 182
866.997 100 19998 181
867.999 99 19995 180
869 99 19992 180
869.996 99 19996 178
871 99 19996 178
871.999 97 19996 177
872.998 97 19996 177
873.998 95 19994 176
874.999 95 19995 174
875.999 95 19995 174
876.999 95 19996 174
877.995 96 19998 175
879 98 19995 175
879.999 97 19992 177
880.998 100 19993 177
881.999 101 19997 177
883 96 19996 173
883.998 95 19998 173
884.998 94 19998 176
885.996 94 19995 175
886.998 93 19997 175
887.999 92 19998 175
889 93 19993 176
889.998 94 19994 176
890.996 95 19998 177
891.999 95 19995 176
892.997 94 19997 174
894 95 19994 174
894.999 94 19999 172
895.997 94 19996 173
897 96 19997 173
898 97 19997 173
898.999 98 19993 174
899.998 98 19994 174
901 98 19994 176
901.999 96 19999 174
902.999 97 19999 173
903.998 97 19995 173
904.998 97 19995 174
905.999 95 19994 172
906.999 97 19995 173
907.999 98 19993 175
908.999 97 19995 173
909.999 98 19995 177
910.996 97 19998 177
911.997 98 19997 178
912.999 99 19993 179
913.995 99 19994 181
915 99 19994 182
915.999 96 19997 178
916.999 94 19989 175
917.996 94 20000 174
919 95 19993 176
920 94 19995 176
921 93 19995 176
921.998 91 19993 176
922.999 92 19997 176
923.999 92 19997 175
924.999 93 19996 175
926 94 19998 176
926.999 95 19996 176
927.999 96 19996 178
928.999 96 19994 179
929.999 96 19997 177
930.995 92 19994 174
931.998 92 19996 175
933 92 19995 175
934 91 19992 175
934.999 90 19993 175
935.999 89 19994 174
936.999 89 19995 174
938 89 19993 174
938.999 89 19994 173
939.999 88 19996 172
940.993 87 19997 173
941.998 89 19998 176
942.999 88 19995 176
943.999 89 19996 178
945 88 19994 177
945.999 88 19998 177
947 89 19994 178
947.996 87 19995 175
948.994 84 19997 172
949.997 83 19994 170
950.996 84 19993 171
951.992 83 19996 171
953 84 19997 171
953.995 85 19995 172
955 84 19997 172
955.999 84 19997 172
956.998 84 19992 173
957.999 84 19999 174
959 84 19995 174
959.999 82 19998 172
960.997 82 19995 173
961.998 80 19994 171
963 78 19998 171
963.999 80 19996 171
964.997 83 19997 171
966 81 19996 171
966.996 82 19998 171
967.993 83 19997 172
968.997 82 19998 174
969.998 83 19998 176
971 84 19994 175
971.997 83 19996 173
972.993 83 19997 173
973.999 84 19996 173
974.998 84 19997 173
975.996 84 19994 174
976.999 84 19996 178
977.998 83 19997 180
978.998 83 19994 181
980 80 19995 179
980.998 80 19995 178
981.999 80 19998 182
982.997 81 19998 183
984 81 19995 183
984.999 81 19995 182
985.999 80 19993 183
986.997 81 19997 184
988 80 19996 183
988.99 78 19998 181
989.998 78 19994 182
991 78 19995 182
991.998 81 19997 185
992.998 81 19998 185
994 82 19998 186
994.998 83 19997 185
996 85 19992 186
997 84 19997 186
997.999 83 19997 187
999 83 19994 188
999.997 83 19996 191
1000 83 19996 191
