0.994342 398 19996 398
1.99854 391 20000 391
2.99564 388 19999 388
3.99849 382 19996 382
4.99964 377 19997 377
5.99992 372 19998 373
6.9993 367 19993 368
7.99739 364 19994 365
8.9987 364 19996 365
9.9946 363 19998 365
10.9998 356 19996 358
11.9986 356 19996 358
12.9958 352 19999 354
13.9963 346 19997 349
14.9969 343 19998 346
15.9919 340 19995 343
16.9986 340 19995 343
17.9999 338 19997 342
18.9966 335 19997 339
19.9974 333 19997 337
20.9998 332 19996 338
21.9996 332 19991 338
22.9993 328 19998 334
23.9966 323 19996 329
24.9934 320 19997 327
26 319 19992 327
27 316 19996 325
27.9983 313 19995 322
28.999 311 19997 321
29.9993 308 19998 318
30.9997 306 19996 317
31.9984 301 19995 313
32.9989 299 19994 311
33.9972 295 19994 310
34.9967 293 19995 309
35.9995 289 19993 304
36.9967 287 19997 304
37.9999 283 19993 302
38.9999 279 19994 298
39.9973 278 19998 298
40.9997 273 19998 295
41.9995 271 19993 294
42.9999 267 19998 290
43.9992 263 19996 287
44.9997 262 19997 287
45.9977 260 19995 284
46.9993 259 19997 283
47.9975 254 19994 278
48.9924 253 19997 278
49.9993 251 19989 275
50.9991 247 19997 272
51.9999 245 19993 270
52.9978 242 19994 268
53.9997 242 19993 269
54.9997 241 19993 269
55.9945 238 19997 267
56.9989 237 19995 266
57.9976 233 19996 263
58.9976 231 19997 261
59.9995 227 19994 257
60.9991 221 19990 253
61.9994 217 19996 251
62.9955 213 19997 247
64 212 19995 247
64.9992 209 19998 245
66 207 19995 245
66.9978 205 19992 245
67.9988 204 19993 244
68.9997 201 19996 242
69.9993 197 19996 238
70.9997 196 19992 239
71.9999 194 19996 236
72.9986 194 19997 236
73.9983 192 19995 234
74.996 191 19994 234
75.9967 188 19995 232
76.9987 188 19992 234
77.9993 185 19992 232
78.9984 185 19999 233
79.9983 185 19998 232
80.9992 184 19997 232
81.9929 182 19998 231
82.9993 182 19994 229
83.9991 179 19992 228
84.9996 178 19996 229
85.9991 176 19998 226
87 173 19996 224
87.9999 171 19994 221
88.9932 166 19996 219
89.9983 166 19996 221
90.9997 165 19996 221
91.9993 163 19998 219
92.9998 159 19997 215
93.9993 159 19992 216
94.9984 158 19998 215
95.9967 156 19996 213
96.9993 155 19994 212
97.9923 153 19996 210
98.9961 153 19997 210
99.9991 151 19992 209
100.998 151 19998 209
102 151 19996 209
102.999 151 19998 208
103.997 149 19994 206
104.993 149 20000 206
105.997 147 19991 205
106.999 144 19995 203
108 144 19996 203
108.996 145 19996 204
110 144 19993 203
110.999 144 19995 204
111.999 143 19997 203
113 141 19999 202
114 141 19998 200
114.999 140 19998 198
115.999 138 19994 197
116.998 138 19998 198
118 138 19995 199
119 139 19994 201
119.999 138 19996 200
120.999 136 19996 200
121.995 134 19992 201
122.998 132 19999 200
123.995 132 19996 200
124.998 132 19991 201
125.997 129 19997 199
127 129 19995 196
128 127 19997 196
128.999 126 19995 194
129.996 127 19997 195
131 127 19993 194
131.999 125 19994 192
132.999 124 19998 190
133.997 124 19998 190
134.999 123 19996 190
135.999 122 19992 191
136.992 121 19995 191
137.995 120 19997 193
139 119 19995 192
140 119 19995 192
141 117 19996 191
141.998 118 20000 191
142.998 115 19997 187
143.998 114 19996 186
144.999 114 19994 190
145.999 113 19996 190
146.998 114 19997 190
148 114 19998 195
149 114 19999 192
149.992 117 19994 194
150.995 116 19994 193
152 117 19995 193
152.994 115 19996 192
154 115 19991 193
155 114 19994 193
155.996 115 19995 192
157 115 19996 192
158 116 19997 192
159 113 19995 190
159.995 111 19995 188
161 110 19996 187
161.997 109 19997 187
162.995 106 19994 184
163.998 107 19996 183
164.998 105 19998 179
165.999 104 19997 179
167 103 19996 180
167.997 105 19997 180
168.993 106 19997 180
169.999 108 19998 182
171 108 19997 183
172 107 19994 182
172.995 104 19997 180
173.999 103 19996 178
174.999 106 19996 178
175.999 108 19995 178
177 109 19998 177
178 109 19997 179
178.999 109 19997 179
179.999 108 19994 179
180.999 108 19992 182
181.999 109 19993 185
182.999 107 19994 184
183.997 103 19995 180
184.999 103 19995 180
186 104 19994 179
187 103 19995 179
187.995 102 19996 180
188.999 101 19997 180
189.999 100 19995 179
191 101 19996 181
192 101 19995 181
192.999 98 19996 179
194 96 19995 177
195 95 19994 178
195.996 94 19990 177
196.999 94 19996 177
197.998 93 19995 175
198.999 95 19996 176
199.998 95 19996 177
200.999 95 19993 180
201.994 92 19996 177
202.999 91 19993 176
203.995 91 19994 175
205 91 19994 176
205.999 92 19998 175
206.996 89 19995 172
207.999 90 19997 172
208.999 91 19991 176
209.997 91 19997 175
210.997 92 19997 175
211.998 93 19993 175
213 93 19996 175
214 93 19994 174
214.999 94 19995 176
215.999 93 19996 175
216.993 92 19997 174
217.999 91 19994 174
219 91 19994 173
219.999 91 19994 175
220.999 88 19996 173
222 91 19994 175
222.999 93 19995 176
223.985 93 19995 179
225 93 19994 177
226 93 19996 177
226.999 93 19997 177
228 93 19995 178
229 93 19995 177
230 93 19998 176
230.995 92 19999 175
231.997 94 19995 177
232.996 94 19995 177
233.999 95 19993 176
234.999 99 19995 176
235.995 99 20000 176
236.996 96 19997 173
237.995 96 19993 175
239 96 19991 176
239.997 95 19995 175
241 94 19994 174
241.997 93 19995 172
243 94 19997 174
243.999 95 19993 175
244.998 95 19995 179
245.989 97 19999 180
246.999 96 19993 181
248 93 19998 178
248.998 92 19996 179
250 92 19993 181
250.998 92 19998 180
251.999 93 19998 180
253 93 19998 180
254 93 19993 180
254.999 91 19995 178
255.995 91 19996 177
256.996 93 19995 177
258 92 19994 177
259 92 19992 181
260 90 19992 182
260.998 93 19996 182
261.996 91 19998 182
262.997 91 19996 181
263.997 91 19996 181
265 91 19995 182
265.999 90 19994 184
266.999 89 19993 186
267.998 90 19996 186
268.99 90 20000 185
269.999 91 19997 186
270.998 90 19996 185
272 91 19994 185
272.999 90 19997 187
273.995 91 19997 187
274.999 92 19993 187
276 93 19993 190
276.999 93 19996 190
277.998 94 19997 190
278.999 95 19997 189
279.999 94 19992 192
280.998 93 19998 191
281.999 94 19996 191
282.999 93 19996 189
283.999 92 19997 188
284.998 93 19994 191
285.998 94 19995 191
287 95 19995 195
288 96 19993 195
288.997 96 19996 195
290 94 19998 193
290.995 95 19997 192
292 95 19997 195
292.996 94 19993 194
293.999 95 19998 194
295 93 19990 192
295.997 96 19995 193
296.999 94 19996 194
297.999 93 19996 194
298.998 93 19994 194
299.998 90 19997 191
300.997 92 19995 194
301.999 91 19995 194
302.997 89 19997 193
304 91 19996 194
304.998 92 19996 194
305.999 92 19997 194
306.998 93 19995 193
308 92 19997 193
309 92 19994 193
309.998 92 19997 194
310.999 92 19998 194
311.999 90 19998 194
312.994 90 19998 194
313.998 90 19997 193
314.996 89 19998 193
315.997 90 19996 193
316.996 89 19998 191
317.998 87 19998 189
319 87 19997 189
320 88 19997 189
321 87 19993 189
321.998 89 19995 188
323 90 19992 189
324 89 19992 189
325 89 19991 187
325.999 86 19997 184
326.999 86 19995 185
328 84 19992 182
329 84 19998 183
329.996 85 19993 183
330.999 84 19998 185
331.999 84 19998 185
333 85 19998 186
334 85 19992 187
335 85 19995 186
335.999 82 19995 183
337 81 19991 182
337.996 80 19997 182
339 80 19998 184
339.999 78 19997 182
340.999 76 19995 180
342 77 19994 180
342.999 78 19998 180
343.999 81 19997 180
345 82 19997 182
346 82 19992 182
346.998 85 19997 183
348 87 19994 183
348.997 86 19995 182
349.999 87 19995 183
350.996 87 19995 184
351.993 90 20000 185
352.997 90 19997 185
354 91 19997 188
354.999 90 19994 189
355.998 90 19993 189
356.999 92 19992 189
357.999 90 19994 187
358.998 90 19994 188
359.996 92 19998 188
361 94 19996 189
361.999 97 19995 189
362.999 98 19997 189
363.997 98 19994 191
365 100 19995 192
365.996 100 19997 193
366.999 101 19997 194
367.993 102 19997 195
368.991 102 19998 195
370 102 19995 195
370.998 98 19998 192
371.997 99 19997 194
372.999 98 19998 194
374 97 19994 193
375 96 19996 192
375.995 94 19995 192
377 94 19992 192
378 94 19994 191
378.999 91 19997 188
379.992 91 19996 187
380.998 91 19996 189
381.994 89 19998 186
382.998 91 19998 187
383.998 92 19995 186
384.998 92 19995 185
385.994 93 19998 186
387 93 19999 186
387.997 92 19998 184
388.999 91 19995 184
389.996 90 19994 185
390.998 93 19999 187
392 91 19994 184
393 90 19994 184
393.998 91 19998 184
394.999 91 19998 184
396 92 19994 185
397 92 19995 184
398 93 19992 183
398.998 93 19994 183
399.997 95 19994 184
400.997 95 19998 183
402 96 19997 184
402.999 96 19993 182
403.996 94 19995 181
405 93 19996 180
405.996 94 19999 181
406.998 97 19991 182
407.998 96 19994 183
408.999 96 19996 183
409.998 97 19997 186
410.995 97 19998 186
412 97 19989 189
413 96 19996 190
413.993 95 19995 188
414.999 95 19997 187
415.999 95 19996 188
416.999 95 19989 188
417.997 93 19999 185
418.997 93 19995 186
420 93 19999 187
420.997 93 19999 188
421.999 94 19998 188
422.999 96 19994 189
423.995 96 19997 188
424.998 96 19997 188
426 92 19997 185
426.998 92 19993 185
428 93 19995 186
428.998 92 19996 186
429.999 92 19997 186
430.996 91 19995 186
431.997 91 19993 188
432.999 91 19995 189
434 90 19991 191
434.996 90 19993 192
435.996 88 19994 191
436.998 87 19995 190
438 85 19994 189
438.996 85 19996 191
439.996 87 19993 194
440.999 86 19998 197
441.999 87 19999 200
442.994 86 19996 199
443.999 85 19995 196
445 85 19996 197
445.999 86 19996 198
446.999 86 19996 198
447.998 85 19995 196
448.999 85 19993 198
449.999 86 19996 199
451 85 19993 199
451.999 88 19992 201
452.997 89 19994 201
453.995 90 19998 203
454.995 90 19993 203
455.998 89 19994 201
456.999 89 19995 202
457.998 90 19992 204
458.999 90 19989 205
459.998 91 19997 205
460.995 88 19998 202
461.999 88 19998 202
463 91 19997 202
463.996 91 19997 204
465 91 19994 203
465.999 92 19998 205
466.999 93 19996 203
467.999 93 19997 204
468.999 96 19997 204
470 96 19996 205
470.999 96 19994 205
471.996 96 19998 205
473 98 19993 207
473.995 98 20000 207
474.993 97 19998 206
476 97 19997 205
476.999 99 19994 205
477.998 99 19997 207
478.991 97 19998 204
479.99 96 19993 203
480.999 95 19997 204
481.998 94 19995 203
483 96 19992 206
484 96 19991 207
485 97 19994 207
485.999 97 19994 206
487 96 19998 205
487.998 95 19997 206
489 96 19997 207
490 96 19990 205
491 96 19994 207
491.999 97 19993 206
492.997 99 19997 205
493.999 99 19997 204
494.999 99 19997 205
495.999 99 19993 206
496.999 98 19996 206
498 98 19987 206
498.997 100 19996 205
499.999 101 19998 204
500.999 101 19996 203
501.99 101 19996 204
503 101 19997 205
504 102 19996 205
504.986 103 19998 207
505.998 105 19994 207
506.996 104 19999 207
507.997 105 19997 208
509 103 19998 208
509.999 103 19996 207
510.995 100 19995 205
511.998 101 19996 206
512.999 102 19997 205
513.999 101 19996 202
515 99 19996 200
515.999 102 19994 201
516.986 99 19999 198
517.998 99 19998 199
518.998 101 19997 201
520 100 19994 199
521 100 19998 198
522 99 19997 196
522.999 99 19993 199
523.998 99 19996 201
524.999 99 19996 204
525.996 98 19998 203
526.999 97 19999 203
527.998 96 19996 204
529 97 19995 206
529.999 99 19997 207
530.999 99 19996 207
531.995 100 19993 207
533 100 19995 207
533.999 97 19997 205
534.999 96 19995 204
536 95 19993 205
536.997 95 19999 205
537.999 96 19998 205
538.999 96 19993 205
540 96 19992 205
540.998 96 19997 205
541.998 96 19994 204
542.998 96 19995 204
544 96 19996 206
545 97 19991 206
546 95 19997 206
546.999 95 19997 207
548 95 19996 207
548.993 96 19996 208
549.994 96 19997 206
550.997 95 19995 206
551.999 96 19994 207
552.994 97 20000 206
553.993 97 19996 206
555 96 19992 205
555.999 96 19996 203
557 96 19996 204
557.998 98 19995 206
559 97 19996 207
559.996 97 19995 207
561 94 19997 205
562 92 19995 204
562.999 91 19998 202
563.997 91 19997 202
564.998 90 19995 201
565.999 92 19994 202
566.994 90 19998 201
568 91 19997 201
568.999 93 19996 203
569.996 94 19997 203
570.995 95 19999 203
571.999 96 19992 202
572.998 98 19998 202
573.997 100 19995 202
574.999 96 19993 198
575.999 94 19993 197
576.993 94 19998 197
577.997 93 19998 197
578.999 92 19995 197
579.999 92 19992 198
580.999 92 19996 199
582 90 19995 199
583 90 19994 200
584 89 19993 199
585 91 19992 202
585.999 91 19995 202
586.998 92 19996 201
588 93 19992 201
588.998 92 19998 204
589.999 91 19997 203
590.997 89 19996 200
592 89 19993 203
592.994 89 19996 202
594 92 19996 204
595 94 19996 203
596 94 19994 204
596.992 94 19996 205
598 94 19994 204
598.998 97 19997 205
599.999 98 19996 204
600.993 94 19995 201
602 93 19995 201
602.996 93 19995 203
604 93 20000 203
604.998 92 19997 202
605.997 93 19997 203
606.998 94 19996 203
607.999 95 19998 203
608.993 96 19998 203
609.993 96 19998 203
610.996 96 19997 203
611.998 96 19994 204
612.998 95 19996 204
613.999 96 19995 203
614.997 97 19992 203
615.99 99 19997 203
616.999 98 19997 201
617.999 98 19994 202
619 102 19995 203
620 104 19996 203
621 104 19994 202
621.998 103 19994 203
623 103 19999 202
624 100 19992 199
625 99 19994 199
625.996 100 19997 198
627 100 19994 197
627.997 100 19994 197
628.989 99 19999 196
630 98 19997 195
630.999 97 19995 196
632 97 19995 197
633 97 19998 198
633.998 100 19996 199
634.997 101 19998 200
635.999 99 19993 197
636.997 99 19994 198
637.998 99 19997 200
638.996 99 19997 201
639.998 99 19993 200
640.997 100 19997 200
641.999 100 19996 199
643 101 19999 199
643.995 98 19997 199
645 100 19990 200
645.999 101 19994 203
646.999 102 19995 204
647.999 102 19998 204
648.997 100 19996 203
650 100 19998 202
651 101 19995 203
652 101 19997 203
652.999 101 19999 203
653.999 100 19992 203
654.998 99 19992 204
656 100 19997 206
656.997 100 19995 205
658 100 19995 205
658.998 100 19993 204
659.999 99 19993 204
660.997 98 19996 206
661.999 101 19998 209
662.999 98 19994 207
663.998 99 19996 207
664.997 101 19994 209
666 103 19996 209
666.997 102 19994 209
668 102 19993 209
668.999 102 19996 207
669.998 102 19995 206
670.995 102 19999 210
672 101 19997 209
672.998 102 19994 209
674 104 19996 209
675 104 20000 212
675.999 102 19996 210
676.999 100 19994 209
677.996 97 19996 205
679 96 19996 204
679.991 96 19998 204
681 94 19997 204
681.999 95 20000 204
683 95 19991 205
683.996 93 19999 204
684.999 93 19996 205
685.997 93 19998 206
686.999 93 19995 206
687.999 92 19993 205
688.998 91 19996 204
689.998 92 19995 204
690.997 93 19996 203
691.999 93 19995 202
692.998 94 19994 202
694 91 19993 200
695 91 19992 202
695.999 90 19994 202
696.994 93 19995 204
697.998 93 19997 203
698.999 94 19998 203
699.995 94 19996 202
700.998 94 19995 203
701.999 96 19996 203
702.996 95 19996 201
703.999 96 19997 204
704.999 96 19996 205
706 94 19995 204
706.999 95 19995 204
708 95 19994 205
708.996 100 19992 205
709.999 99 19994 203
710.999 99 19995 202
711.999 99 19997 201
712.999 98 19993 200
713.999 98 19996 199
715 97 19996 200
715.997 96 19993 199
716.998 95 19993 198
717.999 95 19992 199
718.996 95 19992 198
719.998 96 19996 198
721 97 19994 199
721.997 98 19999 198
722.997 100 19996 198
723.997 100 19997 198
724.998 103 19995 196
726 102 19998 194
727 102 19995 194
727.999 102 19995 195
728.994 102 19998 195
729.998 104 19994 194
730.996 104 19996 194
731.998 103 19999 194
732.999 103 19993 195
734 102 19996 194
734.996 103 19994 194
735.997 102 19994 193
737 103 19995 194
737.998 103 19997 192
738.999 99 19994 190
740 100 19997 193
741 102 19993 192
741.999 102 19996 192
742.996 101 19996 191
743.996 102 19996 191
744.996 103 19994 191
746 103 19993 192
746.997 104 19997 193
748 105 19994 194
749 104 19999 193
749.989 104 19997 194
751 104 19993 195
751.997 103 19998 195
752.999 102 19997 194
753.996 103 20000 194
754.998 103 19997 194
755.996 102 19996 194
756.999 102 19996 192
757.999 102 19997 196
758.996 99 19994 195
760 96 19996 193
760.999 97 19997 194
762 96 19991 198
762.999 97 19995 201
763.998 97 19997 203
764.997 98 19997 204
766 99 19998 204
766.999 98 19994 203
768 99 19996 203
768.997 99 19995 202
769.997 100 19997 202
771 102 19997 203
771.995 103 19993 202
772.993 103 19997 202
773.998 102 19993 202
774.998 105 19997 202
775.999 104 19993 201
776.998 104 19992 199
778 102 19993 199
779 105 19998 203
779.995 105 19997 202
780.999 106 19991 204
781.998 109 19996 203
783 107 19996 202
783.998 107 19997 202
784.999 108 19998 202
785.997 108 19998 201
787 107 19996 201
787.997 108 19992 200
788.998 109 19996 199
789.999 107 19992 200
791 107 19997 199
791.998 108 19992 202
792.999 108 19990 202
794 107 19997 201
794.995 106 19996 202
795.997 105 19995 202
796.999 107 19993 204
797.999 107 19997 203
798.996 106 19999 202
799.998 106 19997 203
800.999 107 19997 204
801.994 107 19999 205
802.999 108 19997 207
804 109 19997 209
804.998 109 19994 209
806 110 19994 208
806.999 110 19993 207
808 110 19995 207
808.998 110 19997 209
810 111 19992 213
810.999 112 19993 213
811.998 111 19995 211
812.997 110 19997 210
813.999 109 19997 208
815 109 19991 209
815.998 107 19998 207
817 109 19995 207
817.999 108 19996 208
818.996 107 19996 207
820 107 19997 208
820.995 104 19997 204
822 102 19996 202
822.998 104 19994 203
823.999 103 19993 203
825 103 19995 203
825.999 98 19994 198
826.994 98 19998 196
827.999 98 19993 196
828.999 98 19991 195
829.998 98 19994 194
831 95 19999 194
831.993 95 19995 194
832.997 94 19997 193
833.993 93 19997 192
834.999 91 19996 190
835.999 89 19994 190
836.997 88 20000 189
837.999 89 19995 189
838.999 88 19992 188
840 89 19994 190
841 89 19995 192
841.998 91 19999 192
842.99 90 19997 192
843.999 88 19995 191
844.996 87 19997 190
846 88 19996 189
846.999 88 19998 189
847.999 90 19998 190
848.999 91 19996 190
849.999 91 19995 188
850.996 91 19995 190
852 91 19996 189
852.998 91 19996 190
853.999 92 19995 191
854.996 92 19999 191
855.997 92 19996 194
856.997 91 19995 193
858 90 19995 192
859 92 19995 192
859.999 94 19995 192
860.995 93 19999 191
861.999 92 19994 191
863 92 19990 192
864 93 19995 192
864.996 92 19999 193
865.997 92 19996 194
866.998 92 19996 194
867.997 92 19991 194
868.999 91 19996 193
870 92 19990 193
871 92 19992 192
871.999 91 19996 192
873 90 19996 191
873.999 91 19992 193
874.999 91 19996 193
875.998 92 19994 194
876.998 91 19993 193
877.998 90 19998 192
879 90 19998 193
879.992 91 19999 192
880.999 90 19993 194
882 89 19996 195
882.997 90 19987 197
883.999 90 19997 199
885 91 19997 199
886 90 19995 200
886.999 90 19992 199
887.999 90 19999 200
888.999 89 19993 200
890 89 19995 199
890.999 89 19996 199
891.996 90 19994 200
893 90 19993 201
893.998 89 19996 202
895 89 19997 203
895.999 89 19996 204
897 89 19996 204
898 90 19987 208
898.997 90 19994 208
899.999 91 19995 212
901 90 19993 213
901.995 89 19993 213
902.997 90 19995 214
904 90 19997 214
904.996 89 19997 214
905.998 90 19997 214
906.999 89 19997 212
907.997 89 19995 211
909 90 19997 212
909.999 89 19995 211
910.999 89 19997 214
911.999 88 19995 215
913 88 19993 216
913.999 87 19994 215
915 87 19998 213
915.999 86 19994 212
916.992 87 20000 213
917.999 90 19996 213
919 90 19992 214
919.997 90 19995 214
921 91 19996 215
922 91 20000 215
923 91 19996 213
923.998 92 19997 214
924.999 93 19994 215
925.998 96 19997 216
926.999 95 19993 214
928 93 19991 211
928.997 92 19997 210
930 94 19995 211
930.998 94 19992 212
931.995 94 19998 214
932.996 94 19993 214
933.998 95 19996 215
934.999 95 19995 215
936 95 19995 215
936.996 95 19996 217
937.998 94 19997 216
938.999 96 19997 217
939.999 96 19997 217
940.998 94 19998 215
941.997 94 19997 215
942.999 93 19995 216
943.999 91 19995 215
944.999 92 19999 216
946 92 19995 217
946.998 92 19997 217
947.998 92 19998 217
949 92 19992 216
950 93 19994 216
950.999 94 19995 216
951.995 95 19997 216
953 95 19991 217
953.999 96 19995 217
954.996 96 19994 217
955.999 96 19995 218
956.996 98 19997 219
958 99 19994 220
958.991 98 19996 219
959.998 97 20000 219
960.999 96 19997 219
961.993 96 19998 217
963 96 19993 219
963.996 96 19995 219
964.997 95 19991 219
965.997 95 19997 219
966.997 97 19994 220
967.999 96 19989 218
968.999 94 19995 217
969.996 92 19996 216
970.998 91 19993 216
972 90 19995 215
972.999 91 19992 215
973.998 93 19997 215
975 95 19995 215
976 95 19991 214
976.999 94 19999 212
978 95 19993 214
978.998 95 19995 213
979.997 94 19997 214
980.995 90 19996 211
982 89 19993 210
983 90 19993 210
983.997 91 20000 210
984.994 89 19992 209
985.999 91 19995 210
986.999 92 19994 210
987.997 91 19998 210
989 89 19996 209
989.999 89 19994 206
990.998 90 19997 207
991.997 90 19995 207
992.999 92 19996 207
994 92 19994 208
994.999 91 19996 207
995.997 91 19997 209
996.999 91 19997 208
998 91 19998 207
999 93 19995 207
999.998 96 19995 207
1000 96 19995 207
