0.997055 398 19995 398
1.99995 395 19997 395
2.99937 388 19994 389
3.9985 383 19998 384
4.99877 381 19995 383
5.99741 379 19995 381
6.99689 370 19998 372
7.99758 364 19997 366
8.99819 362 19997 364
9.99813 361 19999 363
10.9962 357 19995 360
11.9998 352 19997 355
12.9999 349 19995 352
13.9973 348 19997 351
14.9997 341 19998 344
15.9994 336 19995 339
17 333 19995 336
17.998 326 19991 331
18.9988 324 19994 330
19.9971 318 19993 325
20.9993 318 19997 327
21.9978 316 19998 326
22.9992 310 19995 322
23.998 305 19999 317
24.9997 301 19992 314
25.9996 301 19997 317
26.9978 299 19997 314
27.9973 296 19997 313
28.9972 292 19998 311
29.9998 288 19997 307
30.9991 284 19996 304
31.9981 277 19995 298
32.9969 273 19997 296
33.9976 273 19997 295
34.9993 271 19998 292
35.9976 269 19997 291
36.9952 268 19999 289
38 264 19994 285
38.9963 263 19998 284
39.9996 262 19993 285
40.9962 257 19997 282
41.9998 254 19989 281
42.9997 253 19993 280
43.9997 251 19988 278
44.9998 251 19999 280
45.9998 248 19999 278
46.9995 246 19996 278
48 242 19988 278
48.9986 242 19994 280
49.997 244 19995 281
50.9998 244 19993 280
51.9986 239 19995 278
52.9989 236 19996 275
53.9991 236 19994 275
54.9994 235 19999 273
56 235 19998 273
56.9979 235 19995 273
57.9994 234 19997 272
58.9987 234 19994 272
59.9993 231 19995 269
60.9957 228 19996 268
61.9996 226 19991 266
62.996 220 19994 265
63.9999 220 19991 265
64.9977 217 19996 262
65.9966 212 19993 258
66.9994 210 19995 257
67.9994 208 19997 257
68.9966 209 19996 260
69.9997 208 19995 259
70.9996 203 19993 258
71.9998 205 19998 258
72.998 202 19996 255
73.9998 201 19995 254
74.9995 197 19994 250
75.9998 195 19994 249
76.9997 193 19996 248
77.9978 191 19995 247
78.9968 191 19995 247
79.9941 190 19994 248
80.9988 188 19995 247
81.9958 189 19995 247
82.9999 188 19996 247
83.9998 187 19995 247
84.9997 186 19996 247
85.9999 185 19995 245
86.999 185 19998 244
87.9974 184 19999 244
88.9974 182 19998 242
89.9991 181 19993 242
90.9998 181 19994 241
91.9931 178 19996 241
92.9996 178 19997 240
93.9978 179 19999 239
94.9995 179 19995 239
95.9999 177 19996 238
96.9998 173 19997 238
97.9956 174 19994 240
98.9993 173 19993 240
99.9923 173 19997 240
100.995 173 19996 240
102 174 19995 242
103 173 19990 241
103.998 173 19998 242
104.998 173 19993 242
105.999 171 19997 241
107 170 19995 240
107.999 168 19994 238
108.998 168 19996 239
109.998 167 19997 239
110.998 166 19999 237
111.999 165 19996 236
113 164 19996 233
113.999 162 19996 233
114.999 163 19989 234
115.999 163 19996 233
116.998 160 19997 232
117.998 161 19996 232
118.998 160 19996 230
119.995 161 19997 230
120.996 159 19996 227
121.999 158 19996 227
122.999 155 19994 224
123.999 154 19997 223
125 151 19994 221
125.998 151 19994 221
126.999 150 19998 221
127.999 150 19994 220
129 148 19997 220
129.999 148 19994 219
130.999 147 19995 218
132 146 19998 217
132.999 144 19995 216
133.999 143 19998 215
134.998 144 19994 215
136 145 19999 217
136.999 145 19995 219
138 145 19994 220
138.998 146 19997 219
139.999 147 19994 218
140.998 148 19997 218
141.997 147 19998 217
142.999 143 19993 213
144 145 19998 213
144.995 141 19998 209
145.999 139 19995 207
146.998 137 19992 205
147.998 137 19991 207
149 134 19994 204
149.999 133 19992 203
150.999 132 19996 201
151.998 134 19993 202
152.99 133 19999 201
154 131 19996 200
155 132 19996 202
155.996 130 19997 201
156.991 128 19995 200
158 124 19998 197
158.998 127 19997 197
159.997 126 19994 195
160.995 127 19998 195
161.999 125 19993 193
162.999 120 19998 188
163.994 119 19996 186
164.998 118 19998 186
165.997 117 19996 186
166.998 116 19996 184
168 119 19997 185
168.999 119 19997 186
169.999 118 19999 186
170.999 116 19995 183
171.999 114 19997 182
172.997 109 19996 179
173.998 106 19993 176
174.999 105 19998 175
175.996 105 19997 176
176.995 104 19997 175
177.999 100 19995 171
178.999 99 19995 171
180 100 19994 171
181 99 19997 170
181.999 99 19995 170
182.998 97 19998 169
183.999 96 19998 168
184.999 97 19997 168
186 96 19995 165
187 96 19999 166
187.999 96 19997 166
188.999 96 19998 167
189.998 94 19995 167
190.995 94 20000 167
192 94 19996 166
193 93 19994 166
193.997 92 19997 167
194.999 92 19994 169
195.996 91 19997 168
196.995 90 19995 167
197.999 90 19994 167
198.998 87 19995 164
200 87 19996 165
200.999 87 19996 166
201.998 87 19997 167
203 88 19997 170
203.999 89 19991 170
205 88 19996 169
206 89 19996 170
207 88 19992 169
208 86 19993 166
209 83 19998 163
210 84 19996 166
210.992 84 19998 166
211.999 84 19996 169
213 84 19996 168
214 86 19997 168
214.996 85 19995 165
215.999 83 19990 163
216.999 80 19995 160
217.999 79 19992 158
218.998 78 19993 160
220 77 19996 159
221 78 19993 159
221.999 79 19997 159
222.998 79 19995 160
224 78 19991 161
224.996 79 19995 162
225.996 79 19993 160
226.999 77 19993 158
227.996 80 19998 158
229 78 19993 157
229.999 79 19994 157
230.999 78 19994 158
231.999 80 19995 160
232.999 80 19999 160
234 81 19995 160
234.999 82 19998 162
236 83 19996 162
237 83 19999 161
237.997 83 19992 163
238.998 81 19996 163
239.999 80 19995 162
241 79 19997 162
242 82 19999 162
242.992 81 19995 161
244 80 19991 160
245 81 19998 161
245.998 85 19993 161
246.999 85 19997 163
248 85 19996 165
248.997 86 19995 167
250 83 19994 166
250.999 84 19996 166
251.995 84 19994 165
252.999 87 19995 166
253.997 87 20000 165
254.999 87 19995 165
255.999 86 19999 164
256.999 84 19994 163
258 85 19992 164
258.999 84 19996 162
259.993 82 19999 160
260.998 82 19991 162
262 80 19990 160
263 80 19996 160
264 81 19996 160
264.998 79 19994 158
265.994 79 19996 158
267 79 19995 157
267.999 80 19998 157
269 81 19994 156
270 83 19997 159
270.998 83 19995 160
271.999 84 19994 161
272.999 84 19995 165
273.992 84 19995 164
274.997 83 19993 164
275.999 84 20000 165
277 83 19998 164
278 84 19997 164
278.998 84 19997 167
279.998 83 19994 163
281 83 19994 164
281.996 83 19995 164
282.998 80 19997 163
284 79 19992 162
284.995 81 19995 162
285.996 81 19994 161
286.999 83 19995 161
287.998 85 19995 161
288.999 84 19994 161
289.995 86 19995 163
290.999 86 19995 163
291.998 85 19994 164
292.999 85 19989 163
293.999 86 19997 163
295 86 19995 163
295.999 85 19993 164
296.998 85 19996 166
297.999 86 19997 167
298.999 86 19987 167
300 84 19997 164
300.998 85 19996 164
301.999 85 19996 166
302.999 87 19997 168
303.999 88 19997 169
304.999 91 19995 170
305.998 93 19992 172
306.997 93 19996 172
307.998 94 19997 173
308.998 95 19997 172
310 96 19995 172
310.999 97 19991 171
312 96 19995 170
313 96 19997 171
313.997 95 19995 170
315 94 19997 172
315.997 94 19993 172
316.995 96 19995 173
317.999 93 19995 171
318.999 94 19996 171
319.998 91 19997 173
320.997 92 19993 174
322 92 19999 175
323 93 19996 176
323.997 91 19996 173
324.998 91 19996 173
325.999 91 19998 176
327 90 19992 177
328 93 19993 178
328.997 92 19998 177
330 91 19995 179
331 90 19995 177
331.991 89 19998 176
332.998 89 19996 176
334 90 19995 177
335 89 19999 177
335.999 88 19997 176
337 87 19994 174
337.997 86 19996 174
339 84 19993 172
339.998 84 19994 171
340.999 83 19995 170
341.999 82 19990 169
342.994 82 19999 168
344 82 19996 168
344.999 82 19997 166
346 83 19994 170
346.999 82 19997 170
347.998 82 19994 171
348.997 83 19999 171
349.999 83 19989 171
350.999 83 19994 171
352 84 19991 172
352.998 86 19991 172
353.998 86 19998 171
354.995 86 19997 171
355.998 84 19997 168
357 85 19993 169
357.996 87 19995 171
359 86 19998 170
360 86 20000 171
360.999 86 19998 169
362 86 19994 171
362.998 87 19998 172
363.997 87 19994 173
364.999 88 19997 177
365.999 88 19995 179
366.997 90 19997 179
368 90 19996 180
369 90 19996 181
369.998 91 19997 181
371 93 19998 181
371.999 90 19995 178
373 90 19997 178
373.999 89 19996 176
375 87 19993 176
375.998 88 19991 177
376.999 88 19998 182
377.996 88 19997 183
378.997 89 19996 183
379.999 89 19994 183
380.997 88 19997 184
382 92 19994 184
382.997 92 19995 184
383.992 91 19994 184
384.999 91 19994 184
385.999 92 19994 185
386.999 93 19991 187
387.996 92 19996 187
388.997 92 19997 187
390 93 19995 187
390.999 92 19996 187
391.999 92 19995 188
393 90 19996 186
393.995 88 19993 184
394.999 88 19998 182
395.999 90 19994 182
396.996 90 19997 181
397.998 89 19994 180
398.995 89 19995 180
400 90 19993 180
401 91 19996 180
401.999 90 19992 179
402.996 92 19996 179
403.999 90 19993 178
405 90 19996 178
406 88 19995 178
407 88 19999 181
407.999 87 19996 182
408.999 87 19992 184
409.991 84 19999 180
410.999 82 19993 180
412 84 19996 182
412.998 83 19995 180
414 83 19994 182
414.998 85 19998 182
415.997 82 19996 179
416.998 84 19995 181
417.999 86 19997 183
418.998 86 19993 184
419.998 87 19997 184
421 88 19998 185
421.994 89 19994 188
422.999 90 19996 189
423.995 89 19999 189
424.992 88 19998 188
426 89 19996 187
426.998 88 19994 186
427.999 88 19993 185
428.997 89 19996 186
430 88 19996 187
430.999 87 19999 186
431.996 85 19996 185
432.999 87 19995 184
433.999 86 19994 183
435 86 19997 187
435.999 87 19997 186
436.999 90 19994 187
438 89 19993 187
438.999 89 19997 188
439.994 88 19996 187
440.999 90 19997 188
441.998 88 19997 187
442.996 89 19998 188
443.998 88 19992 188
444.999 87 19998 187
445.999 87 19996 187
446.992 87 19999 187
448 89 19994 187
448.999 90 19994 189
449.999 89 19993 188
450.996 88 19997 187
451.999 87 19994 186
453 83 19991 184
453.998 86 19989 184
454.998 85 19996 184
455.997 84 19996 185
456.999 83 19995 182
457.998 83 19996 182
459 83 19995 184
459.999 83 19994 184
460.999 82 19996 184
461.998 81 19995 183
463 81 19994 183
463.996 82 19996 184
464.997 82 19990 184
465.996 79 19995 182
466.999 81 19994 182
468 82 19995 183
468.997 81 19995 182
470 80 19998 180
470.999 80 19998 180
471.997 81 19994 179
473 80 19993 178
474 80 19992 180
475 82 19998 180
475.997 82 19998 183
476.998 80 19995 183
477.999 80 19995 183
478.997 81 19999 184
479.999 81 19995 186
481 81 19996 185
482 80 19997 183
482.999 80 19997 184
484 80 19996 181
484.995 81 19994 181
485.999 81 19995 182
486.998 82 19994 181
487.995 81 19996 180
489 81 19995 177
489.997 82 19997 179
490.999 81 19994 178
491.998 80 19993 179
492.999 79 19994 178
493.999 79 19997 178
494.999 80 19995 179
495.999 81 19997 181
497 79 19994 179
497.995 80 19993 179
498.998 79 19992 178
499.999 80 19995 179
500.997 81 19997 181
501.998 81 19994 181
502.998 81 19996 183
504 81 19993 183
504.998 81 19996 182
506 81 19992 180
506.997 82 19995 181
508 82 19995 182
509 82 19997 181
510 81 19998 183
511 80 19996 184
511.997 80 19995 185
513 83 19996 188
513.995 83 19997 189
515 84 19997 191
516 85 19997 190
516.999 85 19996 190
518 86 19995 192
518.997 88 19998 193
519.998 87 19997 192
520.994 85 19997 190
521.996 86 19993 190
522.998 85 19997 188
523.993 84 19994 187
524.992 84 19997 186
526 84 19995 185
526.999 85 19998 185
528 86 19997 185
528.998 85 20000 183
529.998 86 19996 184
530.999 83 19996 181
531.999 86 19996 182
532.999 87 19999 183
533.998 86 19996 182
534.999 84 19994 180
536 83 19998 180
537 83 19997 180
538 84 19994 180
538.997 85 19993 179
539.993 84 19993 181
541 86 19993 182
541.999 85 19993 182
542.998 84 19993 182
543.998 84 19999 181
545 83 19997 180
545.999 83 19997 179
546.998 82 19992 181
547.998 80 19995 181
549 81 19993 183
549.997 83 19996 184
550.997 85 19996 184
552 85 19996 184
553 84 19999 183
554 86 19995 183
554.997 85 19999 183
555.999 87 19996 184
556.996 88 19998 187
558 87 19993 185
558.997 86 19999 184
560 87 19994 184
561 87 19994 186
561.995 87 19995 186
563 86 19998 184
563.999 88 19993 183
565 91 19993 184
565.999 92 19997 184
566.998 93 19995 185
568 94 19997 188
568.997 94 19997 190
569.999 92 19999 189
570.998 92 19994 191
571.999 92 19994 192
572.997 92 19997 193
573.999 92 19990 193
575 93 19998 194
576 92 20000 195
577 90 19996 193
577.999 90 19995 194
579 92 19997 197
579.999 92 19999 199
580.999 92 19996 198
581.993 92 19997 199
582.999 93 19998 198
583.999 94 19998 199
584.999 96 19996 200
586 98 19997 200
586.999 98 19996 200
587.998 97 19992 200
588.999 96 19996 200
590 96 19995 198
590.995 95 19994 200
591.998 95 19990 200
593 94 19992 198
593.999 92 19996 195
594.99 92 19997 197
596 93 19992 199
597 92 19995 200
598 91 19996 202
599 93 19995 204
599.997 94 19997 204
601 94 19994 203
602 94 19993 204
603 94 19995 203
603.998 95 19996 205
604.999 94 19996 205
606 94 19993 204
606.999 95 19996 207
607.995 95 19997 206
608.997 95 19997 206
610 97 19991 205
611 98 19996 206
611.999 99 19997 205
613 98 19994 205
614 100 19994 208
615 101 19990 210
616 100 19995 207
617 100 19995 207
617.998 99 19994 206
619 99 19994 207
619.999 100 19994 210
621 99 19998 211
622 96 19998 210
622.997 98 19994 211
623.999 99 19993 210
624.999 99 19994 209
625.995 99 19997 209
627 100 19997 209
627.996 102 19999 209
628.998 100 19992 208
629.998 99 19996 208
630.992 99 19997 209
632 101 19995 209
632.999 101 19994 210
633.995 99 19998 207
635 100 19998 209
635.997 102 19998 210
636.998 103 19995 211
637.999 104 19993 214
638.997 103 19996 215
640 103 19998 214
640.999 103 19996 214
641.995 103 19995 214
643 104 19988 216
644 103 19997 217
644.998 104 19997 217
646 106 19995 218
647 105 19994 218
647.996 103 19994 218
649 104 19994 218
649.999 105 19994 217
651 106 19993 217
652 106 19999 215
652.999 106 19997 215
654 105 19995 215
655 105 19996 215
655.999 104 19999 215
656.997 104 19994 215
658 106 19997 218
658.987 107 19996 219
659.996 107 19993 219
660.996 107 19998 217
661.997 109 19991 217
662.999 109 20000 217
664 107 19998 215
664.997 107 19993 216
665.995 107 19996 216
666.994 107 19998 218
667.999 106 19990 217
668.998 105 19998 215
669.991 105 19996 218
670.999 105 19998 219
671.999 104 19999 219
673 103 19996 221
673.999 104 19994 220
674.998 103 19992 218
676 104 19996 218
676.999 106 19994 216
677.999 105 19997 214
678.998 104 19996 213
679.997 104 19995 213
680.989 103 19998 212
681.997 103 19999 211
683 104 19993 211
683.999 104 19994 212
684.999 105 19996 213
685.999 107 19997 213
686.998 105 19995 210
687.999 107 19995 211
689 108 19996 211
689.998 108 19996 213
690.999 106 19995 211
691.999 104 19993 209
693 103 19992 210
693.997 101 19993 208
694.998 99 19997 206
695.999 100 19993 207
696.997 102 19997 207
697.999 102 19995 208
698.994 104 19994 209
699.993 104 19996 209
700.997 104 19997 208
701.995 104 19995 209
702.999 104 19997 209
703.998 105 19993 209
704.999 103 19997 207
705.999 103 19994 206
706.991 104 19995 207
708 103 19992 208
708.996 102 19995 207
709.998 102 19995 207
711 102 19995 208
711.999 102 19995 207
712.996 101 20000 206
713.999 103 19996 205
714.997 101 19997 203
715.998 101 19996 202
716.99 101 19996 202
717.992 103 19995 202
718.998 101 19998 202
719.999 98 19993 200
720.999 98 19998 200
722 98 19993 201
722.999 96 19993 199
723.999 96 19996 201
725 95 19997 203
725.998 95 19995 202
726.998 93 19997 200
728 96 19993 201
728.999 96 19994 200
730 96 19997 200
730.995 96 19998 200
732 96 19993 200
732.999 99 19995 200
733.998 99 19997 200
734.996 99 19997 201
736 101 19997 200
737 98 19995 200
737.998 99 19994 199
738.999 97 19998 199
739.997 96 19994 199
741 97 19993 198
741.997 97 19993 199
742.999 96 19994 197
743.995 96 19997 197
744.999 99 19994 199
745.996 98 19995 199
746.999 99 19994 199
747.995 98 19994 201
749 99 19994 201
749.999 97 19993 200
750.998 95 19992 198
752 95 19992 200
752.999 97 19997 200
753.999 97 19993 200
754.997 98 19997 204
756 97 19996 204
756.998 98 19995 206
757.998 98 19995 206
758.998 97 19995 207
759.999 97 19994 206
761 99 19996 207
762 97 19997 206
762.998 98 19996 206
763.995 98 19994 207
764.999 99 19996 206
765.991 98 19996 206
766.998 97 19997 205
767.999 97 19996 204
768.995 97 19996 204
769.999 97 19997 202
771 98 19992 202
772 99 19996 203
772.999 99 19994 205
773.995 100 19995 206
774.999 99 19995 204
776 99 19995 205
776.999 100 19998 209
777.997 102 19994 209
778.997 101 19995 210
779.987 100 19994 209
780.999 101 19997 210
781.997 105 19999 210
782.994 104 19996 210
783.997 105 19996 211
784.999 102 19998 212
785.999 102 19995 212
786.999 103 19996 212
787.998 103 19994 212
789 105 19996 210
789.999 105 19995 211
790.992 106 19994 210
791.999 106 19998 209
792.996 105 19993 209
793.999 105 19993 211
794.999 104 19998 210
795.998 106 19998 210
796.999 106 19997 210
797.998 107 19998 211
799 107 19993 211
799.998 110 19995 212
800.999 108 19993 212
801.999 110 19995 212
802.999 112 19994 214
803.998 111 19998 213
804.999 110 19996 216
806 109 19998 215
806.999 108 19997 214
808 110 19995 213
808.999 111 19997 214
809.999 112 19998 214
810.999 114 19995 215
812 112 19991 212
812.998 113 19997 212
813.999 112 19995 212
814.999 115 19995 212
815.999 115 19992 211
816.998 111 19994 209
818 111 19993 211
818.999 112 19997 210
819.995 114 19994 210
821 112 19993 209
821.997 111 19997 209
822.998 110 19995 210
824 110 19991 211
824.999 112 19993 212
825.999 113 19993 212
826.999 112 19998 210
827.997 112 19997 211
829 109 19994 209
830 108 19995 209
831 108 19998 210
831.996 107 19996 210
833 107 19996 211
833.999 107 19998 213
834.998 108 19991 215
835.986 107 19998 213
836.998 108 19991 215
838 108 19998 215
839 109 19994 216
839.999 111 19996 216
840.998 112 19995 218
841.999 113 19995 218
842.998 113 19997 219
844 115 19997 219
845 116 19993 219
845.996 116 19997 218
846.999 115 19997 214
847.998 114 19993 213
848.999 114 19997 212
849.998 113 19995 210
850.999 113 19996 211
852 112 19995 209
853 109 19993 207
853.998 110 19997 208
854.999 108 19995 207
855.997 107 19997 207
856.997 105 19996 206
858 104 19994 208
858.999 104 19996 209
859.999 102 19997 210
860.996 102 19996 210
861.997 104 19997 209
862.999 102 19994 208
863.998 100 19997 206
864.992 96 19994 203
865.999 95 19993 202
866.997 97 19995 201
867.998 96 19996 198
868.998 93 19999 195
869.998 93 19995 195
870.999 92 19998 195
871.997 92 19995 197
873 93 19997 200
873.999 95 19996 201
874.999 96 19993 202
876 96 19995 203
877 97 19993 204
877.999 99 19994 207
879 98 19998 208
879.998 99 19998 208
881 98 19994 207
881.999 100 19990 207
882.999 101 19995 207
884 99 19994 206
884.999 100 19997 210
886 100 19992 209
886.999 100 19994 210
888 100 19998 212
888.998 100 19993 212
889.999 99 19990 211
891 99 19997 213
892 99 19996 214
892.99 99 19997 215
893.998 99 19996 215
894.999 99 19997 217
896 101 19995 218
897 100 19998 216
897.999 100 19993 215
898.997 101 19998 216
900 102 19998 215
901 104 19994 215
901.999 103 19996 215
902.998 108 19999 216
904 108 19991 216
904.996 109 19998 217
905.999 109 19996 216
907 111 19999 217
907.997 112 19996 218
908.999 112 19997 217
910 115 19997 217
910.999 116 19997 219
911.998 116 19997 222
912.994 115 19999 219
913.999 115 19992 221
914.996 114 19997 220
915.997 115 19997 221
917 115 19996 221
918 114 19998 220
918.998 112 19993 217
919.987 113 19996 217
921 115 19997 216
921.991 117 19997 217
922.999 118 19990 216
923.999 119 19992 217
924.998 119 19992 216
925.993 118 20000 214
926.996 118 19995 213
927.998 121 19996 214
928.998 122 19999 215
929.994 119 19996 214
930.998 118 19999 213
932 119 19997 214
932.998 122 19995 214
934 121 19992 214
934.997 120 19997 212
935.997 120 19994 213
936.999 119 19995 214
937.998 118 19996 212
938.999 120 19995 214
940 121 19996 214
940.998 119 19996 212
941.999 121 19996 213
942.996 121 19994 212
943.998 121 19996 212
944.999 121 19996 212
945.998 119 19994 210
946.995 118 19994 209
948 118 19997 210
949 118 19994 208
949.997 119 19996 207
951 119 19993 207
951.999 118 19999 208
952.998 116 19996 206
953.998 117 19998 206
955 118 19997 208
955.996 116 19998 206
956.999 115 19996 204
958 115 19997 203
958.999 116 19994 204
960 114 19996 203
960.999 116 19994 203
961.999 114 19997 202
962.999 113 19995 202
963.999 114 19998 204
964.999 112 19996 202
965.999 112 19995 201
967 111 19993 198
968 111 19996 198
969 111 19995 198
969.999 111 19996 197
971 109 19999 194
971.997 108 19995 191
972.999 109 19994 188
973.999 106 19994 186
974.992 106 19995 186
975.999 106 19992 187
976.999 106 19995 187
978 108 19995 188
978.999 108 19994 187
979.999 104 19995 183
981 106 19996 185
981.997 105 19995 184
982.993 108 19997 185
983.999 105 19994 184
985 105 19994 183
985.997 103 19997 182
986.998 101 19996 181
988 99 19994 179
989 96 19993 177
989.998 97 20000 177
990.996 98 19996 178
992 96 19998 177
993 97 19992 177
993.995 95 19995 176
994.998 94 19997 175
996 92 19997 175
997 91 19994 176
997.997 90 20000 175
999 89 19994 173
999.996 89 19994 174
1000 89 19994 174
