0.998634 396 19994 396
1.99402 393 19995 393
2.99968 387 19997 388
3.99788 385 19997 386
4.99903 382 19993 383
5.99766 373 19994 374
6.9992 365 19995 366
7.99793 363 19997 364
8.99862 361 19995 362
9.99967 354 19993 355
10.9981 349 19995 351
11.9994 342 19997 344
12.992 339 19994 341
13.9944 336 19998 338
14.999 335 19994 337
15.9999 332 19995 335
16.9998 328 19996 332
17.9924 327 19996 332
18.9999 325 19995 333
19.9968 322 19997 331
20.9988 318 19995 327
21.9929 317 19998 327
22.9998 315 19996 325
23.9996 310 19997 320
24.9952 308 19998 317
25.9991 305 19992 314
26.9999 298 19997 307
27.995 295 19996 304
28.9977 292 19995 302
29.9997 287 19999 299
30.9986 284 19995 298
31.998 279 19999 293
32.9969 278 20000 294
33.9996 275 19994 292
34.9995 273 19995 291
35.9994 273 19996 293
36.9989 269 19991 289
37.9983 267 19999 287
38.9909 266 19998 286
39.9999 266 19992 286
40.9995 264 19997 287
41.999 260 19996 284
42.9996 259 19996 283
43.9987 258 19996 282
44.9978 254 19996 278
45.9978 252 19995 276
46.9998 249 19996 275
48 244 19995 270
48.9985 241 19993 269
49.9997 239 19997 268
50.998 239 19995 269
51.9968 240 19997 271
53 236 19995 268
53.9999 233 19996 266
54.9991 232 19999 265
55.9981 230 19996 265
56.9973 230 19994 264
57.9995 228 19994 265
58.9935 226 19997 263
60 223 19994 260
60.997 220 19997 259
61.9995 219 19994 259
62.9998 216 19993 258
63.9991 216 19996 259
64.9976 217 19998 260
65.999 215 19997 258
66.9997 211 19995 255
67.9998 208 19994 253
68.9962 206 19994 250
69.9999 204 19996 248
70.9986 198 19995 244
71.9999 199 19995 245
72.9996 196 19994 242
73.9985 195 19997 241
74.9972 193 19996 244
75.9996 193 19993 245
76.9999 190 19993 243
77.9972 191 19998 243
78.9999 187 19997 240
80 186 19994 240
80.994 183 19997 242
81.9986 183 19995 240
82.9994 181 19994 237
83.9999 178 20000 237
84.9995 178 19996 237
85.9992 177 19997 236
86.9997 175 19995 234
87.9997 177 19995 235
88.9998 174 19994 230
89.9996 174 19992 231
90.9999 173 19995 229
91.9992 172 19994 228
92.9999 171 19996 227
93.9983 168 19997 225
94.9975 167 19999 226
95.9974 167 19999 226
96.9996 167 19992 226
97.9997 167 19997 226
98.997 167 19998 227
99.9988 167 19996 226
101 167 19992 226
102 166 19995 227
102.999 167 19994 228
103.998 165 19997 227
105 162 19995 223
106 159 19993 222
106.999 158 19996 221
108 156 19998 220
108.999 155 19994 221
109.996 154 19998 219
110.998 153 19996 216
111.998 154 19994 217
112.999 151 19999 215
113.998 152 19998 218
115 152 19997 217
115.999 150 19997 217
116.999 149 19991 216
118 149 19997 217
118.999 150 19996 216
119.997 151 19994 218
121 149 19993 217
121.994 149 19996 217
122.997 148 19994 217
124 148 19993 218
125 147 19990 218
126 146 19997 218
126.999 147 19993 217
128 145 19994 220
129 144 19994 219
130 144 19986 220
131 144 19994 222
131.998 145 19995 222
132.999 146 20000 223
134 145 19993 222
134.996 143 19996 220
135.994 141 19999 222
136.998 139 19996 220
137.998 138 19997 221
138.99 137 19997 223
140 138 19993 224
140.998 135 19992 221
141.999 135 19999 221
142.999 135 19995 219
144 132 19997 215
144.994 133 19998 217
145.998 133 19996 217
146.997 131 19996 217
147.999 131 19998 217
148.997 129 19996 215
150 129 19993 214
151 131 19994 215
152 130 19996 215
153 128 19997 213
154 124 19995 210
155 121 19994 209
155.99 122 19995 210
156.995 120 19996 208
157.991 120 19997 208
158.998 119 19996 208
160 118 19996 208
161 118 19998 208
161.999 119 19997 209
162.996 121 19996 210
163.992 119 19999 208
164.997 120 19997 209
166 120 19996 210
166.999 122 19995 210
167.994 123 19998 212
169 123 19994 211
170 122 19995 211
170.998 118 19995 206
171.995 118 19997 206
173 122 19993 209
173.997 124 19999 209
175 123 19992 209
175.998 124 19998 208
176.998 124 19996 208
177.999 125 19997 208
178.993 123 19997 208
180 123 19995 207
180.999 122 19996 206
181.996 120 19998 203
182.998 120 19995 205
184 120 19998 204
185 120 19999 203
185.998 121 19998 203
186.998 118 19995 204
187.998 116 19995 205
189 116 19995 206
189.999 117 19996 207
190.997 117 19996 209
192 116 19994 208
192.994 115 19996 205
194 118 19993 206
194.998 118 19998 208
196 119 19992 208
196.997 119 19997 208
198 120 19994 208
198.998 116 19995 204
199.997 116 19998 205
200.999 117 19994 207
201.995 115 19995 207
203 116 19996 209
203.995 119 19994 210
204.998 121 19996 213
205.998 122 19997 212
207 124 19995 210
207.998 124 19994 208
209 123 19997 208
209.999 124 19994 209
210.997 124 19997 211
211.999 122 19998 208
213 123 19994 208
213.995 123 19998 209
214.998 122 19998 207
215.998 123 19996 207
216.999 123 19996 208
218 124 19997 208
219 124 19997 207
220 123 19994 209
221 123 19993 211
221.999 122 19999 210
222.995 124 19995 212
223.999 122 19992 209
224.999 120 19998 208
226 120 19996 206
226.994 119 19996 204
228 118 19994 206
229 118 19995 207
229.999 119 19998 208
230.998 121 19996 209
231.998 121 19999 209
232.999 121 19998 208
234 120 19993 207
234.995 121 19993 210
235.999 119 19993 211
236.999 119 19998 212
237.999 117 19997 208
238.999 115 19996 208
239.998 115 19999 208
240.999 114 19999 207
241.999 113 19992 206
243 111 19997 204
243.998 111 19995 203
244.999 112 19993 205
246 111 19994 203
246.999 108 19997 204
247.995 109 19999 204
248.998 110 19998 204
250 111 19989 206
251 111 19998 204
251.999 108 19999 202
252.999 106 19992 201
254 103 19996 200
254.996 102 19994 199
256 105 19993 202
256.997 105 19997 202
257.993 105 19998 202
258.999 107 19993 203
259.999 103 19998 198
261 103 19997 198
262 103 19993 197
262.999 104 19996 196
263.997 106 19999 196
265 106 19991 196
266 107 19993 198
267 108 19990 199
267.999 109 19992 199
268.996 109 19998 200
269.998 109 20000 199
270.998 108 19995 198
271.999 110 19994 200
273 110 19998 200
273.999 111 19996 200
274.997 111 19996 201
275.994 109 19997 200
277 107 19996 198
277.999 106 19996 197
279 106 19995 197
279.998 106 19995 197
280.999 105 19997 197
282 106 19994 197
283 105 20000 197
284 105 19997 198
285 104 19997 197
286 104 19993 197
287 107 19997 198
287.999 106 19999 198
288.998 106 19997 199
290 105 19997 198
291 105 19995 199
292 104 19995 198
292.993 103 19998 197
293.999 103 19991 196
295 102 19998 196
295.999 102 19994 196
296.999 103 19994 198
297.991 104 19999 200
299 105 19995 199
299.999 103 19993 200
300.999 105 19996 200
301.989 105 19999 200
302.999 106 19993 202
303.998 108 19999 203
305 109 19995 206
306 110 19991 207
306.998 110 19995 206
307.998 111 19996 206
308.995 112 19994 207
310 111 19995 205
310.997 110 20000 205
311.996 109 19994 206
312.998 109 19992 205
313.997 106 19993 203
314.996 106 19994 207
315.999 107 19996 207
316.999 108 19996 207
318 108 19994 206
318.992 108 19997 206
319.999 108 19996 206
320.999 103 19999 203
321.997 105 19998 203
323 104 19992 202
323.998 104 19994 204
325 105 19996 204
326 104 19998 203
326.996 104 19996 205
327.997 105 19996 205
329 106 19995 208
329.999 105 19993 207
330.999 107 19995 208
331.999 112 19996 208
332.994 112 19996 208
333.999 107 19995 204
335 104 19997 202
335.996 102 19995 200
337 103 19993 202
337.999 106 19997 203
338.999 106 19997 202
340 107 19999 202
341 106 19993 203
342 106 19998 204
343 105 19997 205
343.997 103 19996 205
344.995 103 19997 204
345.998 103 19997 205
346.998 104 19995 204
347.997 106 19994 205
348.992 106 19999 205
349.999 105 19993 202
350.998 104 19992 202
351.999 106 19990 203
352.999 108 19998 202
353.999 106 19994 201
355 106 19998 199
355.996 106 19998 198
356.999 107 19995 200
357.996 108 19996 197
358.998 109 19995 197
359.999 108 19998 196
360.999 110 19997 196
362 107 19995 193
362.999 105 19995 190
363.994 104 19998 190
364.995 104 19998 189
366 105 19996 190
366.999 106 19994 190
367.997 106 19996 190
369 106 19990 192
370 108 20000 191
370.998 107 19994 192
371.999 107 19994 193
372.998 106 19994 195
373.995 105 19995 196
374.995 104 19995 195
375.998 104 19997 198
376.998 106 19994 198
378 105 19991 199
379 106 19995 201
379.994 106 19995 200
380.998 106 19997 200
381.998 105 19996 198
382.998 104 19995 197
384 101 19992 198
384.995 102 19996 198
385.994 102 19997 197
386.996 103 19997 198
388 103 19995 197
389 102 19995 197
389.999 103 19992 198
391 103 19999 199
391.994 105 19999 200
392.996 105 19995 201
394 103 19995 200
394.999 103 19999 201
396 104 19998 199
396.997 104 19995 198
398 104 19992 196
399 106 19996 198
399.994 105 19997 197
400.999 105 19996 197
401.996 105 19999 196
402.999 102 19994 193
403.998 101 19995 193
405 101 19998 193
406 99 19994 192
407 100 19995 191
408 102 19992 192
409 102 19994 191
409.994 101 19997 189
410.999 99 19996 190
411.996 97 19995 190
412.999 95 19993 190
413.998 94 19995 188
414.999 94 19995 188
415.997 94 19997 188
416.988 93 19998 188
417.999 93 19994 188
418.999 94 19996 188
420 98 19995 188
420.999 95 19993 186
422 96 19998 187
423 98 19999 188
423.999 97 19997 189
424.997 97 19995 189
425.999 97 19994 191
426.998 97 19997 193
427.999 97 19994 194
428.999 96 19997 193
429.997 94 19997 191
430.997 94 19994 192
431.999 96 19996 193
433 95 19997 192
434 95 19995 191
434.996 94 19998 189
435.999 95 19994 191
436.995 95 19996 192
437.998 93 19995 189
438.999 94 19997 190
439.999 95 19998 191
440.994 95 19994 191
442 98 19991 191
443 99 19994 193
444 100 19994 194
445 101 19993 193
445.992 101 19995 193
446.998 100 19994 193
447.999 101 19997 194
448.998 100 19998 193
449.999 102 19992 193
450.996 101 19997 192
451.997 101 19993 193
452.995 103 19999 193
453.996 100 19999 191
454.999 101 19994 192
455.999 100 19998 191
456.999 98 19997 189
457.998 97 19998 191
459 98 19995 194
459.997 99 19992 194
460.998 99 19996 195
461.999 97 19996 193
462.999 96 19997 192
463.999 96 19994 193
464.996 97 19995 193
466 98 19997 193
467 98 19995 192
467.994 98 19997 193
469 99 19994 193
470 101 19997 193
470.998 101 19995 194
471.998 101 19997 193
472.999 102 19997 194
473.998 102 19997 196
474.998 100 19995 195
475.999 101 19990 195
476.999 101 20000 196
477.998 102 19996 196
478.998 100 19998 193
479.999 100 19995 192
480.996 99 19999 191
482 99 19993 192
482.999 98 19996 191
483.996 100 19997 193
484.998 101 19994 191
486 101 19995 191
486.999 98 19996 189
487.999 97 19996 188
488.996 98 19997 190
490 99 19997 190
490.999 99 19996 190
491.998 96 19997 187
493 96 19997 187
493.999 95 19991 187
494.997 94 19996 185
496 93 19994 188
497 93 19997 188
497.997 92 19994 188
499 92 19991 188
499.999 93 19993 189
500.999 91 19992 188
501.999 91 19998 189
502.996 92 19994 190
503.999 95 19997 190
505 95 19997 190
505.992 94 19998 189
506.998 95 19997 190
508 94 19996 190
508.994 95 19998 190
510 95 19991 189
511 96 19998 194
511.997 96 19995 194
512.997 97 19998 192
513.997 97 19995 195
514.999 97 19995 195
515.999 99 19993 195
517 101 19995 196
517.995 102 19997 197
518.999 101 19993 196
519.997 101 19998 195
520.992 100 19998 196
521.999 101 19995 196
522.999 101 19998 196
523.997 104 19998 197
524.996 105 19998 199
525.998 105 19997 198
526.997 106 19997 201
527.999 105 19990 199
528.999 103 19996 198
529.998 104 19994 199
530.998 101 19992 196
531.999 101 19997 195
533 102 19995 196
533.999 102 19996 195
534.999 99 19996 192
535.999 100 19997 192
536.999 101 19998 190
537.999 96 19994 186
538.996 99 19993 188
540 98 19995 187
540.999 98 19996 188
541.999 97 19996 187
542.999 99 19993 188
543.998 97 19997 186
544.998 96 19991 186
545.998 95 19998 184
547 94 19997 184
547.999 95 19997 184
549 92 19996 183
550 93 19997 185
550.999 93 19997 186
551.999 95 19993 186
552.998 95 19997 186
553.999 97 19996 187
554.999 97 19989 188
556 99 19996 186
557 99 19997 186
557.999 101 19996 187
558.998 103 19996 187
559.995 103 19999 187
560.999 100 19994 184
562 99 19996 183
562.999 100 19992 183
563.992 99 19996 182
565 100 19991 182
565.999 100 19997 184
567 101 19994 187
567.994 101 19995 187
568.999 101 19997 188
569.997 102 19997 189
570.999 102 19999 190
571.999 101 19995 190
572.998 102 19996 191
573.998 102 19997 189
574.997 100 19995 187
576 100 19997 187
577 102 19995 188
577.999 102 19997 189
579 105 19996 188
580 104 19995 186
581 104 19994 185
581.999 103 19994 185
582.999 104 19999 186
583.999 102 19999 185
584.999 102 19996 185
586 102 19994 186
586.999 101 19996 185
587.999 101 19997 186
588.998 100 19994 186
589.999 99 19993 185
590.997 98 19995 185
591.992 97 19996 183
593 97 19996 181
593.993 98 19996 182
595 98 19994 181
595.994 95 19998 178
597 94 19995 179
597.998 92 19999 180
598.996 91 19994 178
599.999 91 19990 179
600.996 91 19999 180
601.996 91 19997 180
603 90 19996 180
603.999 89 19995 179
604.999 91 19995 182
605.993 91 19996 181
607 88 19996 180
608 89 19996 181
608.998 91 19996 181
609.996 90 19998 182
610.999 89 19995 184
612 88 19997 183
612.999 88 19996 185
613.999 89 19994 185
614.999 92 19997 185
616 92 19998 185
616.997 93 19993 187
617.995 92 19994 187
619 91 19994 187
620 87 19994 184
620.997 89 19998 185
621.999 88 19993 184
622.994 86 19992 183
623.994 87 19995 184
624.999 87 19996 184
625.991 85 19998 184
626.993 87 19998 186
627.987 89 19996 187
629 89 19995 186
629.998 90 19997 189
630.999 89 19991 187
631.997 90 19990 186
632.997 89 19993 187
634 91 19998 189
634.999 91 19994 190
636 90 19992 191
636.997 92 19997 193
637.995 92 19997 192
638.993 91 19996 192
639.998 91 19999 192
640.999 93 19992 193
641.999 94 19994 193
642.998 93 19997 195
643.999 91 19995 194
644.999 92 19996 194
646 95 19997 195
647 93 19994 195
647.999 93 19997 196
648.999 91 19995 196
650 92 19995 199
651 93 19996 198
652 94 19994 199
653 93 19993 199
653.999 95 19993 199
655 96 19995 199
655.997 94 19996 196
656.999 93 19995 195
657.999 95 19996 195
658.999 94 19998 194
660 96 19997 195
660.996 96 19994 194
661.998 97 19996 195
662.999 96 19994 195
663.999 98 19996 195
664.998 96 19993 192
666 97 19998 193
667 96 19993 192
667.997 95 19996 193
668.997 94 19996 193
670 94 19997 193
670.999 96 19998 195
671.998 97 19996 197
672.996 98 19997 198
674 97 19995 198
675 97 19995 197
676 97 19995 196
676.999 95 19996 194
677.998 94 19995 194
678.999 94 19996 194
680 95 19995 193
680.991 97 19996 194
681.998 97 19995 193
683 98 19997 194
683.997 98 19994 193
684.999 97 19998 193
685.993 97 19997 193
687 98 19992 193
687.998 96 19997 192
688.999 96 19997 193
690 100 19996 193
691 98 19996 190
691.999 99 19995 191
692.999 99 19995 192
693.997 98 20000 191
694.999 99 19995 191
695.999 101 19997 192
696.999 100 19997 194
697.998 99 19994 195
698.997 99 19998 195
699.996 98 19996 194
700.999 99 19995 195
701.999 100 19993 195
703 100 19995 197
703.999 101 19992 197
704.995 102 19995 197
705.995 104 19997 196
706.999 103 19996 196
707.999 101 19999 196
708.999 99 19997 197
709.999 101 19996 200
711 100 19995 200
711.995 100 19997 202
713 103 19994 202
714 100 19993 199
714.999 99 19995 198
715.996 100 19997 199
717 99 19996 198
717.999 99 19994 200
718.998 98 19996 199
719.999 100 19996 199
721 103 19993 199
721.996 102 19996 197
722.998 104 19995 197
723.998 102 19994 194
724.999 101 19991 193
725.998 104 19990 193
726.997 102 19998 191
728 103 19997 189
728.999 103 19996 191
730 102 19996 192
730.998 103 19995 192
731.999 104 19997 192
732.999 104 19996 194
733.998 101 19994 193
734.996 101 19999 193
735.997 99 19997 194
737 99 19994 195
737.998 99 19996 194
738.996 96 19995 190
739.997 97 19997 190
740.999 94 19996 187
741.997 94 19995 187
742.991 92 19995 185
743.999 94 19995 186
744.998 94 19996 187
745.996 93 19996 187
746.999 93 19995 188
747.999 92 19992 188
749 92 19997 187
749.997 91 19997 187
750.997 92 19997 187
751.995 94 19998 188
752.999 93 19997 188
754 93 19994 188
754.999 94 19995 190
756 95 19998 190
756.999 92 19993 187
758 91 19997 187
759 92 19996 188
759.998 94 19997 189
760.999 94 19998 189
761.997 94 19994 191
762.998 94 19997 192
763.999 94 19995 193
764.999 95 19994 195
765.994 96 19994 195
767 96 19994 195
767.995 97 19997 196
768.999 100 19996 198
769.998 104 19997 199
770.998 105 19998 199
771.998 106 19997 199
773 107 19994 202
773.999 107 19995 202
774.997 108 19994 207
776 107 19995 207
776.997 107 19998 207
778 107 19998 203
778.998 107 19996 207
779.999 107 19991 211
780.992 108 19997 211
782 109 19993 210
782.999 108 19995 211
783.996 111 19998 211
784.998 110 19995 209
785.999 110 19996 209
786.999 109 19997 207
787.997 108 19992 208
789 107 19992 211
789.997 105 19995 209
790.999 106 19997 209
791.999 106 19994 206
792.999 107 19997 207
793.998 110 19998 208
795 110 19994 208
796 109 19993 208
797 108 19994 207
797.998 107 19995 205
798.997 108 19995 202
800 107 19997 205
801 107 19997 208
802 105 19997 206
802.999 103 19993 202
803.999 104 19996 204
804.994 103 19995 205
806 106 19997 204
806.997 104 19998 203
807.993 103 19997 202
808.999 103 19994 203
810 105 19993 205
811 106 19997 206
811.999 107 19995 206
812.998 106 19995 207
813.999 107 19998 207
815 106 19996 207
815.999 106 19996 207
816.999 105 19995 207
817.998 105 19994 206
818.998 105 19992 208
819.997 105 19995 208
820.998 107 19997 208
821.996 106 19996 206
822.997 107 19997 205
824 106 19998 203
824.999 104 19996 200
825.998 105 19993 199
826.999 103 19998 196
827.998 103 19998 195
828.999 102 19994 195
829.999 101 19991 194
830.999 102 19994 195
831.999 101 19998 195
832.999 100 19999 195
834 103 19991 197
835 102 19995 197
836 102 19992 196
836.996 102 19996 197
837.997 99 19995 193
839 100 19997 194
839.996 100 19998 195
840.999 99 19994 194
841.993 101 19997 194
842.999 100 19998 195
843.999 101 19999 196
844.992 101 19999 196
845.999 100 19994 196
846.993 102 19996 195
847.999 104 19999 195
849 106 19994 195
849.998 108 19994 195
851 107 19994 194
851.999 107 19996 194
852.999 107 19995 193
854 108 19994 192
854.998 109 19996 192
855.998 108 19998 191
856.995 107 19998 190
857.999 107 19996 190
858.997 108 19994 190
859.998 106 19995 189
860.999 105 19998 190
861.999 103 19995 190
863 102 19994 189
863.997 101 19997 190
864.998 100 19997 190
865.998 100 19995 189
866.997 100 19993 190
867.999 100 19998 190
868.999 101 19999 190
869.997 102 19995 189
871 101 19996 188
871.999 100 19996 189
873 102 19994 192
874 102 19995 192
875 103 19993 194
875.997 104 19996 194
876.999 103 19995 194
877.999 102 19997 193
879 103 19992 194
879.999 104 19987 194
880.997 103 19996 194
881.997 102 19997 193
882.996 100 19995 196
883.999 98 19996 196
885 99 19998 196
885.996 99 19994 197
887 99 19995 197
887.999 97 19998 198
888.999 97 19995 199
889.999 97 19993 198
890.999 97 19996 198
891.99 99 19998 199
892.996 99 19997 198
893.999 98 19994 197
894.999 98 19993 198
895.998 102 19997 198
896.998 99 19997 195
898 100 19994 196
898.999 101 19996 198
899.997 101 19995 199
900.999 102 19996 199
901.999 104 19997 201
902.999 103 19995 200
903.993 102 19998 198
904.998 102 19994 198
905.999 101 19995 197
906.999 100 19994 196
908 101 19995 196
908.999 102 19996 196
909.999 100 19994 195
910.997 103 19993 195
911.995 102 19998 195
913 104 19992 195
913.999 105 19996 197
915 106 19994 197
915.998 105 19997 196
916.998 105 19994 195
917.998 105 19997 195
918.999 104 19995 194
919.994 105 19997 196
921 107 19994 197
921.999 105 19993 195
923 106 19993 194
923.999 106 19993 193
925 106 19996 193
925.999 104 19993 190
926.998 105 19998 190
928 107 19994 190
928.995 107 19994 190
929.998 106 19994 189
931 106 19994 191
931.999 104 19994 188
932.997 103 19998 187
933.999 102 19997 186
934.999 103 19996 186
935.999 102 19994 185
936.999 103 19995 185
937.999 104 19995 184
939 104 19991 184
939.999 104 19994 186
940.999 102 19992 184
941.998 104 19999 186
942.99 102 20000 185
944 102 19996 185
945 101 19994 185
945.998 101 19996 185
946.999 100 19994 185
948 100 19995 188
948.999 98 19995 188
950 98 19996 189
950.997 97 19996 190
952 96 19997 186
952.998 96 19997 186
953.997 97 19993 188
954.999 99 19998 189
955.997 100 19997 189
956.999 100 19997 188
957.999 100 19995 187
958.999 100 19997 186
960 99 19995 186
960.993 97 19996 184
962 97 19997 184
962.997 98 19995 184
964 98 19996 183
964.996 101 19997 184
966 101 19990 184
967 103 19998 184
967.998 103 19997 187
968.996 103 19996 186
969.999 103 19996 186
970.998 103 19997 185
971.999 105 19996 188
972.99 104 19997 188
974 103 19995 188
975 103 19994 189
975.998 102 19997 188
976.996 102 19993 191
977.999 102 19998 191
978.999 104 19992 190
979.989 103 19998 189
980.999 102 19994 189
981.999 102 19995 191
982.998 99 19994 190
983.999 99 19997 191
984.999 98 19992 191
985.997 98 19995 192
986.995 98 19997 190
987.998 101 19999 193
988.999 100 19994 193
990 99 19996 194
991 101 19992 194
991.997 102 19997 194
992.999 99 19997 193
994 102 19997 197
994.999 104 19993 197
995.998 104 19994 198
996.991 102 19999 196
997.999 101 19995 196
998.999 100 19998 194
999.999 100 19998 195
1000 100 19997 195
