0.999487 394 19996 394
1.99823 391 19997 391
2.99489 388 19992 388
3.9976 384 19997 384
4.99512 378 19996 378
5.9998 376 19989 376
6.99951 371 19999 372
7.99989 363 19997 364
8.9993 357 19992 360
9.99848 355 19996 360
11 350 19994 356
11.9998 342 19996 349
12.9992 343 19994 350
13.9996 339 19993 347
14.9994 338 19995 346
15.9963 334 19994 343
16.9996 325 19997 336
17.9985 322 19995 333
18.9973 320 19995 331
19.9982 317 19998 328
20.996 316 19994 326
21.999 310 19994 321
22.9953 309 19994 319
23.9977 304 19999 315
24.9918 301 19996 309
25.9973 296 19996 304
26.9977 294 19998 302
27.9992 292 19994 301
28.9999 291 19994 302
29.9993 290 19994 300
31 284 19994 294
31.9999 282 19993 291
32.9993 281 19995 291
33.9997 276 19996 285
34.9992 276 19994 284
35.9898 272 19996 284
36.9916 269 19997 281
38 268 19993 282
38.9997 266 19995 280
39.9999 264 19991 281
40.9993 264 19995 283
41.9998 261 19993 283
42.991 259 19995 281
43.997 257 19994 280
44.9997 254 19998 277
45.9999 252 19991 275
46.9992 249 19992 274
47.9993 246 19994 272
48.9961 244 19997 270
49.9929 243 19994 272
50.9999 241 19993 270
51.9997 239 19995 270
52.9985 237 19995 268
53.999 234 19992 263
54.9996 232 19995 264
55.9999 228 19995 262
56.9988 227 19996 260
57.9999 227 19998 259
58.9993 223 19998 258
59.9977 220 19997 256
60.9999 219 19993 256
61.9955 213 19995 252
62.9991 210 19996 251
63.9954 208 19998 249
64.9993 203 19997 245
65.9985 202 19994 243
66.9999 201 19996 242
67.9987 198 19999 237
68.9998 192 19998 231
69.9997 188 19998 228
70.9949 187 19991 228
71.9993 186 19997 228
72.9975 184 19996 226
73.9958 180 19999 223
74.9997 173 19996 217
75.9999 171 19994 215
76.9949 168 19995 214
77.9992 164 19993 210
78.9967 161 19995 207
79.9998 161 19994 208
80.9966 159 19997 208
81.9998 157 19995 208
82.9982 157 19997 209
83.9996 158 19997 212
84.999 157 19995 211
85.9989 159 19996 211
86.9965 158 19994 214
87.9998 156 19995 212
88.9999 156 19993 210
89.9966 155 19997 209
90.9982 154 19996 208
91.9998 153 19997 209
92.9992 154 19994 209
93.9998 153 19992 210
94.9983 152 19997 209
95.9999 152 19997 209
96.9983 150 19995 207
97.9983 150 19998 207
98.9985 149 19996 205
99.9997 149 19996 205
101 149 19996 204
101.999 149 19991 206
102.998 149 19995 207
103.999 149 19993 207
104.999 149 19995 207
105.999 147 19996 205
106.999 145 19994 205
107.999 144 19995 204
108.998 145 19994 204
110 143 19994 204
110.997 140 19999 201
111.997 140 19996 202
113 136 19998 200
113.999 130 19993 195
114.999 128 19998 194
115.995 127 19996 194
116.994 126 19995 192
118 126 19992 190
119 126 19994 192
119.998 126 19997 191
121 124 19996 189
122 122 19999 189
122.996 121 19996 188
123.996 120 19996 188
124.998 117 19999 185
125.999 115 19997 183
126.996 114 19994 183
127.999 114 19999 182
128.999 115 19997 183
129.998 115 19999 182
130.994 114 19997 182
132 113 19996 181
133 113 19996 181
133.999 113 19998 183
134.999 113 19996 181
135.999 111 19998 179
136.999 111 19998 180
138 111 19993 180
139 110 19995 178
139.997 109 19997 178
141 107 19994 175
141.998 104 19994 173
142.999 105 19998 173
143.998 104 19998 173
144.999 103 19994 173
145.997 102 19996 173
146.999 100 19998 172
147.999 100 19995 173
148.995 101 19997 174
149.993 100 19997 174
151 100 19996 174
152 99 19995 173
152.999 101 19996 175
154 102 19995 176
154.997 102 19998 176
155.999 101 19992 175
156.999 101 19996 175
157.999 101 19998 175
159 99 19992 174
159.992 99 19996 173
160.999 100 19992 173
161.996 100 19997 172
162.999 97 19993 169
163.995 97 19991 172
164.999 97 19997 172
165.999 97 19998 172
167 96 19995 173
167.998 95 19999 173
169 93 19994 172
169.998 91 19995 170
170.997 94 19995 171
171.999 96 19996 173
173 96 19994 173
174 95 19994 171
175 93 19993 171
176 95 19996 172
176.994 96 19997 172
177.998 95 19995 173
178.999 95 19995 172
179.999 94 19999 173
180.999 93 19993 173
181.993 95 19994 172
182.995 95 19994 174
183.996 96 19996 177
185 96 19996 177
185.995 97 19999 179
186.993 99 19999 179
187.998 98 19995 178
188.997 97 19998 178
189.999 96 19994 180
190.998 95 19992 180
191.998 95 19997 179
193 96 19998 180
193.998 96 19993 178
194.999 94 19992 179
195.999 95 19999 181
197 95 19995 183
197.996 95 19997 183
198.997 95 19997 185
199.997 94 19997 183
200.996 94 19998 184
201.998 94 19996 185
202.997 94 19991 184
204 90 19994 181
205 89 19994 181
206 89 19995 181
207 90 19994 181
207.999 90 19998 180
208.998 88 19997 179
210 89 19994 181
210.997 87 19992 180
212 86 19996 180
212.999 87 19993 181
213.997 87 19994 179
215 90 19995 182
216 92 19991 182
216.998 92 19997 184
217.998 92 19999 185
218.998 90 19996 182
220 90 19995 185
221 91 19993 185
221.997 91 19997 185
222.989 92 19996 185
223.997 95 19993 187
224.998 95 19995 187
225.999 94 19995 187
226.996 93 19995 186
227.999 91 19994 184
228.998 92 19996 186
230 91 19995 186
230.997 92 19997 187
231.998 93 19997 186
232.998 91 19996 187
233.995 92 19996 187
234.998 93 19995 187
235.998 96 19994 187
236.999 95 19998 186
237.999 95 19997 185
238.997 93 19997 186
240 93 19997 185
241 93 19996 185
241.996 94 19995 186
242.998 93 19995 186
243.995 92 19997 185
244.998 95 19993 188
245.999 94 19995 188
246.999 96 19997 187
247.996 96 19998 187
248.999 97 19995 188
250 99 19995 191
250.997 99 19994 192
251.997 98 19994 193
253 98 19994 193
253.998 100 19995 193
255 100 19995 195
255.997 99 19993 195
257 99 19997 195
257.999 99 19997 194
259 99 19996 195
259.998 100 19995 195
261 100 19993 195
261.997 100 19998 195
263 101 19990 196
263.997 101 19995 198
264.999 101 19993 199
266 100 19994 198
267 99 19994 197
267.997 100 19997 200
268.999 99 19993 199
269.999 99 19998 203
270.997 101 19995 204
271.995 99 19997 204
273 102 19994 204
274 103 19999 206
274.999 102 19996 206
275.997 103 19995 205
276.999 103 19995 208
277.999 102 19996 209
278.998 101 19998 207
279.999 100 19996 207
280.995 101 20000 208
282 102 19995 208
282.998 103 19993 208
283.999 102 19993 209
284.999 102 19995 209
285.999 102 19998 208
286.999 104 19996 209
287.999 104 19992 212
288.997 106 19998 218
289.996 108 19998 218
290.989 108 19998 220
292 107 19994 219
292.999 105 19995 218
294 107 19994 217
294.998 108 19998 217
296 106 19994 215
297 106 19996 216
297.995 108 19996 220
298.999 107 19998 217
299.999 107 19996 216
300.999 108 19999 216
301.999 109 19994 217
303 108 19997 218
303.996 108 19994 218
305 107 19993 217
306 105 19994 217
307 106 19996 219
307.998 106 19997 218
308.998 106 19997 220
309.993 107 19998 222
310.997 106 19997 222
311.999 108 19991 225
313 109 19996 225
314 108 19993 226
315 107 19998 225
315.999 109 19998 226
316.999 109 19990 225
317.999 110 19994 225
319 110 19993 224
319.997 111 19998 223
320.999 110 19997 226
321.993 111 19994 226
322.996 112 19992 226
323.996 110 19995 224
325 109 19991 224
325.999 112 19996 225
327 111 19994 224
327.999 111 19995 225
328.999 114 19998 227
329.996 116 19998 227
330.999 112 19993 224
332 110 19996 223
333 109 19997 223
334 109 19992 223
335 109 19995 225
335.999 111 19991 227
336.996 111 19996 228
338 112 19994 229
338.991 112 19996 229
339.999 113 19997 229
340.994 112 19995 230
342 113 19988 231
342.996 113 19995 230
343.999 114 19999 231
345 115 19995 229
345.999 118 19994 231
347 120 19994 231
347.999 120 19993 231
348.998 120 19995 231
349.998 122 19995 231
350.999 124 19996 232
351.999 122 19995 231
353 126 19996 233
353.995 127 19994 232
355 127 19996 232
356 129 19997 233
356.994 127 19999 232
358 127 19997 232
358.998 127 19995 230
359.998 125 19996 228
360.996 125 19995 228
361.999 123 19995 230
362.997 121 19992 229
364 119 19995 229
364.999 117 19993 229
366 120 19992 230
367 120 19997 231
367.991 122 19999 231
368.998 121 19998 230
370 120 19997 231
371 121 19994 230
371.998 120 19995 230
373 119 19995 228
374 117 19995 228
375 117 19994 226
375.997 117 19997 225
376.999 117 19998 225
377.998 117 19995 226
378.999 118 19996 226
379.998 118 19996 226
380.999 116 19997 225
381.999 116 19995 224
383 115 19995 223
383.994 115 19997 222
384.999 114 19996 222
386 114 19991 220
386.997 112 19996 219
387.995 112 19997 219
388.999 112 19994 220
390 110 19990 219
390.998 109 19995 218
392 110 19994 218
392.997 111 19995 218
393.996 113 19994 220
394.998 112 19997 219
395.999 111 19991 218
396.999 110 19996 218
397.998 111 19993 221
399 114 19992 223
399.998 112 19998 221
400.997 115 19994 223
402 118 19997 223
402.999 118 19992 224
403.999 117 19995 223
404.993 119 19996 224
406 119 19998 224
406.998 117 19993 221
407.999 116 19994 225
408.997 117 19995 224
409.993 116 19997 224
410.997 117 19995 225
411.999 116 19995 226
412.995 116 19996 225
413.999 115 19990 226
415 115 19993 226
416 114 19995 224
416.999 114 19993 225
417.998 112 19995 223
418.999 112 19997 223
419.997 113 19997 223
420.996 114 19997 223
421.997 115 19996 222
423 113 19990 221
423.992 114 19994 221
424.999 114 19991 224
425.997 112 20000 222
426.997 113 19997 222
427.999 113 19994 222
429 112 19992 222
429.998 110 19994 220
430.999 109 19994 219
431.998 109 19991 220
432.998 108 19996 218
433.999 108 19999 219
434.999 108 19995 219
435.999 108 19996 219
436.999 108 19995 220
438 108 19998 221
438.998 108 19997 223
439.998 106 19992 222
441 105 19993 221
441.999 105 19998 218
442.999 107 19997 217
444 108 19996 219
444.999 107 19991 219
446 107 19995 220
447 107 19993 219
448 105 19997 217
448.999 105 19994 216
449.999 105 19995 214
450.996 106 19996 214
451.999 105 19996 214
452.997 107 19993 216
453.998 106 19992 218
454.999 105 19998 217
455.995 106 19997 216
456.999 106 19994 216
457.995 106 19994 218
459 105 19994 217
460 105 19996 217
460.999 103 19993 216
461.991 105 19995 218
462.999 104 19995 217
463.999 106 19997 218
464.998 103 19996 215
466 103 19992 218
467 102 19995 217
467.997 101 19999 216
469 100 19994 215
469.998 99 19996 214
471 99 19996 213
471.996 99 19993 213
473 100 19991 212
473.999 102 19993 214
474.994 105 19998 214
475.996 103 19993 213
476.999 102 19994 212
477.998 102 19995 214
478.995 104 19993 214
479.999 104 19998 215
480.998 104 19995 218
481.999 103 19992 216
482.998 102 19996 216
483.999 103 19995 216
484.995 105 19997 216
485.991 109 19997 219
486.999 109 19996 218
488 110 19999 218
488.998 110 19994 220
490 110 19993 221
490.999 111 19994 222
491.998 112 19995 221
492.999 113 19994 223
494 113 19997 223
495 114 19992 223
495.997 113 19996 223
496.993 113 19997 223
497.999 115 19997 221
499 115 19998 223
499.995 116 19996 222
500.997 114 19995 219
501.993 113 19998 219
502.998 115 19995 221
503.999 117 19997 223
505 117 19993 224
506 117 19995 222
506.997 116 19996 221
507.997 112 19997 217
508.997 113 19995 217
510 115 19995 220
510.999 115 19995 219
512 114 19990 219
512.999 116 19995 221
513.998 115 19994 218
514.999 116 19995 217
516 117 19997 218
516.997 114 19995 216
517.997 113 19997 218
518.996 112 19996 219
519.997 113 19998 219
520.993 114 19998 220
522 114 19995 222
522.999 116 19993 221
523.993 116 19998 220
525 115 19992 218
526 115 19997 221
527 113 19996 218
527.998 114 19998 219
528.999 114 19995 219
529.993 113 19999 218
530.999 113 19995 218
531.999 113 19992 217
533 112 19994 214
533.999 112 19998 217
534.997 111 19997 215
536 112 19996 217
537 114 19999 218
538 114 19995 218
539 115 19992 217
539.999 115 19995 218
540.998 115 19996 217
541.999 115 19997 219
542.999 114 19997 221
543.999 113 19996 221
544.998 112 19995 220
546 110 19993 219
546.999 110 19997 218
547.998 110 19993 219
549 110 19994 220
549.992 110 19995 220
550.998 111 19997 221
552 110 19997 219
553 110 19994 218
554 110 19996 218
554.999 111 19996 216
555.997 112 19995 217
557 114 19997 218
558 112 19993 217
558.999 114 19994 217
559.999 112 19994 216
560.997 110 19998 214
561.999 109 19994 213
562.999 108 19996 213
563.998 108 19999 213
564.999 108 19990 214
565.998 110 19996 215
566.998 111 19992 217
567.998 113 19995 218
568.997 113 19998 218
570 114 19994 217
570.999 117 19998 218
572 118 19996 218
573 118 19995 218
573.999 118 19996 217
575 121 19998 217
575.999 117 19993 214
576.998 117 19994 213
577.998 117 19995 213
578.999 118 19992 213
579.999 118 19996 214
580.998 119 19990 214
581.998 117 19997 212
582.999 117 19994 211
583.996 118 19996 211
585 117 19989 211
585.999 116 19996 209
586.999 116 19997 209
587.997 118 19997 210
588.998 115 19999 208
589.999 115 19993 209
591 116 19998 208
592 116 19998 207
592.996 117 19995 206
593.998 116 19997 205
595 117 19994 205
595.999 118 19991 206
597 117 19993 206
597.995 117 19996 208
598.999 118 19996 208
600 119 19997 209
600.999 118 19997 209
601.998 117 19999 207
602.999 118 19998 208
604 118 19992 209
604.999 121 19998 209
605.998 119 19990 207
607 121 19997 208
607.996 121 19992 208
608.999 121 19997 208
610 122 19993 210
611 123 19993 210
611.994 123 19997 211
612.999 121 19995 208
613.999 119 19997 208
614.998 119 19993 206
615.999 119 19998 208
616.999 118 19995 209
618 117 19994 207
618.998 117 19992 208
619.999 117 19997 207
620.998 116 19998 205
622 116 19998 205
622.998 116 19994 206
623.998 116 19995 206
624.998 116 19997 207
625.997 115 19998 206
626.999 115 19994 207
627.999 115 19995 206
628.999 115 19995 207
629.994 115 19995 205
630.998 112 19995 204
631.999 112 19998 203
632.998 110 19999 201
634 107 19994 199
635 110 19995 199
635.996 110 19999 200
637 104 19997 197
637.999 103 19994 199
639 102 19996 199
639.996 102 19996 199
641 102 19996 200
641.999 102 19995 199
643 104 19997 197
643.999 106 19990 200
645 106 19996 202
646 104 19996 200
646.987 104 19995 202
647.999 104 19994 201
648.997 102 19992 202
649.999 101 19995 200
650.998 100 19995 201
651.994 101 19996 201
652.999 101 19993 201
653.999 100 19998 202
654.998 99 19998 203
655.997 100 19997 202
657 101 19993 201
657.998 98 19996 199
658.999 100 19996 199
660 98 19996 197
661 99 19997 197
661.997 100 19997 198
663 96 19998 194
663.995 97 19996 194
664.998 94 19998 195
665.999 96 19997 194
667 94 19991 193
668 95 19995 193
669 94 19993 194
670 93 19996 193
671 92 19997 191
671.993 93 19998 191
672.999 94 19996 191
673.999 93 19997 190
675 91 19994 186
675.999 90 19999 185
676.999 90 19996 186
677.997 89 19997 185
679 86 19999 185
679.998 88 19999 185
680.993 88 19997 184
682 88 19997 184
683 87 19997 184
683.992 87 19993 187
684.999 85 19999 185
686 84 19996 185
686.991 84 19996 188
687.998 84 19993 188
688.998 85 19994 187
689.999 85 19993 187
690.999 82 19996 184
692 82 19992 186
693 79 19995 183
693.999 77 19998 182
694.996 78 19997 184
695.999 78 19989 184
697 78 19993 185
698 77 19995 185
699 76 19995 184
699.999 77 19997 184
700.999 78 19993 184
702 81 19997 183
703 79 19994 181
703.997 80 19996 181
704.999 80 19997 182
705.994 80 19996 181
706.999 82 19998 180
707.998 82 19996 181
708.999 81 19994 180
709.998 82 19995 180
710.994 83 19997 183
711.999 84 19996 184
712.998 85 19992 185
713.999 86 19998 187
715 85 19992 188
715.999 85 19994 190
716.999 85 19995 189
717.999 84 19994 188
718.999 86 19997 190
719.999 86 19994 188
721 86 19997 186
721.999 89 19996 186
722.998 90 19996 186
723.999 89 19996 186
724.997 90 19999 189
725.996 94 19993 191
726.996 92 19999 188
728 92 19994 188
728.999 93 19996 187
729.999 92 19997 187
730.997 92 19994 187
731.999 91 19991 187
733 90 19994 185
733.998 88 19997 184
735 89 19991 185
736 86 19994 185
736.999 86 19995 184
738 86 19998 185
738.996 85 19996 185
740 83 19997 186
740.999 86 19997 187
742 88 19997 187
742.997 89 19994 187
743.999 89 19996 187
744.996 88 19998 186
746 89 19995 187
746.999 91 19995 187
747.992 91 20000 187
749 93 19995 187
749.999 94 19996 188
750.996 92 19998 187
751.997 95 19994 188
752.996 96 19997 191
754 97 19994 192
754.998 97 19997 192
755.999 98 19990 192
756.999 97 19998 192
757.998 97 19996 191
758.999 97 19992 191
759.996 95 19990 191
760.999 95 19997 192
761.999 96 19997 194
763 95 19993 192
763.999 95 19991 192
765 96 19996 192
765.998 96 19999 192
766.997 96 19997 193
767.999 95 19994 194
768.994 94 19998 193
769.996 93 19995 192
770.997 94 19998 193
771.997 93 19995 193
773 93 19997 191
774 93 19991 192
775 91 19999 190
775.999 91 19998 190
776.999 93 19993 190
777.995 94 19996 189
778.999 95 19996 193
780 96 19987 193
780.995 97 19998 194
781.996 97 19993 195
783 96 19996 195
783.999 96 19998 195
784.998 99 19994 197
785.997 98 19996 197
787 97 19994 196
787.995 99 19999 198
788.995 98 19996 198
789.999 101 19999 198
790.998 100 19997 198
792 100 19995 197
793 101 19989 197
793.997 103 19998 197
795 105 19996 198
796 105 19997 198
796.994 104 19998 197
798 105 19994 196
798.999 103 19995 194
800 102 19995 194
800.993 101 19997 193
802 102 19995 193
803 103 19995 196
803.999 103 19996 196
804.995 104 19997 200
805.997 104 19996 200
806.997 105 19993 201
807.999 105 19998 200
808.996 104 19990 201
809.999 104 19991 201
810.999 105 19996 200
811.999 106 19998 203
812.999 104 19996 201
813.999 101 19996 199
814.999 101 19999 200
815.998 103 19997 200
816.999 103 19996 200
818 104 20000 201
818.996 103 19992 201
819.998 103 19997 200
820.999 101 19994 198
821.997 99 19996 198
822.997 98 19996 196
824 98 19995 198
825 98 19996 198
825.999 97 19996 197
827 95 19995 195
827.999 95 19997 196
828.999 95 19996 196
829.998 95 19990 198
830.998 96 19995 198
831.997 98 19996 198
832.998 95 19996 197
833.999 93 19997 196
835 95 19997 197
835.999 95 19993 197
836.996 96 19997 197
838 97 19994 197
838.998 96 19995 197
839.998 98 19998 197
840.994 96 19998 195
841.998 98 19993 196
842.999 96 19999 194
843.998 95 19995 196
844.997 96 19994 198
845.996 97 19998 197
847 98 19992 199
848 100 19996 198
848.999 102 19992 200
849.998 105 19996 200
850.999 106 19995 200
851.999 105 19992 203
853 109 19996 204
853.997 109 19996 204
854.998 110 19996 205
855.997 110 19995 207
857 110 19995 207
857.999 112 19993 206
858.999 110 19993 204
859.999 111 19997 204
860.997 113 19992 205
861.999 112 19996 203
863 111 19994 202
863.999 111 19994 203
864.999 109 19997 201
866 108 19994 200
866.998 109 19997 200
867.99 109 19996 201
868.999 110 19994 201
869.996 110 19999 204
871 109 19995 201
871.997 110 19998 202
873 109 19996 200
873.998 109 19996 200
874.999 109 19993 201
875.999 108 19997 200
876.99 109 19997 202
877.999 109 19995 201
878.999 107 19996 199
879.999 106 19996 197
880.998 104 19995 195
882 104 19996 196
883 100 19995 193
883.999 98 19996 193
884.997 95 19997 190
885.991 95 19995 191
886.999 97 19998 191
887.998 97 19999 190
888.998 97 19996 188
890 97 19990 189
890.999 97 19995 188
891.996 97 19997 189
893 98 19997 192
894 98 19992 192
894.998 97 19994 192
896 98 19996 190
896.998 98 19997 191
897.998 99 20000 192
899 100 19993 193
900 101 19994 194
900.996 101 19998 196
902 98 19994 193
902.999 98 19996 192
903.997 98 19996 193
905 96 19996 193
905.999 96 19997 193
907 93 19996 191
908 92 19993 189
908.995 93 19996 189
909.999 94 19997 189
910.997 94 19995 188
911.997 95 19994 189
912.998 94 19994 189
913.999 96 19994 189
914.997 98 19991 189
916 100 19996 190
916.999 99 19993 189
917.999 99 19996 189
918.997 98 19996 187
919.998 96 19993 185
920.998 96 19997 184
921.997 98 19994 184
922.99 100 19998 185
924 99 19995 184
924.999 101 19992 187
925.999 99 19995 186
927 99 19999 187
928 100 19996 186
929 104 19998 188
929.998 103 19996 188
931 104 19997 187
932 104 19990 187
932.999 103 19996 183
934 104 19991 184
934.999 106 19993 184
935.999 105 19994 182
936.995 105 19998 182
937.998 104 19996 181
939 102 19995 179
939.998 105 19998 178
940.997 104 19994 176
942 104 19994 177
943 102 19997 176
943.998 101 19994 176
945 101 19996 176
946 99 19996 173
946.998 99 19992 171
947.999 97 19997 170
948.997 97 19996 173
950 98 19997 172
950.998 100 19994 173
952 98 19997 172
952.996 97 19993 171
954 97 19995 171
954.997 96 19995 171
956 95 19996 170
956.993 93 19998 170
957.994 95 19999 171
958.999 93 19995 169
959.999 91 19994 167
961 90 19997 169
961.999 88 19996 167
962.999 89 19996 168
963.998 90 19998 167
964.999 92 19995 170
965.999 91 19996 168
967 90 19999 166
968 90 19997 167
969 89 19993 168
969.997 89 19998 168
970.998 89 19995 167
971.999 91 19995 166
972.998 89 19998 165
974 87 19993 163
974.999 88 19997 163
976 88 19994 163
976.999 88 19992 162
978 87 19998 161
978.999 87 19996 162
980 86 19993 160
980.998 86 19993 161
981.999 88 19994 162
982.998 87 19996 160
984 86 19997 160
985 86 19998 158
986 86 20000 160
987 85 19993 162
988 85 19996 163
988.999 82 19994 161
990 82 19997 160
991 82 19989 160
991.999 80 19993 161
992.999 80 19996 162
993.999 82 19996 163
994.998 82 19999 164
995.999 82 19992 164
997 82 19995 166
997.998 82 19998 168
999 80 19995 167
999.998 80 19995 167
1000.01 80 19994 167
