0.998654 397 19994 397
1.99899 392 19997 392
2.9989 386 19998 386
3.99869 383 19995 383
4.99879 380 19998 380
5.99928 376 19990 376
6.99447 375 19996 375
7.99716 370 19997 371
8.99996 367 19995 368
9.99709 364 19996 365
10.994 358 19995 359
11.9973 357 19997 358
12.9997 352 19996 353
13.9941 348 19997 350
14.9989 346 19999 348
15.9956 343 19997 347
16.999 342 19993 347
18 338 19995 342
18.9998 333 19994 337
19.9998 331 19998 335
20.9999 328 19993 332
21.997 324 19996 330
22.9998 321 19997 327
23.9986 314 19997 319
24.9994 310 19995 315
25.998 307 19997 313
26.9962 307 19996 314
27.9992 305 19992 315
28.999 302 19998 313
29.9999 301 19996 312
30.9992 298 19996 309
32 296 19996 309
32.9989 295 19998 311
33.9956 294 19997 310
34.999 291 19994 308
35.9995 290 19995 309
36.9976 285 19994 307
37.9999 283 19995 305
38.9963 281 19997 303
39.9994 280 19995 303
40.999 281 19996 303
41.9919 278 19994 302
42.9973 277 19997 301
43.9995 273 19995 297
44.9987 274 19994 297
45.9997 273 19997 295
46.9977 269 19992 292
47.9974 265 19997 289
48.9996 265 19994 292
49.9946 262 19997 289
50.9986 260 19999 287
51.9979 259 19997 283
52.9954 257 19995 282
53.9997 255 19998 282
54.9998 253 19995 281
55.9997 251 19997 280
56.9994 247 19996 276
57.9986 245 19995 275
58.9995 244 19994 274
59.9996 237 19993 268
60.9999 236 19996 267
61.9999 233 19993 265
63 230 19998 262
63.9975 229 19997 260
64.9989 228 19994 257
65.999 227 19997 258
66.9976 230 19995 259
67.9998 228 19991 259
68.9997 227 19998 258
69.9984 225 19996 256
70.9997 225 19998 255
71.9996 219 19992 251
72.9955 219 19996 251
73.998 218 19996 250
74.9995 216 19996 248
75.998 214 19999 246
76.9817 211 19996 242
77.9998 208 19992 241
78.9981 207 19996 243
79.9998 206 19994 244
80.9998 204 19992 243
81.998 203 19999 243
82.9946 203 19996 241
83.9962 202 19995 239
84.9992 197 19994 234
85.9995 196 19998 235
86.9991 194 19994 234
87.995 193 19994 234
88.9975 195 19996 234
89.9993 194 19994 237
90.9998 192 19994 236
91.9993 191 19998 235
92.9999 188 19997 233
93.997 187 19992 234
94.9996 185 19995 234
95.9998 186 19992 238
96.9995 185 19997 239
97.9976 185 19996 237
98.9967 187 19996 239
99.9972 183 19996 235
100.999 182 19994 234
101.999 181 19997 234
103 181 19995 235
103.998 177 19993 231
104.998 175 19993 230
106 174 19995 229
106.998 172 19996 227
108 168 19993 224
108.997 168 19995 226
109.998 168 19997 226
111 169 19995 228
111.997 169 19995 228
112.999 170 19998 230
114 168 19999 229
114.993 168 19996 225
115.996 166 19997 225
117 166 19992 227
118 163 19997 225
118.999 163 19994 228
119.997 163 19998 229
120.999 161 19995 228
121.999 162 19998 227
122.999 158 19998 224
123.999 155 19995 221
124.999 155 19994 222
125.999 154 19994 222
126.998 153 19996 222
127.998 152 19996 221
128.999 150 19996 220
129.999 149 19997 219
131 149 19995 221
132 149 19997 223
133 149 19996 223
134 149 19993 223
135 150 19992 223
135.999 148 19997 221
136.998 149 19990 222
137.999 148 19998 221
138.992 149 19997 223
139.999 146 19993 220
140.999 147 19995 218
141.993 148 19998 219
143 149 19993 218
143.999 151 19994 218
145 149 19994 217
145.999 151 19992 219
147 151 19995 218
147.996 151 19995 217
148.999 154 19997 218
149.992 154 20000 216
150.998 151 19997 213
152 151 19995 212
152.999 150 19998 210
153.999 151 19998 210
154.995 150 19997 209
155.999 149 19997 208
156.999 150 19998 209
158 150 19992 210
158.999 151 19996 209
159.999 150 19994 209
160.994 151 19995 209
161.999 151 19995 209
162.999 151 19995 209
163.999 148 19995 206
164.999 147 19996 205
165.994 148 19998 206
166.993 148 19996 205
167.996 147 19994 205
168.998 146 19998 204
170 146 19993 206
170.999 146 19994 205
171.999 144 19997 203
172.999 144 19993 205
174 144 19994 205
174.996 140 19995 203
175.994 138 19995 205
176.998 138 19990 204
177.997 136 19998 203
179 134 19995 201
180 137 19996 203
181 139 19993 203
181.996 137 19993 202
182.999 132 19996 198
183.994 129 19994 197
185 128 19991 197
186 126 19996 196
186.996 124 19999 194
187.996 125 19995 193
188.997 124 19993 192
189.998 121 19997 189
191 124 19995 190
192 127 19994 189
193 126 19992 187
193.992 122 19993 185
194.999 120 19998 186
196 121 19994 188
196.999 121 19997 190
197.995 120 19993 190
198.999 121 19991 192
199.999 120 19995 192
201 119 19997 192
202 119 19996 192
202.998 119 19998 192
203.999 118 19994 192
204.998 118 19992 194
206 117 19996 192
207 119 19989 192
207.995 115 19998 188
209 114 19994 187
209.999 113 19995 186
210.998 114 19997 185
211.996 112 19993 183
212.999 113 19995 185
214 114 19995 189
214.999 112 19994 187
216 111 19995 186
216.999 110 19997 186
218 110 19999 185
219 109 19995 184
219.998 107 19996 181
220.995 106 19998 180
221.999 105 19998 180
223 106 19995 181
223.999 106 19995 183
225 106 19998 184
225.996 106 19996 184
226.997 106 19996 184
228 106 19997 183
228.996 106 19995 184
229.997 105 19998 184
230.999 105 19995 186
231.999 104 19997 187
232.997 104 19996 187
234 104 19993 188
234.999 102 19995 187
236 104 19995 187
236.999 106 19994 187
237.997 106 19998 187
238.997 104 19998 187
239.999 103 19992 185
240.995 105 19998 186
241.999 107 19992 186
242.999 107 19997 184
243.999 105 19994 183
244.995 104 19994 182
246 103 19996 181
246.999 102 19998 180
247.999 102 19996 180
248.999 100 19996 179
249.996 99 19994 180
251 101 19998 184
252 99 19994 183
252.998 99 19997 182
253.999 99 19996 182
254.999 99 19994 182
256 100 19995 181
256.999 98 19995 179
257.999 97 19994 179
258.998 97 19996 178
259.999 97 19994 176
261 96 19996 176
261.999 96 19996 175
262.999 95 19993 174
263.999 95 19992 176
264.994 96 19994 177
265.999 94 19998 175
266.997 94 19997 175
267.995 94 19997 177
268.999 94 19993 179
270 95 19992 182
270.991 97 19998 183
271.997 98 19994 184
273 100 19991 185
274 100 19991 184
275 99 19998 183
275.995 100 19994 185
276.998 99 19995 186
277.993 100 19995 186
278.998 101 19997 186
280 101 19998 185
281 99 19995 185
281.999 101 19996 185
282.999 101 19996 184
283.998 101 19994 183
284.993 101 19997 185
286 100 19996 185
286.999 99 19998 184
287.999 100 19999 185
289 99 19995 184
289.999 99 19994 184
290.994 101 19993 185
291.999 103 19997 186
293 103 19994 185
293.998 103 19995 190
294.998 104 19998 190
295.999 105 19996 190
297 104 19995 191
297.999 104 19996 190
298.997 104 19993 190
299.999 103 19997 189
300.998 103 19993 190
301.998 103 19993 191
302.999 104 19996 194
303.998 103 19997 193
304.996 104 19997 194
305.99 105 19998 193
306.998 105 19997 193
307.999 106 19995 192
309 105 19996 191
309.998 105 19993 192
310.997 104 19997 192
311.998 104 19996 195
313 104 19995 195
313.998 104 19997 197
314.995 106 19999 200
315.995 104 19998 199
316.999 103 19999 198
317.998 100 19993 197
318.998 100 19998 197
319.998 101 19998 195
320.999 100 19998 197
321.996 103 19993 196
322.989 102 19998 194
323.997 101 19998 195
325 101 19996 195
325.996 98 19997 194
327 99 19998 194
327.995 100 19996 193
328.998 100 19997 194
329.999 99 19999 193
331 98 19996 195
331.995 98 19998 194
333 98 19995 195
333.994 99 19995 197
334.999 104 19995 197
335.999 106 19993 196
336.999 105 19997 196
337.992 104 19998 197
338.997 105 19994 198
339.999 103 19997 196
340.998 104 19994 199
341.997 104 19999 198
343 104 19992 196
344 103 19995 197
345 105 19996 195
345.999 105 19998 197
347 108 19994 199
347.999 105 19994 195
349 104 19998 196
349.999 105 19996 198
350.999 102 19997 194
351.994 104 19996 193
352.999 105 19997 192
353.999 104 19999 193
354.997 105 19998 194
355.999 105 19998 195
356.999 104 19997 194
357.996 105 19996 194
358.999 104 19994 196
359.998 103 19996 197
361 104 19996 197
362 105 19993 197
362.996 104 19992 196
364 104 19997 195
364.995 103 19997 193
365.997 103 19997 192
366.998 103 19995 193
367.999 104 19993 195
368.994 101 19989 193
369.998 101 19994 193
371 103 19991 193
372 103 19996 194
372.998 104 19999 195
373.999 105 19997 196
374.999 104 19996 197
375.998 104 19996 197
376.999 105 19994 200
378 106 19997 203
379 104 19991 201
379.999 104 19997 201
381 107 19995 200
381.999 106 19996 199
382.998 108 19993 200
384 109 19996 201
384.997 110 19994 201
385.993 110 19997 201
386.999 109 19995 202
388 109 19993 202
388.999 110 19999 202
390 111 19992 203
390.997 109 19995 201
391.995 109 19998 201
393 109 19996 201
393.998 107 19993 198
394.997 106 19995 198
395.998 107 19998 199
397 106 19996 199
397.999 106 19995 201
398.995 106 19996 202
399.998 106 19998 201
400.997 106 19997 199
401.999 108 19998 198
403 107 19996 197
404 109 19992 199
404.995 108 19997 198
405.998 108 19998 197
406.997 107 19996 197
407.999 106 19997 195
408.999 104 19993 195
409.998 104 19999 195
411 104 19991 195
411.999 104 19998 195
412.998 103 19996 193
413.999 103 19996 194
414.993 106 19999 194
415.998 106 19997 194
416.997 107 19997 195
417.998 108 19993 195
418.997 109 19999 197
419.998 109 19995 196
421 108 19994 197
422 108 19996 200
422.999 107 19997 199
424 105 19997 197
424.999 106 19993 198
425.999 106 19997 198
426.999 107 19996 200
427.999 107 19996 200
428.998 107 19996 199
430 105 19993 197
430.999 106 19995 197
431.999 104 19996 197
433 104 19992 196
433.999 102 19999 194
434.997 103 19995 194
435.995 104 19995 195
437 103 19996 193
437.999 104 19996 195
438.999 107 19995 198
440 109 19992 198
440.999 107 19997 196
442 107 19998 196
443 106 19995 195
443.998 105 19991 194
445 105 19996 195
445.999 105 19997 195
446.999 105 19997 194
447.999 108 19993 197
448.998 109 19995 196
450 106 19996 192
450.999 105 19993 192
451.998 104 19998 193
452.997 104 19997 193
453.997 104 19996 193
455 104 19994 193
455.999 106 19991 195
456.997 108 19998 195
458 108 19996 195
458.999 108 19994 195
460 107 19994 195
460.999 105 19998 194
461.999 105 19995 196
462.999 106 19996 194
463.995 104 19995 193
464.996 105 19998 194
465.999 104 19994 194
467 104 19997 197
467.999 105 19997 195
469 106 19992 196
469.999 105 19999 194
471 105 19992 193
471.999 105 19993 195
473 103 19997 192
474 101 19993 189
474.999 97 19996 185
475.999 98 19996 185
476.999 97 19997 182
478 96 19995 182
478.999 94 19990 182
479.999 95 19995 181
481 94 19995 181
481.999 93 19995 181
483 95 19990 181
483.998 95 19997 180
485 96 19992 181
485.998 97 19999 183
486.998 98 19997 182
488 97 19997 181
489 98 19996 180
490 101 19998 179
490.998 100 19996 176
491.999 99 19997 176
493 99 19995 176
494 99 19994 176
495 98 19994 176
495.999 97 19996 177
497 96 19994 174
497.999 95 19990 173
499 95 19997 174
499.999 97 19995 173
500.999 97 19996 176
501.998 95 19995 175
502.998 94 19993 174
503.998 92 19993 171
504.999 93 19997 170
506 93 19999 171
506.993 93 19996 172
508 93 19994 172
508.991 94 19996 171
510 94 19992 170
510.996 92 19998 169
511.995 92 19996 170
513 93 19994 171
513.994 92 19997 170
514.997 91 19997 168
516 90 19993 168
516.999 90 19996 168
517.996 87 19995 167
519 87 19995 169
519.999 85 19995 168
520.999 86 19997 168
522 87 19994 167
522.997 85 19995 168
524 85 19993 170
525 85 19997 169
525.999 85 19997 168
526.998 85 19993 169
527.999 86 19992 170
528.998 85 19995 170
529.999 83 19993 175
530.994 85 19996 176
531.998 85 19997 177
532.999 84 19992 178
534 83 19992 176
534.999 83 19993 176
535.999 84 19996 177
536.998 84 19997 176
537.998 86 19997 176
538.998 85 19998 175
539.998 85 19996 177
540.999 84 19996 174
541.998 85 19996 175
543 84 19993 174
543.998 87 19997 173
545 90 19996 173
545.999 88 19994 172
546.999 88 19998 173
547.998 87 19996 174
548.999 88 19996 174
549.998 87 19998 173
550.99 87 19997 175
551.992 87 19999 175
553 87 19998 175
553.999 88 19994 178
554.997 88 19995 179
555.996 88 19997 179
557 88 19993 178
557.997 86 19996 176
559 88 19998 178
559.998 89 19995 180
560.993 92 19998 181
561.998 93 19992 182
563 91 19998 182
564 92 19994 182
564.999 89 19996 180
565.999 89 19997 181
567 90 19994 182
567.998 90 19995 183
569 88 19997 181
569.999 86 19996 181
570.999 86 19996 181
571.989 86 19995 182
573 87 19993 182
573.999 90 19997 185
574.999 87 19995 183
576 86 19993 184
576.999 85 19994 187
577.998 87 19999 189
578.998 88 19998 188
579.999 91 19997 188
581 91 19996 188
582 93 19995 187
583 93 19992 187
583.998 92 19995 187
584.999 92 19994 188
585.998 91 19994 188
586.998 91 19996 187
587.999 91 19995 188
588.999 90 19994 187
590 88 19996 185
590.998 88 19996 188
591.999 85 19996 189
592.993 84 19995 189
593.995 85 19995 189
594.995 87 19996 188
595.997 88 19997 190
596.999 88 19996 191
597.999 87 19995 191
598.998 87 19993 190
599.994 87 19996 190
600.998 87 20000 190
602 86 19998 190
603 85 19997 188
604 85 19996 190
604.998 85 19994 190
605.998 85 19996 189
606.999 86 19992 188
608 90 19995 189
608.997 91 19997 191
610 90 19995 188
610.999 89 19996 186
612 88 19997 186
612.997 89 19993 187
613.997 89 19994 188
614.994 89 19999 188
616 88 19994 189
616.999 89 19996 191
618 88 19998 189
618.993 90 19996 189
619.998 90 19992 191
621 90 19996 190
621.999 89 19996 189
622.998 90 19994 191
624 92 19996 191
624.998 90 19995 189
626 91 19994 189
627 88 19995 186
627.995 86 19993 184
628.997 86 19997 183
629.994 85 19997 184
630.999 85 19997 184
632 87 19997 185
632.996 87 19992 188
633.997 88 19995 190
634.992 88 19999 190
635.998 89 19994 193
637 89 19996 192
638 88 19996 189
638.995 90 19996 190
639.999 89 19995 189
640.998 88 19995 188
642 88 19997 189
642.999 88 19998 190
644 88 19994 189
644.999 88 19996 188
645.999 87 19996 187
646.994 85 19998 187
647.999 83 19996 185
648.995 81 19995 185
650 81 19995 187
650.999 81 19996 189
652 83 19996 190
652.999 83 19992 191
654 84 19995 190
654.999 82 19991 190
655.998 79 19995 188
656.996 76 19998 184
658 77 19997 185
659 80 19999 186
660 81 19996 186
661 82 19996 188
661.999 82 19996 188
662.998 81 19998 188
663.996 80 19998 187
665 81 20000 187
665.998 81 19994 185
666.999 81 19993 185
667.996 81 19995 186
668.995 79 19995 186
670 79 19997 186
670.997 79 19995 184
671.997 78 19996 185
672.997 79 19993 185
673.999 81 19995 186
675 81 19996 186
675.999 82 19997 185
677 82 19991 186
677.998 82 19996 186
678.998 82 19994 186
679.998 84 19994 185
680.998 85 19991 186
681.999 86 19996 186
682.998 84 19997 185
683.998 86 19997 183
685 86 19992 184
685.999 86 19995 183
686.997 85 19995 182
687.998 82 19999 177
688.998 82 19995 177
689.999 82 19998 178
690.997 82 19996 177
691.997 83 19994 178
692.998 85 19998 180
693.999 86 19993 181
695 84 19990 179
695.999 86 19994 180
697 86 19995 180
697.999 86 19996 181
698.999 86 19991 180
700 86 19994 181
700.997 87 19997 182
701.998 87 19996 181
702.999 87 19995 181
703.999 87 19990 182
704.996 86 19995 182
706 85 19996 181
707 85 19991 180
707.999 85 19995 181
708.998 84 19989 181
709.998 85 19995 181
710.999 86 19998 184
712 86 19998 186
712.997 86 19998 185
713.99 84 19996 184
714.999 85 19996 185
716 85 19997 184
716.999 86 19992 185
717.996 85 19995 182
718.999 84 19995 185
719.998 85 19995 187
721 86 19996 190
722 85 19995 190
722.999 84 19995 190
724 83 19996 188
725 84 19996 192
726 84 19997 192
727 87 19993 192
727.989 86 19999 191
728.999 88 19994 194
730 92 19994 195
730.999 87 19998 190
732 86 19994 189
733 89 19997 189
733.999 91 19996 189
734.998 92 19997 190
735.999 92 19992 193
736.996 92 19996 193
737.999 92 19995 196
738.998 93 19993 195
740 92 20000 195
740.999 91 19993 195
742 92 19994 196
742.999 95 19999 197
743.999 96 19999 196
745 97 19995 197
745.996 99 19997 198
746.998 99 19995 199
747.999 100 19994 199
748.997 100 19995 199
750 102 19995 200
750.999 101 19997 198
751.999 98 19996 195
753 97 19997 195
753.999 97 19998 194
754.995 98 19996 193
755.998 97 19996 194
756.997 101 19995 195
757.999 100 19998 195
758.995 100 19997 198
759.998 100 19999 199
760.999 100 19992 198
761.996 100 19999 198
763 100 19996 199
763.986 102 19996 200
764.999 102 19995 200
765.994 101 19996 199
767 101 19996 199
767.995 100 19997 200
768.999 99 19995 199
770 99 19995 201
770.996 100 19998 201
771.998 100 19998 200
772.996 98 19998 199
774 98 19995 199
774.998 99 19995 198
776 101 19997 200
776.999 101 19997 199
778 102 19996 199
778.999 103 19994 200
779.999 103 19999 202
781 106 19996 203
781.999 107 19997 204
782.996 104 19997 200
784 105 19993 203
784.999 104 19992 204
785.999 103 19997 203
786.996 102 19999 203
788 102 19994 204
788.997 101 19996 204
789.998 100 19994 204
790.998 103 19996 203
791.998 102 19997 206
793 103 19994 206
793.999 102 19993 206
794.998 103 19995 208
795.998 103 19991 209
796.999 103 19994 209
797.995 104 19995 210
799 105 19993 210
799.998 105 19994 212
801 106 19995 211
801.997 105 19998 209
803 104 19989 210
803.999 105 19994 211
804.999 105 19995 211
805.996 104 19997 210
806.999 105 19989 210
807.998 105 19997 210
808.999 104 19998 211
809.998 104 19994 212
810.999 104 19997 212
811.997 104 19998 212
812.997 106 19999 213
813.999 109 19993 215
814.999 111 19998 216
815.992 112 19996 216
817 113 19997 215
818 113 19991 215
818.999 114 19995 213
819.998 115 19998 215
820.999 115 19994 214
821.996 114 19995 212
823 114 19994 212
823.999 110 19996 209
824.995 110 19993 211
826 110 19992 210
826.999 108 19994 210
827.998 109 19993 211
828.998 109 19996 212
829.997 108 19995 213
831 110 19996 212
832 108 19998 212
832.997 106 19997 211
833.999 105 19997 210
834.999 105 19995 212
836 106 19994 212
837 106 19993 212
837.998 108 19995 210
839 109 19995 210
840 108 19999 209
840.999 108 19995 208
841.998 107 19995 208
843 107 19996 210
843.997 108 19995 208
844.999 108 19997 207
845.997 108 19997 206
846.999 107 19997 206
847.996 107 19997 210
848.995 106 19996 210
850 107 19997 213
850.997 106 19993 215
852 105 19992 214
852.999 104 19996 213
853.999 101 19999 210
854.999 101 19996 211
856 100 19995 210
856.998 99 19996 208
857.999 98 19995 207
859 98 19993 208
859.998 99 19994 208
860.993 98 20000 207
861.996 96 19993 205
862.999 98 19997 206
864 100 19991 207
864.991 100 19994 208
865.999 97 19994 204
867 96 19993 204
867.998 95 19995 203
868.996 94 19995 202
869.995 92 19997 200
871 92 19994 197
871.999 92 19994 197
872.999 94 19993 197
873.999 97 19996 198
875 98 19998 199
875.999 100 19996 199
876.998 101 19994 199
877.998 101 19999 200
878.999 101 19995 199
879.998 105 19998 201
880.993 102 19998 199
881.998 100 19997 197
882.998 100 19997 195
884 98 19995 193
885 97 19992 193
886 97 19993 194
886.998 96 19997 193
887.999 95 19997 193
889 95 19998 193
889.996 97 19997 194
890.993 97 19995 194
892 97 19995 197
892.999 99 19999 197
893.998 98 19998 196
895 98 19993 196
895.999 100 19992 196
896.998 102 19997 195
897.998 101 19997 196
898.999 101 19998 196
900 102 19995 196
900.998 103 19992 196
901.997 102 19993 196
902.997 100 19994 195
903.998 101 19994 195
904.999 100 19999 194
906 100 19997 195
906.998 102 19996 195
908 104 19993 194
909 103 19997 196
909.998 104 20000 197
911 104 19996 196
911.999 105 19996 196
912.998 105 19997 197
914 103 19994 196
915 103 19998 195
915.999 104 19995 195
916.999 104 19995 196
917.999 103 19998 196
919 102 19997 195
919.999 101 19998 194
920.996 100 19998 194
921.997 100 19998 194
922.998 100 19993 193
923.999 100 19995 194
925 101 19996 194
925.997 103 19991 194
927 103 19992 193
927.999 104 19996 193
928.999 104 19996 194
929.995 103 19997 192
930.998 102 19997 191
931.999 102 19994 190
932.996 102 19995 192
933.996 99 19994 187
934.999 99 19997 187
935.999 100 19994 188
936.999 100 19996 188
937.997 97 19999 185
938.999 97 19989 184
939.993 95 19993 183
940.997 94 19998 183
941.994 93 19996 183
942.998 90 19997 181
943.999 89 19995 179
945 91 19998 180
946 93 19999 180
946.999 94 19994 182
947.999 93 19997 181
948.993 92 19996 180
949.999 95 19996 180
950.992 94 19995 179
951.999 95 19997 179
953 92 19997 177
953.998 95 19998 176
954.994 97 19994 178
955.999 97 19998 178
956.998 99 19995 178
957.999 98 19996 177
958.996 96 19993 176
959.997 95 19996 177
961 93 19994 174
962 94 20000 173
962.996 93 19999 172
964 93 19994 173
965 94 19997 174
965.997 93 19995 173
966.998 92 19997 172
967.997 94 19994 172
968.998 94 19997 171
969.999 95 19998 173
970.997 94 19997 173
971.993 92 19999 172
973 92 19996 172
973.991 91 19994 172
975 93 19993 173
975.999 93 19997 172
976.997 92 19994 174
978 94 19996 176
978.996 94 19993 178
980 98 19998 178
981 98 19991 179
981.998 98 19999 180
982.996 97 19998 179
983.999 98 19995 180
985 99 19996 179
986 100 20000 180
987 99 19993 180
988 98 19995 182
988.987 97 19996 182
989.998 96 19998 183
990.997 95 19993 182
991.999 97 19995 184
992.999 97 19995 186
993.998 97 19996 186
994.995 100 19995 187
995.997 100 19996 186
996.985 100 19999 187
997.998 99 19997 186
998.998 100 19998 187
999.997 100 19995 188
1000 100 19994 188
