0.998655 397 19993 397
1.99764 393 19997 393
2.99934 388 19993 389
3.99769 385 19994 386
4.9998 382 19992 383
5.99857 381 19996 382
6.99278 376 19999 377
7.99867 373 19999 374
8.99892 367 19992 369
9.9973 360 19997 362
10.9993 358 19997 360
11.999 354 19997 356
12.9977 346 19996 348
13.9967 344 19995 346
14.9999 341 19997 343
15.9986 338 19998 342
16.9999 336 19994 340
17.9984 326 19996 332
18.9977 319 19996 327
19.9989 314 19997 324
20.9989 311 19996 323
21.9999 307 19994 320
22.9997 305 19996 319
23.9996 302 19995 316
24.9988 297 19997 312
25.9986 292 19993 309
26.9965 286 19995 303
27.9997 281 19994 299
28.9974 278 19997 296
29.999 278 19995 297
30.9989 276 19991 295
31.9984 273 20000 293
32.9976 271 19997 293
33.9991 269 19992 293
34.9981 269 20000 293
35.9991 267 19996 292
36.9995 265 19996 290
37.9995 263 19996 288
38.9986 262 19993 289
39.9948 260 19997 290
40.9997 257 19991 289
41.9975 253 19995 287
42.9981 251 19995 286
43.9977 251 19995 285
44.9997 249 19995 284
45.9824 249 19998 284
46.9953 247 19999 283
47.9986 247 19995 281
48.9966 245 19993 282
49.9984 242 19996 279
50.9986 240 19994 278
51.9977 238 19998 276
52.9989 236 19997 276
53.9986 235 19991 274
54.9988 231 19997 269
55.999 228 19996 266
56.9987 223 19992 263
57.9995 216 19993 257
58.9987 212 19993 253
59.996 213 19993 252
60.9991 213 19993 253
61.9973 212 19996 253
62.9941 208 19996 250
63.9997 205 19998 248
64.998 203 19999 246
65.9928 200 19996 245
66.9967 199 19999 245
67.9994 198 19998 245
68.9999 195 19993 242
69.9988 195 19997 243
70.9866 192 19998 241
71.9985 191 19996 240
72.9986 191 19999 243
73.9971 186 19996 240
74.9998 184 19996 238
75.9983 182 19995 238
76.9942 180 19998 238
77.9934 180 19998 237
78.9996 178 19994 237
79.9959 176 19996 236
80.9957 177 19995 236
81.999 177 19998 236
82.996 175 19993 236
83.9996 176 19998 236
84.9995 172 19993 232
85.9981 171 19998 230
86.9999 166 19998 227
87.9957 165 19997 227
88.9988 163 19996 223
89.9947 162 20000 222
90.9994 163 19998 222
92 160 19994 220
92.9999 159 19995 220
93.9997 157 19994 218
94.9993 152 19993 213
95.9978 150 19996 210
96.9991 149 19994 209
97.9987 147 19997 209
98.9973 147 19995 211
99.9995 148 19993 212
100.99 149 19997 211
102 148 19996 212
102.997 144 20000 212
103.999 143 19994 211
104.999 146 19997 213
105.999 146 19996 212
107 145 19995 212
108 146 19996 213
108.999 146 19995 214
109.999 146 19996 216
110.999 143 19995 213
111.997 144 19998 213
112.998 145 19995 213
113.999 145 19995 213
114.999 143 19996 212
115.995 143 19995 212
116.999 141 19996 208
118 139 19996 206
118.999 140 19997 206
119.999 140 19992 206
120.999 139 19991 205
121.999 136 19995 203
123 134 19996 201
123.997 130 19998 198
125 127 19997 194
125.988 125 19999 192
127 124 19998 191
127.999 122 19995 189
128.999 121 19995 188
129.993 121 19995 187
130.998 121 19994 188
132 117 19992 185
132.999 115 19990 185
134 115 19997 183
134.999 118 19994 184
135.999 117 19997 182
137 117 19992 184
137.993 116 19999 184
139 112 19993 181
139.999 112 19996 181
140.998 109 19991 178
142 106 19993 174
143 106 19991 174
144 105 19993 173
144.994 106 19997 174
145.999 105 19995 175
146.999 105 19993 177
147.999 103 19998 174
148.998 101 19994 173
149.998 100 19995 174
150.999 99 19998 174
151.999 100 19992 173
152.998 100 19999 172
154 99 19994 172
154.999 99 19994 174
155.999 100 19993 174
156.999 99 19997 174
157.998 99 19994 173
159 99 19993 174
159.997 97 19998 172
161 95 19997 172
161.999 95 19992 173
162.999 94 19997 172
163.996 94 19994 173
165 93 19994 173
165.999 93 19998 174
166.998 92 19999 175
167.998 91 19996 175
168.991 92 19993 175
169.996 92 19994 174
171 92 19995 173
172 92 19996 174
172.999 92 19999 174
173.999 93 20000 175
175 92 19996 177
175.999 92 19992 176
177 91 19998 174
178 92 19998 175
179 92 19995 176
180 91 19995 176
181 93 19999 176
181.995 93 19996 176
182.999 95 19997 177
184 93 19994 177
184.998 93 19998 178
185.996 93 19994 180
186.994 95 19997 180
187.999 96 19998 181
188.998 95 19995 179
189.994 94 19995 179
191 92 19992 177
191.997 92 19998 176
192.998 90 19997 175
193.997 90 19994 176
194.999 89 19998 176
195.997 87 19997 174
197 86 19995 172
198 87 19997 173
198.997 85 19995 171
199.999 85 19992 175
200.998 85 19994 175
201.993 86 19999 175
202.985 88 19998 176
204 88 19995 178
204.996 90 19994 179
205.998 90 19998 179
206.999 89 19994 178
208 90 19995 178
208.999 89 19997 177
209.999 88 19994 178
210.999 88 19996 178
211.999 86 19996 176
212.996 88 19997 178
214 85 19994 177
214.999 85 19997 177
216 87 19994 178
216.996 87 19996 176
217.998 86 19995 176
219 87 19997 177
219.999 86 19993 177
220.998 86 19995 178
221.999 86 19999 180
222.996 85 19995 179
224 88 19991 181
225 89 19997 182
225.999 89 19997 181
226.998 89 19995 181
227.996 90 19999 182
229 92 19996 182
229.997 93 19998 184
231 92 19993 185
232 91 19996 185
232.999 89 19995 184
234 88 19992 184
235 89 19992 185
235.998 90 19998 186
236.997 90 19999 186
237.999 89 19999 185
238.998 88 19997 183
239.996 88 19999 183
240.999 88 19992 181
241.998 88 19994 183
243 89 19993 183
243.989 89 19999 181
244.999 88 19997 182
245.997 89 19997 181
246.997 90 19994 179
248 90 19996 179
249 92 19996 182
249.999 92 19997 184
250.999 94 19997 186
251.999 93 19998 186
252.999 93 19997 186
253.999 91 19989 184
254.995 91 19999 187
255.998 93 19994 188
256.999 92 19998 191
257.999 91 19999 189
258.999 91 19997 191
259.997 91 19998 190
260.997 93 19994 193
261.992 94 19998 192
263 94 19998 192
264 94 19992 193
264.997 95 19996 193
265.997 94 19997 193
266.995 92 19999 190
267.998 93 19999 191
268.998 93 19998 192
270 94 19997 192
270.998 92 19998 189
271.999 92 19995 189
272.998 93 19997 190
273.996 92 19998 189
274.997 91 19995 188
275.997 90 19997 187
276.997 90 19995 188
277.999 90 19995 190
278.997 92 19995 191
279.996 91 19991 191
280.999 91 19995 190
281.997 92 19994 193
282.999 90 19997 192
283.998 89 19997 193
284.999 87 19995 192
285.996 84 19997 188
286.999 83 19998 187
287.996 85 19995 187
288.997 86 19995 188
290 85 19996 189
290.999 84 19995 189
291.998 85 19996 190
293 86 19994 190
293.999 90 19994 190
294.993 90 19997 188
296 88 19996 187
296.999 88 19993 187
297.998 91 19996 186
298.999 89 19995 183
299.999 87 19997 182
300.999 87 19994 182
301.997 87 19993 182
302.996 87 19997 182
303.999 88 19994 181
304.998 87 19994 181
305.998 88 19999 180
306.998 87 19992 179
307.999 87 20000 177
309 84 19997 177
309.999 83 19996 180
310.999 83 19992 179
312 84 19999 181
312.997 84 19996 182
313.999 84 19993 183
315 84 19997 183
316 84 19998 183
316.999 83 19995 182
317.999 85 19998 183
318.999 84 19997 182
319.996 83 19997 184
320.997 83 19998 186
322 83 19997 186
322.998 82 19995 185
323.999 82 19997 183
324.99 81 19994 183
325.997 80 19998 182
327 78 19997 180
328 78 19994 179
328.997 79 19992 179
329.999 78 19994 180
331 76 19997 178
332 76 19995 180
333 77 19994 180
333.998 76 19993 180
334.998 75 19999 179
335.999 73 19996 176
336.998 73 19998 176
337.997 73 19992 176
338.999 73 19994 177
339.999 74 19998 177
340.997 77 19997 178
341.998 79 19995 177
342.999 80 19999 178
344 81 19995 180
344.997 82 19995 180
345.997 82 19996 179
347 83 19995 179
347.999 82 19994 181
348.999 81 19991 180
349.999 79 19996 180
350.999 80 19991 180
351.998 81 19993 180
353 83 19994 180
353.997 83 19998 179
354.999 83 19992 178
355.998 84 19996 179
357 82 19994 177
357.999 84 19996 177
358.998 84 19993 179
359.999 84 19994 180
361 83 19996 179
361.999 84 19997 179
363 84 19998 179
363.999 84 19996 180
364.996 84 19999 180
365.995 83 20000 180
366.999 82 19997 180
367.997 84 19995 182
368.999 83 19996 182
370 82 19997 182
370.998 84 19994 183
371.999 83 19993 182
373 83 19996 183
373.997 81 19990 181
374.996 80 19997 181
375.999 80 19998 181
376.996 81 19997 181
377.999 78 19995 180
379 76 19994 178
380 77 19992 179
380.996 81 19996 179
381.999 80 19996 178
382.998 80 19997 178
383.996 81 19997 179
384.996 81 19999 177
385.997 81 19997 178
387 81 19994 177
387.999 81 19997 178
388.998 81 19996 178
390 80 19994 179
390.998 81 19998 179
392 82 19995 183
392.991 84 19999 184
393.999 84 19994 187
394.996 84 19996 187
395.998 83 19996 185
396.999 83 19997 186
398 83 19996 188
399 85 19996 189
400 82 19997 186
400.998 81 19992 186
401.997 81 19996 184
402.999 82 19992 185
404 82 19995 185
404.998 84 19996 183
405.998 83 19996 183
406.998 83 19995 184
407.999 82 19999 183
409 80 19996 182
409.998 81 19995 181
410.991 83 19998 182
412 83 19997 183
412.999 84 19998 183
413.999 85 19998 184
414.999 87 19990 184
415.998 88 19997 185
417 90 19996 185
418 92 19993 187
418.999 92 19997 188
420 91 19994 187
420.999 91 19995 188
421.997 91 19995 188
422.998 93 19997 189
423.999 93 19998 186
425 93 19996 187
425.999 92 19995 187
427 91 19998 186
427.999 89 19999 183
428.994 89 19997 185
429.996 88 20000 185
430.999 89 19994 186
431.998 90 19995 187
432.999 87 19991 185
434 84 19994 182
435 83 19995 180
436 84 19994 181
436.999 84 19994 182
437.996 86 19995 183
438.998 85 19999 183
439.997 84 19994 182
441 85 19993 183
441.999 84 19997 182
443 83 19997 181
444 83 19998 181
444.999 85 19995 183
445.998 85 19993 183
446.999 86 19995 186
448 86 19997 185
449 85 19995 184
450 85 19995 184
451 85 19995 185
451.999 84 19995 184
452.997 85 19996 185
454 87 19998 184
454.998 87 19995 184
455.999 87 19997 183
456.997 87 19996 183
457.995 87 19995 182
459 90 19993 182
459.999 90 19994 181
460.998 90 19999 182
462 90 19996 184
463 88 19993 181
463.999 90 19994 178
464.998 91 19996 179
466 91 19993 178
466.999 92 19997 179
467.999 92 19996 181
468.998 92 19996 183
469.999 94 19997 183
470.999 93 19997 182
471.998 92 19995 182
472.997 93 19998 183
473.999 92 19994 183
474.996 91 19996 184
475.991 90 19998 184
476.998 89 19994 184
477.998 89 19994 184
478.999 85 19991 184
479.996 85 19996 184
480.996 84 19997 185
481.997 83 19997 184
482.998 83 19997 185
483.993 84 19998 186
484.995 84 19993 187
485.998 84 19995 187
486.997 85 19994 187
487.999 86 19996 187
488.999 87 19991 188
489.999 87 19995 188
490.992 87 19995 188
491.999 86 19991 187
493 86 19993 188
493.998 85 19992 187
494.996 84 19997 190
495.999 83 19995 189
496.994 83 19997 188
497.996 82 19997 191
499 81 19993 191
499.983 81 19996 190
501 81 19996 191
502 82 19996 193
503 84 19998 193
504 86 19996 194
505 89 19990 194
505.999 86 19996 193
506.996 88 19998 193
508 85 19995 190
508.989 87 19996 191
509.999 88 19996 191
510.994 88 19997 190
512 88 19994 190
512.999 86 19995 189
513.999 87 19992 190
514.995 89 19999 191
515.999 90 19993 192
517 93 19996 192
517.997 92 19995 192
518.999 92 19999 191
520 92 19994 191
520.998 93 19999 190
521.999 95 20000 192
523 94 19998 195
523.996 95 19996 196
524.995 95 19996 197
526 96 19993 198
527 95 19997 198
528 94 19995 195
529 95 19996 193
530 98 19995 193
530.999 98 19993 191
531.987 98 19997 191
532.998 99 19994 190
533.999 101 19997 191
535 101 19994 190
535.996 100 19997 191
536.99 99 19996 190
538 97 19993 188
538.998 98 19994 189
539.999 97 19995 188
540.998 100 19997 188
541.999 100 19998 188
542.994 99 19993 188
543.997 100 19997 190
544.999 100 19997 189
545.998 96 20000 186
546.998 99 19994 186
547.996 100 19998 185
549 101 19994 186
549.999 100 19999 186
550.999 97 19996 183
552 95 19997 181
552.999 96 19994 181
554 96 19994 182
555 98 19998 181
555.998 95 19995 181
556.998 95 19996 180
557.999 94 19995 179
559 94 19999 179
559.996 95 19994 180
560.999 95 19995 179
561.994 96 19998 179
562.999 96 19996 179
563.999 97 19994 182
564.999 98 19995 181
566 97 19993 179
566.999 98 19996 180
567.998 98 19996 180
569 97 19993 180
569.996 98 19999 179
570.99 98 19998 178
572 96 19997 178
572.999 96 19995 178
573.999 95 19997 177
575 95 19993 178
576 96 19994 180
577 95 19996 180
578 97 19998 183
578.995 97 19994 184
579.999 96 19998 182
580.999 98 19995 184
582 96 19994 183
583 94 19998 181
583.999 94 19994 181
584.999 92 19997 178
586 94 19994 179
586.998 94 19996 179
588 93 19994 179
588.999 95 19997 182
590 94 19994 181
590.997 94 19997 180
591.997 94 19997 181
592.999 94 19997 183
593.999 92 19997 182
594.998 92 19995 183
595.999 92 19998 183
596.996 94 19999 185
597.994 94 19998 186
598.999 93 19988 185
600 94 19996 185
600.999 96 19999 187
602 97 19996 189
602.999 96 19997 188
603.999 96 19996 188
604.999 95 19992 187
605.999 94 19993 186
606.998 94 19997 187
607.999 94 19992 189
609 95 19993 191
609.999 96 19997 190
611 97 19993 191
611.999 96 20000 189
612.999 97 19998 188
613.99 97 19999 189
615 94 19995 185
616 92 19996 183
616.996 91 19995 182
617.999 94 19995 183
619 94 19998 184
619.998 96 19996 186
621 94 19995 183
621.999 93 19996 183
622.999 93 19997 182
623.997 92 19997 180
624.999 92 19995 180
625.999 90 19996 179
626.997 92 19995 182
627.991 93 19998 183
629 93 19999 183
629.982 92 19998 181
630.999 90 19992 179
631.998 90 19996 179
633 90 19997 180
633.999 92 19996 180
635 93 19996 182
635.998 92 19995 182
637 92 19992 183
637.997 91 19992 182
638.999 90 19997 182
639.997 89 19993 184
641 91 19997 186
641.999 90 19995 186
642.997 89 19994 185
643.999 91 19993 185
645 92 19994 184
646 91 19995 185
647 90 19993 184
648 89 19994 183
648.999 88 20000 182
649.998 90 19995 182
651 89 19997 182
651.996 88 19995 182
652.999 87 19994 182
653.999 87 19996 182
654.997 83 19997 181
656 86 19993 181
656.999 86 19992 181
658 86 19995 178
659 87 19994 179
660 88 20000 178
661 87 19996 175
662 88 19997 176
663 88 19999 175
663.999 89 19995 176
664.998 90 19999 175
666 90 19995 174
666.998 90 19996 175
668 90 19991 172
668.999 89 19998 171
669.999 89 19995 173
670.999 91 19995 175
671.99 92 19998 175
672.998 90 19996 172
673.997 89 19998 173
674.999 87 19996 172
676 87 19992 171
676.999 87 19999 172
677.999 87 19998 173
678.998 88 19996 172
679.998 90 19997 172
680.999 92 19992 174
682 92 19995 174
682.998 91 19995 174
684 91 19996 175
684.999 92 19996 178
685.996 92 19996 182
686.993 92 19996 182
687.999 92 19997 182
688.998 90 19996 181
690 91 19994 182
690.999 91 19992 183
691.997 92 19996 184
692.998 92 19996 185
693.999 93 19995 185
694.998 92 19996 185
695.995 89 19996 182
696.997 90 19998 184
697.999 90 19993 185
698.997 91 19997 187
700 91 19995 187
701 93 19995 188
701.999 94 19995 190
702.998 92 19994 190
704 88 19998 187
704.999 88 19993 190
706 87 19997 190
706.997 87 19997 191
708 87 19994 191
708.999 88 19999 192
709.996 91 20000 195
711 92 19994 194
711.998 92 19992 193
712.993 92 19994 194
714 92 19994 193
715 94 19995 193
715.992 93 19996 192
716.996 92 19990 192
717.993 92 19996 194
718.992 91 19997 191
719.999 93 19995 192
721 93 19994 193
722 92 19998 192
722.997 91 19992 192
723.991 91 19998 190
725 92 19994 193
725.995 91 19997 192
726.999 92 19996 192
727.999 90 19995 193
728.999 90 19998 195
730 91 19997 196
730.999 90 19996 198
731.999 92 19997 199
732.999 95 19994 200
733.996 96 19995 200
735 96 19996 202
735.999 98 19993 203
736.999 98 20000 205
737.999 97 19997 205
739 97 19997 206
739.999 98 19995 205
740.995 98 19995 204
741.997 99 19997 204
742.999 101 19997 205
743.997 99 19997 206
744.998 99 19992 206
745.998 99 19996 209
746.996 99 19998 209
747.999 101 19995 209
748.998 101 19995 208
749.999 101 19995 208
750.999 101 19995 209
751.998 102 19994 209
752.997 103 19997 210
753.999 105 19996 210
754.999 103 19998 209
755.998 105 19995 209
756.996 104 19997 208
757.99 104 19998 206
758.999 105 19995 206
760 104 19994 206
760.998 105 19996 207
762 104 19997 206
763 104 19994 205
763.997 102 19995 203
764.996 104 19999 203
765.998 106 19994 203
767 108 19994 203
767.995 110 19995 204
768.998 114 19996 204
769.999 115 19996 204
770.996 113 19995 204
771.997 114 19998 205
772.997 114 19992 206
773.999 113 19995 205
774.996 113 19999 204
775.998 110 19995 201
777 111 19994 201
777.999 110 19997 201
779 112 19995 203
779.997 110 19993 201
780.999 110 19997 202
782 110 19996 200
783 109 19995 200
783.999 110 19995 201
785 108 19998 199
785.999 109 19997 199
787 109 19996 200
788 110 19994 200
788.999 110 19996 201
789.997 110 19996 200
790.998 109 19993 201
792 108 19996 201
793 109 19997 203
793.996 109 19998 204
794.999 109 19996 205
796 106 19995 206
797 108 19993 206
797.995 107 19998 205
798.998 109 19994 204
799.996 110 19997 203
800.999 111 19992 203
801.997 111 19994 202
803 111 19996 201
804 110 19995 201
804.99 111 19999 202
805.999 108 19997 201
806.999 106 19996 199
808 108 19995 200
809 107 19997 199
809.998 107 19997 200
810.999 107 19995 202
811.997 106 19993 201
812.999 106 19999 202
813.999 108 19994 201
814.997 106 19994 199
815.998 104 19996 199
816.999 105 19995 200
818 105 19998 201
818.999 106 19993 201
819.999 105 19993 200
820.998 107 19994 203
822 104 19995 202
822.999 100 19994 201
823.999 100 19997 200
824.997 101 19995 200
825.994 104 19995 200
826.993 103 19994 199
827.997 103 19994 198
828.999 103 19992 199
829.997 104 19994 198
830.999 104 19997 200
831.997 103 19992 203
832.999 101 19995 201
833.999 102 19995 201
834.999 102 19995 200
835.998 103 19997 201
836.999 103 19996 201
837.997 102 19995 200
838.999 100 19997 199
839.999 99 19995 201
840.996 98 19994 202
842 97 19997 202
843 94 19994 199
843.996 95 19997 201
844.999 98 19997 202
845.989 96 19998 200
846.999 96 19998 199
848 94 19994 197
848.998 94 19996 195
849.997 96 19996 196
851 94 19993 193
851.995 92 19995 193
852.997 92 19994 195
853.996 94 19996 198
854.999 93 19993 195
856 93 19998 196
857 93 19995 196
857.999 95 20000 197
858.999 96 19996 198
859.999 95 19989 198
861 94 19994 197
861.998 94 19995 197
862.995 93 19996 198
864 92 19997 198
864.998 92 19996 198
865.998 94 19995 198
866.999 92 19996 196
867.999 92 19997 196
868.999 93 19991 196
869.999 94 19992 196
871 94 19998 197
871.999 95 19998 196
872.998 95 19994 195
873.999 95 19997 194
874.999 93 19997 192
875.999 92 19996 192
876.999 92 19996 195
877.998 90 19997 195
879 90 19994 196
879.998 87 19999 192
880.999 87 19994 191
882 87 19996 191
882.998 87 19993 190
884 85 19993 189
885 83 19994 187
885.999 86 19995 189
886.999 86 19996 189
887.999 89 19997 189
888.998 87 19996 186
889.999 87 19992 188
890.997 89 19999 189
892 89 19995 188
892.999 90 19993 190
894 90 19994 189
894.999 92 19994 190
896 91 19999 190
897 92 19995 191
897.999 93 19998 191
899 91 19993 191
899.991 91 19996 191
900.997 91 19998 191
901.999 92 19997 191
903 92 19993 192
904 91 19995 190
905 90 19995 190
905.998 88 19997 189
907 87 19996 189
908 87 19998 190
908.998 87 19992 189
909.998 88 19995 190
910.997 87 19996 190
911.999 88 19995 194
912.998 86 19993 193
913.997 86 19995 193
915 88 19994 193
915.997 88 19995 194
916.997 88 19997 193
917.999 88 19997 192
918.987 90 19997 194
919.999 90 19997 194
920.999 90 19995 195
922 90 19995 194
922.997 90 19994 193
923.994 90 19992 194
924.997 90 19997 194
926 91 19991 193
926.998 88 19999 191
927.996 87 20000 188
929 87 19997 190
929.999 86 19998 190
930.996 85 19999 190
931.998 87 19994 189
933 88 19994 192
933.995 89 19998 192
934.991 89 19997 191
936 89 19995 190
936.998 88 19994 189
937.997 92 19998 188
938.994 97 19999 188
939.995 98 19996 190
940.999 98 19996 192
941.995 100 19997 191
942.999 102 19998 193
944 101 19998 192
944.998 101 19995 193
945.999 100 19997 192
946.999 96 19993 189
947.998 96 19996 190
948.999 96 19995 190
950 97 19998 190
950.998 98 19996 193
951.999 98 19991 194
953 97 19992 192
954 98 19994 193
955 99 19993 194
956 98 19998 195
956.998 98 19998 194
957.995 98 19994 194
958.987 100 19999 198
959.999 100 19996 197
960.997 100 19992 197
961.999 100 19993 197
962.996 100 19995 198
964 100 19995 198
964.999 97 19991 196
965.999 97 19995 197
966.999 97 19997 198
967.999 97 19994 199
969 98 19997 199
970 95 19998 196
971 96 19995 195
971.995 96 20000 194
972.998 98 19997 196
973.999 98 19997 196
974.995 99 19994 196
975.999 100 19995 196
976.997 100 19995 196
978 98 19994 193
978.998 99 19995 192
979.997 99 19997 194
981 98 19995 194
981.992 99 19996 194
982.994 100 19995 194
984 98 19996 191
984.994 99 19995 193
985.999 100 19989 194
987 100 19992 194
987.997 99 19994 192
989 99 19995 190
990 98 19992 189
990.999 98 19995 191
991.997 99 19996 192
992.996 102 19998 193
994 103 19994 193
995 103 19994 193
995.999 105 19992 192
996.999 106 19998 195
997.993 107 19994 195
999 106 19997 193
999.999 106 19994 192
1000 106 19993 192
