0.999254 397 19990 397
1.99973 393 19993 393
2.99673 388 19996 388
3.99987 386 19997 386
4.99401 384 19997 384
5.99991 383 19995 384
6.99982 379 19998 380
7.99715 376 19999 377
8.99919 370 19995 371
9.99534 366 19998 368
10.9984 360 19997 362
11.997 359 19995 361
12.9993 356 19993 358
13.9997 356 19996 358
14.9986 350 19999 353
15.9978 344 19997 347
16.9992 342 19999 345
17.9987 340 19998 343
18.9958 337 20000 340
19.9959 335 19997 338
20.9999 329 19995 332
21.9954 326 19996 329
22.9979 324 19992 328
23.9985 320 19996 324
24.9975 315 19992 319
25.9999 309 19995 313
26.9976 303 19997 307
27.9996 300 19991 305
28.9987 296 19993 303
29.9976 293 19996 303
30.9994 291 19995 302
31.9956 290 19994 304
32.9995 288 19993 302
33.9992 287 19991 301
34.9966 286 19995 300
35.9986 283 19996 299
36.9996 282 19991 298
37.9968 280 19993 296
39 278 19997 295
39.9983 274 19995 294
40.9999 272 19994 294
41.9997 271 19995 293
42.9989 271 19994 294
43.9953 270 19997 292
44.9999 270 19995 293
45.9996 270 19998 295
46.998 268 19995 295
47.996 266 19995 294
49 263 19994 291
49.9989 260 19989 289
50.9973 257 20000 287
51.9978 255 19998 287
52.9998 252 19996 284
53.9985 250 19989 283
54.9936 247 19996 280
55.9986 246 19993 280
56.9977 242 19997 277
57.9972 241 19991 276
58.9999 238 19993 274
59.9998 236 19995 274
60.9898 235 19994 274
61.9918 231 19999 270
62.9992 230 19996 271
63.9954 227 19999 268
64.9984 225 19993 267
66 222 19995 265
66.999 221 19993 266
67.9997 220 19993 265
68.995 215 19996 262
69.999 212 19997 258
70.9995 212 19998 257
71.9973 210 19994 255
72.9994 209 19995 257
73.9958 210 19997 257
74.9992 212 19993 258
75.9934 210 19998 256
76.9992 208 19997 256
77.9999 204 19998 255
78.9992 203 19995 254
79.9911 202 19998 254
80.9997 200 19995 252
81.9979 200 19998 253
82.9979 201 19995 254
83.9977 199 19997 252
84.997 199 19991 252
85.9993 199 19995 252
86.9993 199 19994 252
87.9978 198 19995 251
88.9979 199 19994 251
89.9993 200 19995 251
90.9991 198 19993 251
91.998 195 19997 247
92.9945 192 19998 246
93.9988 191 19995 247
94.9993 189 19997 244
95.9975 188 19998 244
96.9998 186 19993 243
97.9993 182 19995 240
98.9972 182 19996 242
99.9993 182 19994 242
100.999 180 19997 242
101.999 180 19995 239
102.999 181 19992 240
103.997 180 19993 238
104.995 177 19991 236
106 177 19996 236
106.999 177 19998 237
107.995 176 19996 235
108.997 177 19999 235
109.999 175 19997 233
111 176 19997 233
111.998 176 19994 234
112.993 174 19997 231
114 172 19997 230
114.997 168 19996 226
115.993 166 19998 225
117 165 19996 224
117.999 164 19997 223
118.997 164 19993 221
119.999 162 19992 219
120.999 162 19997 219
122 160 19998 218
123 159 19995 216
124 157 19995 219
124.999 155 19994 218
125.999 153 19995 216
126.999 151 19995 216
127.999 146 19995 211
129 143 19992 209
129.998 140 19995 205
131 139 19992 206
131.999 138 19996 207
132.999 139 19992 205
133.997 136 19999 203
134.995 135 19995 201
136 133 19995 200
136.999 132 19994 201
137.998 131 19997 200
138.998 130 19997 200
139.999 130 19995 199
140.999 130 19995 199
141.999 129 19997 198
142.999 129 19994 198
143.997 128 19994 198
144.999 128 19996 199
145.999 126 19997 197
146.999 125 19996 196
148 124 19997 195
149 122 19992 193
150 123 19995 196
150.999 123 19997 196
152 124 19996 197
152.998 124 19994 201
153.997 124 19994 199
154.998 122 19995 198
155.999 122 19998 198
156.999 122 19998 200
157.991 123 19997 201
159 122 19994 200
159.999 122 19998 201
160.999 122 19995 202
162 120 19996 200
163 119 19992 199
163.998 119 19994 198
164.997 119 19993 197
166 121 19993 197
167 120 19992 196
167.997 119 19997 194
168.998 119 19995 194
169.999 119 19992 196
170.999 118 19996 196
172 118 19995 197
172.999 117 19996 196
173.999 116 19997 196
174.999 113 19995 194
176 111 19994 192
177 111 19993 191
178 104 19993 186
178.999 105 19996 187
179.986 103 19999 186
181 104 19995 188
181.996 103 19996 188
182.998 103 19997 189
183.999 104 19994 190
185 104 19996 191
186 104 19997 193
186.999 106 19994 195
187.998 104 19995 192
188.999 105 19997 192
190 105 19995 190
191 105 19998 189
191.999 105 19996 187
192.997 105 19996 187
193.999 102 19998 186
195 101 19995 185
196 103 19993 187
196.999 101 19998 184
198 101 19996 183
198.999 100 19992 183
200 98 19995 181
201 97 19993 180
202 99 19991 183
202.999 99 19996 181
203.997 100 19993 183
205 100 19997 182
205.999 99 19993 182
206.999 98 19998 180
207.999 98 19994 181
209 98 19998 181
209.998 98 19995 182
211 102 19995 183
211.997 101 19993 183
212.997 100 19997 183
214 101 19992 184
214.999 103 19991 184
215.998 103 19996 184
216.997 103 19996 184
218 102 19993 184
218.996 104 19992 185
219.999 102 19995 186
220.998 101 19997 185
221.998 101 19994 186
222.995 98 19997 184
224 99 19996 184
224.998 101 19992 184
226 99 19996 184
226.999 99 19998 184
228 98 19997 183
228.999 99 19997 183
229.998 98 19997 181
230.998 99 19995 181
232 98 19997 180
232.999 98 19994 180
234 97 19994 181
234.996 97 19995 183
235.994 98 19998 184
236.998 97 19997 184
238 96 19995 185
238.998 95 19995 184
239.999 94 19997 183
240.998 93 19996 182
241.999 95 19997 184
243 93 19992 184
244 94 19995 184
245 95 19995 185
245.999 92 19996 182
246.994 92 19995 182
247.997 91 19997 181
248.996 91 19996 180
249.999 93 19996 180
251 93 19994 179
252 93 19993 184
252.999 93 19996 184
253.998 92 19996 186
254.999 94 19994 187
255.993 93 19999 190
257 93 19997 189
258 92 19996 189
258.998 91 19997 191
260 91 19993 190
261 92 19994 191
261.999 91 19997 190
262.997 89 19998 188
264 89 19994 189
265 88 19998 190
266 88 19999 190
266.999 88 19997 191
267.999 88 19996 192
268.999 86 19994 190
270 85 19997 191
270.996 83 19998 190
271.999 85 19996 191
273 85 19995 191
273.997 85 19996 193
274.995 86 19998 193
276 87 19992 192
276.992 88 19998 194
278 89 19997 196
278.998 89 19997 195
279.997 89 19998 195
280.998 88 19997 193
282 88 19997 193
282.996 90 19995 194
283.997 89 19996 193
284.999 92 19992 194
285.999 92 19998 197
287 92 19993 199
288 91 19994 197
289 91 19992 197
290 93 19997 199
291 94 19992 200
292 93 19993 199
292.996 92 19994 201
293.998 93 19996 202
294.999 93 19999 203
296 93 19991 205
297 93 19995 205
297.999 92 19996 204
299 93 19992 204
300 93 19993 205
301 94 19994 205
301.998 91 19997 204
302.997 91 19995 204
303.999 91 19997 205
304.999 92 19993 206
305.998 90 19994 204
306.993 86 19999 202
307.998 86 19999 203
309 86 19995 202
310 85 19995 202
310.999 87 19994 203
311.997 88 19997 203
312.997 90 19992 204
314 90 19996 203
315 90 19994 203
316 92 19993 205
316.992 91 19999 205
317.995 90 19996 204
318.998 91 19997 204
320 89 19995 201
320.999 89 19994 202
321.998 88 19999 201
322.998 89 19998 201
323.998 88 19995 201
324.996 91 19994 203
326 92 19993 203
327 94 19997 204
327.998 96 19996 206
328.996 94 19994 205
330 94 19997 206
330.999 93 19993 206
331.998 94 19997 204
332.998 94 19994 204
334 94 19997 203
334.999 96 19995 202
335.995 93 19998 200
336.998 91 19996 199
337.993 91 19998 200
338.998 91 19996 200
340 89 19997 198
341 89 19993 197
341.998 89 19993 197
342.999 90 19997 198
343.994 87 19998 196
344.999 87 19995 194
345.996 88 19996 195
346.999 89 19996 195
347.999 88 19997 196
348.986 86 19998 194
349.999 87 19997 193
350.999 86 19995 191
352 87 19995 191
352.996 88 19999 192
353.996 88 19997 192
355 89 19995 194
356 89 19993 193
357 91 19993 195
358 90 19996 195
358.999 92 19998 195
360 92 19994 195
361 93 19992 197
361.996 93 19995 199
362.992 93 19994 200
364 93 19993 202
364.999 93 19999 202
365.999 90 19993 197
366.997 87 19993 195
367.998 87 19997 198
368.999 87 19996 199
370 87 19994 198
370.997 90 19998 195
371.998 90 19994 195
372.995 89 19995 196
373.997 88 19998 196
374.997 88 19991 198
375.999 89 19996 198
376.999 91 19997 199
377.991 89 19997 197
379 89 19997 198
379.999 90 19993 198
381 91 19991 198
381.999 88 19997 196
383 89 19997 197
383.996 88 19994 199
385 88 19996 200
386 89 19995 200
386.997 88 19994 199
388 89 19995 197
389 91 19994 198
389.999 92 19997 198
390.999 92 19996 199
391.995 94 19998 198
393 94 19994 198
394 96 19997 199
394.997 100 19996 200
395.998 102 19997 200
396.998 102 19998 203
398 102 19992 203
398.994 101 19997 203
399.998 104 19992 204
400.992 102 19997 204
401.996 103 19996 205
402.998 101 19996 205
403.994 101 19998 205
404.997 100 19994 205
405.995 100 19994 205
406.996 101 19996 204
408 102 19994 203
409 100 19993 201
409.999 100 19996 199
410.997 99 19994 199
411.997 98 19996 199
412.998 99 19999 201
413.997 99 19994 200
414.999 98 19990 200
415.996 97 19999 198
416.999 98 19996 197
417.999 97 19995 197
418.999 97 19997 198
419.999 98 19996 197
421 100 19999 197
422 99 19995 196
422.998 95 19993 192
424 95 19994 191
424.999 96 19994 191
425.997 94 19998 189
426.996 93 19998 189
428 91 19996 188
428.999 89 19995 186
430 87 19998 186
430.999 88 19994 187
431.999 88 19996 188
433 89 19996 189
433.998 90 19998 190
434.998 89 19997 190
435.999 89 19996 190
437 88 19994 188
438 88 19994 187
439 88 19995 190
440 88 19999 190
440.993 89 19996 192
442 89 19997 193
442.994 90 19998 193
444 88 19996 192
444.995 87 19999 190
446 88 19997 191
446.999 86 19994 190
447.999 87 19998 189
448.999 90 19995 190
450 91 19994 189
450.999 93 19993 189
451.999 92 19995 188
452.999 92 19994 189
453.997 90 19998 186
454.996 91 19995 186
456 93 19996 186
457 94 19997 186
457.999 93 19995 184
459 92 19995 183
460 91 19996 183
460.999 90 19996 182
461.997 91 19998 182
462.998 92 19997 182
464 93 19996 180
464.999 91 19993 179
465.999 92 19992 180
466.999 92 19997 180
467.999 92 19994 181
468.992 92 19998 181
469.996 92 19996 180
470.997 91 19995 179
471.999 92 19993 179
472.998 89 19997 178
473.999 89 19999 178
475 89 19994 179
475.999 88 19991 177
476.997 88 19996 180
477.997 87 19998 178
479 89 19996 178
479.998 90 19996 179
480.991 90 19993 181
481.995 89 20000 183
482.999 87 19998 181
484 91 19992 182
484.998 91 19998 183
485.999 93 19993 183
486.997 91 19994 181
488 90 19995 180
488.999 92 19999 182
489.994 94 19997 183
490.999 92 19995 182
491.999 90 19993 182
492.998 89 19996 181
493.994 89 19998 181
495 89 19993 182
496 88 19993 182
496.998 87 19993 181
497.999 89 19999 181
498.998 89 19999 181
500 88 19994 182
500.999 87 19998 183
502 87 19995 184
502.998 87 19996 184
503.996 82 19998 179
504.996 82 19998 177
506 83 19996 177
506.996 84 19998 179
507.989 85 19996 180
508.996 85 19997 180
510 84 19993 180
511 84 19997 179
511.997 84 19997 180
512.999 86 19996 182
513.999 88 19996 184
514.997 87 19998 182
515.999 87 19997 182
517 85 19994 182
517.999 85 19998 181
519 87 19995 180
519.999 89 19998 180
520.998 90 19999 179
521.997 93 19993 179
522.999 93 19998 179
523.996 94 19995 180
524.996 93 19996 179
526 91 19997 179
526.994 89 19995 179
528 88 19995 182
529 89 19997 182
529.999 90 19993 181
530.999 91 19993 182
531.998 94 19995 183
532.997 93 19997 184
534 96 19992 184
534.998 96 19995 186
535.991 95 19998 183
536.998 95 19999 182
538 94 19996 180
538.999 93 19992 178
539.996 89 19997 175
540.995 89 19999 175
541.998 88 19997 175
542.997 90 19998 175
543.997 90 19999 176
544.999 90 19993 176
545.999 90 19997 177
546.999 90 19994 177
547.996 89 19998 176
548.998 87 19998 174
550 86 19994 176
550.996 87 19996 177
551.991 87 19995 177
553 86 19993 176
553.994 87 19994 175
554.993 87 19995 175
556 87 19998 176
556.998 88 19995 175
558 88 19997 176
558.999 88 19995 176
559.999 87 20000 174
561 85 19995 174
561.999 82 19995 172
562.999 81 19998 174
563.999 80 19993 173
565 80 19995 172
566 80 19995 170
566.999 80 19993 171
567.996 81 19997 173
568.999 80 19993 172
569.998 80 19996 171
570.997 79 19998 172
572 78 19999 171
572.995 77 19995 170
573.997 78 19995 170
574.999 76 19996 168
575.999 76 19998 169
576.999 77 19992 169
577.999 77 19996 169
578.997 77 19995 167
579.996 78 19998 165
580.99 79 19997 168
581.999 81 19995 168
582.996 80 19997 167
583.997 79 19997 166
584.999 78 19993 166
585.998 79 19997 165
586.999 80 19993 167
588 82 19995 169
588.999 81 19996 168
589.997 81 19995 167
590.998 81 19996 166
591.998 81 19996 165
592.994 79 19997 163
593.997 79 19995 162
595 79 19998 160
595.997 80 19998 161
596.999 78 19996 159
597.994 78 19995 159
598.997 78 19999 158
599.997 78 19996 158
600.997 79 19995 161
601.999 77 19996 159
602.999 79 19996 162
603.999 78 19994 161
604.997 78 19992 162
605.999 78 19995 164
607 79 19992 170
607.999 80 19999 169
608.999 81 19996 170
609.999 82 19998 172
610.999 82 19993 174
611.999 81 19996 174
613 79 19996 173
613.997 80 19999 173
614.997 79 19996 173
615.998 78 19996 172
616.999 80 19993 171
617.999 80 19994 170
618.985 79 19998 170
619.997 79 19996 169
620.999 79 19997 170
622 80 19995 170
622.991 81 19996 172
623.995 81 19994 172
624.998 81 19996 173
625.991 81 19996 171
627 82 19992 172
628 81 19998 170
628.999 81 19997 171
629.998 81 19991 171
630.999 80 19996 170
631.999 79 19997 170
632.999 79 19997 170
633.999 78 19992 170
634.998 75 19995 167
635.995 77 19997 168
636.999 76 19996 168
637.999 76 19996 168
639 76 19997 169
640 76 19994 171
640.998 78 19994 173
641.998 78 19997 173
642.998 79 19994 176
643.999 77 19996 174
644.999 77 19995 176
645.994 76 19995 174
646.998 77 19997 174
647.998 76 19995 172
648.993 77 19997 173
649.999 78 19998 173
650.995 78 19996 174
651.999 81 19997 174
652.999 84 19994 174
654 84 19996 174
654.997 84 19996 175
656 83 19995 174
656.998 84 19996 176
657.997 84 19998 175
658.998 82 19994 173
660 83 19997 173
660.999 83 19994 173
662 82 19993 174
662.999 85 19995 174
663.998 87 19995 175
665 88 19996 177
665.983 88 19998 178
666.997 87 19994 177
667.997 87 19996 176
668.997 88 19998 175
669.999 89 19998 175
670.994 91 19993 175
672 91 19995 176
672.998 90 19998 176
674 90 19996 177
675 88 19993 175
676 89 19997 175
677 90 19994 175
677.999 87 19993 173
678.995 86 19995 172
679.999 85 19997 171
680.998 85 19990 172
681.997 88 19998 171
682.994 88 19998 173
683.996 90 19998 174
684.998 90 19994 174
685.999 88 19993 171
686.994 87 19994 169
688 88 19993 170
689 89 19991 172
689.999 89 19996 172
691 89 19992 174
691.998 90 19997 174
692.997 91 19999 174
694 91 19993 174
695 91 19996 174
695.999 88 19994 174
696.999 90 19994 178
697.999 89 19996 177
699 89 19996 178
700 90 19993 181
700.999 91 19995 182
701.997 91 19995 184
702.999 90 19997 183
703.999 91 19995 182
704.997 89 19997 180
706 88 19994 179
706.998 88 19997 179
708 91 19998 180
708.999 90 19998 180
709.998 91 19997 181
710.999 91 19997 181
711.999 92 19996 180
712.999 92 19995 181
713.998 90 19998 179
714.998 91 19996 179
715.998 91 19992 178
717 91 19995 179
717.997 91 19997 178
718.999 89 19998 177
720 89 19997 177
721 89 19995 177
722 92 19993 177
723 93 19995 177
724 94 19994 176
724.998 95 19994 176
725.995 95 19995 178
726.995 94 19997 177
728 94 19995 180
729 93 19996 180
729.994 91 19996 178
730.999 93 19992 178
731.998 92 19991 177
732.999 94 19995 178
733.999 94 19999 177
735 95 19993 175
735.997 93 19995 177
736.999 93 19992 180
737.998 93 19994 180
738.999 93 19995 180
739.996 93 19998 180
741 96 19995 182
741.997 96 19999 181
743 97 19996 181
743.998 95 19994 178
745 95 19996 179
746 96 19992 178
746.998 95 19996 178
747.998 95 19997 176
748.999 95 20000 176
749.997 96 19997 177
750.999 95 19995 177
752 95 19992 177
752.999 95 19995 177
754 93 19997 175
755 94 19991 175
755.989 92 19997 172
756.994 91 19996 171
758 93 19998 173
759 88 19994 168
759.997 86 19995 164
760.998 84 19996 164
762 82 19990 161
762.999 80 19995 158
763.998 79 19997 157
764.999 79 19995 156
766 79 19995 157
767 82 19995 160
767.998 80 19997 157
769 82 19994 157
769.999 82 19998 161
770.996 82 19995 160
771.999 80 19999 162
773 80 19993 163
773.998 78 19996 161
774.996 77 19997 162
775.998 77 19995 162
777 78 19995 162
778 77 19993 161
778.997 78 20000 161
779.998 79 19993 161
781 81 19993 161
781.998 83 19994 162
782.998 84 19996 159
784 82 19992 157
785 82 19995 159
785.999 82 19996 160
786.999 81 19993 162
787.999 80 19997 161
788.996 81 19999 161
790 79 19993 159
790.999 80 19999 160
791.997 80 19996 161
792.999 79 19996 160
793.997 79 19997 157
794.999 78 19998 157
795.997 78 19996 157
796.999 79 19999 157
797.999 78 19992 159
798.997 78 19995 159
799.999 78 19996 160
800.998 79 19997 161
801.99 78 19999 159
802.997 77 19992 158
804 77 19991 159
805 77 19992 160
806 76 19993 159
806.999 74 19990 156
808 74 19994 155
809 74 19996 156
809.998 73 19998 156
810.997 72 19997 155
811.996 71 19996 156
812.996 71 19993 159
814 72 19995 160
814.999 73 19994 161
815.996 74 19996 161
816.999 75 19997 162
817.998 74 19996 163
818.996 74 19999 164
819.999 74 19999 165
821 72 19994 164
822 72 19997 163
823 71 19996 161
823.999 72 19997 161
824.999 72 19993 161
825.997 72 19995 163
826.998 75 19996 165
827.998 77 19998 165
828.994 79 19996 166
829.999 80 19992 166
831 83 19996 168
831.997 82 19999 167
833 84 19995 167
834 85 19994 168
835 85 19997 168
835.999 84 19997 168
836.995 84 19994 169
837.999 84 19995 169
839 85 19996 170
839.995 85 19998 170
840.999 84 19995 170
841.999 81 19997 167
842.998 83 19997 168
843.997 83 19992 168
844.995 83 19996 169
845.988 82 19996 169
847 82 19993 168
847.996 84 19996 168
848.995 84 19997 167
849.997 82 19996 167
850.991 82 19998 169
851.999 81 19995 168
852.999 82 19995 171
853.995 84 19994 172
855 84 19995 171
855.998 84 19995 173
857 85 19993 174
858 83 19992 174
858.993 81 19995 173
860 82 19995 174
860.998 81 19996 174
862 79 19993 174
862.995 80 19995 174
864 80 19993 175
864.999 83 19998 175
866 84 19996 174
866.998 83 19998 174
867.999 82 20000 174
869 79 19991 172
869.999 80 19998 173
870.999 81 19996 176
871.994 82 19998 174
872.998 81 19994 174
874 82 19994 174
874.998 83 19995 177
875.998 84 19994 177
876.999 83 19993 175
877.996 83 19996 175
879 83 19993 173
879.997 84 19996 176
881 82 19998 174
881.999 82 19996 174
882.995 83 19995 176
884 83 19994 177
884.999 83 19995 178
886 83 19998 177
886.999 82 19994 177
887.998 82 19997 175
888.998 84 19993 176
889.999 83 19995 174
890.999 81 19994 172
892 81 19993 172
892.997 82 19999 171
894 83 19997 173
895 83 19998 172
896 83 19999 172
897 84 19996 176
897.995 84 19995 175
899 85 19994 175
899.999 85 19996 175
900.999 85 19996 174
902 88 19998 175
902.984 89 19998 173
903.997 88 19997 171
905 88 19999 171
905.998 87 19996 170
907 87 19994 171
907.999 87 19997 171
909 87 19994 171
909.998 89 19994 170
910.999 89 19993 169
912 90 19995 170
912.999 91 19993 170
913.993 91 19996 172
915 91 19993 173
916 90 19991 172
916.996 90 19996 173
917.996 90 19991 174
918.997 90 19997 175
920 89 19996 174
920.999 91 19997 177
921.998 91 19996 177
923 91 19994 178
923.994 92 19996 178
924.999 91 19997 177
925.999 91 19996 178
926.996 93 19998 178
927.998 94 19995 179
928.997 90 19998 175
929.995 91 19998 175
930.999 91 19997 174
931.997 92 19990 176
932.999 91 19996 176
934 90 19992 177
935 89 19995 176
936 88 19994 176
936.998 88 19998 175
937.999 87 19995 173
938.996 88 19997 175
939.999 91 19997 175
940.998 92 19998 176
942 91 19996 176
942.999 93 19997 177
943.997 93 19996 177
944.999 93 19996 175
945.997 95 19993 176
946.995 94 19997 176
947.998 94 19995 177
948.999 97 19997 177
950 95 19994 174
951 96 19995 172
952 97 19997 172
952.997 96 19995 172
954 96 19998 173
954.999 96 19995 173
956 99 19994 173
956.999 99 19994 173
957.998 98 19995 173
958.998 99 19996 175
960 97 19993 174
960.996 94 19999 171
961.999 94 19997 170
962.999 95 19997 170
963.999 94 19992 170
965 95 19997 171
965.999 95 19995 173
966.998 94 19996 173
968 95 19991 175
969 93 19996 174
970 93 19995 175
970.997 94 19998 179
971.999 95 19999 179
973 96 19993 182
974 97 19994 183
974.999 96 19997 183
976 97 19996 183
976.995 99 19995 184
978 99 19992 183
978.999 97 19996 183
979.999 96 19989 182
981 95 19998 183
981.999 97 19997 186
982.995 95 19997 184
983.996 95 19998 184
985 96 19997 185
985.999 97 19999 187
986.998 98 19996 187
988 98 19995 187
989 98 19993 187
989.999 98 19998 191
990.997 101 19996 191
991.996 101 19996 190
993 98 19990 186
993.999 96 19996 185
994.999 96 19998 187
996 98 19995 187
997 100 19991 187
998 100 19993 186
998.995 101 19998 187
999.999 102 19996 187
1000.01 102 19995 187
