0.999164 395 19998 395
1.9995 390 19994 390
2.9995 389 19997 389
3.9984 388 19996 388
4.99915 387 19996 387
5.99924 382 19996 383
6.99991 379 19995 380
7.99672 375 19995 376
8.99997 368 19993 369
9.99998 365 19993 366
10.999 363 19995 364
11.9985 361 19997 363
12.9993 360 19997 362
13.9999 355 19999 358
14.9967 353 19995 356
15.9987 349 19999 352
16.9974 346 19995 349
17.9974 341 19997 344
18.9969 341 19993 344
19.9988 336 19993 340
20.9985 334 19999 338
21.9997 331 19996 335
22.9973 327 19995 332
24 322 19991 328
24.9978 321 19996 327
25.9996 320 19997 326
26.9999 318 19997 326
27.9941 318 19999 326
28.9996 313 19997 324
29.9984 308 19997 321
30.9998 304 19994 317
31.9927 300 19998 314
32.9967 297 19995 311
33.9971 293 19995 307
34.9996 290 19995 304
35.9989 289 19996 305
36.9964 285 19999 302
37.9992 282 19995 300
38.9999 280 19999 298
39.999 277 19997 295
40.9992 274 19996 292
41.999 273 19997 293
42.9965 270 19994 292
43.9977 267 19994 291
44.9998 265 19994 288
45.9992 264 19993 287
46.9998 262 19994 285
47.9998 257 19997 281
48.9992 255 19997 279
49.9997 252 19997 277
50.9939 250 19996 276
51.9997 250 19999 276
52.9987 246 19994 273
53.9993 243 19993 270
54.9998 242 19995 270
55.9944 240 19996 270
56.9996 237 19991 267
57.9989 235 19994 264
58.9961 231 19998 261
59.9995 229 19996 258
60.9975 229 19998 258
61.9998 228 19994 261
62.9999 228 19993 262
63.9977 227 19995 262
64.9973 227 19996 263
65.9978 223 19996 258
66.9996 222 19995 256
67.9982 220 19996 254
68.9997 216 19998 252
69.9992 213 19999 249
70.9999 211 19992 248
71.9941 211 19993 249
72.9985 208 19991 247
73.9986 205 19999 245
74.9968 204 19993 243
75.9974 205 19997 244
76.9991 207 19999 244
77.9985 205 19998 243
78.9998 206 19996 244
79.9869 205 19999 245
80.9973 203 19995 246
81.9992 199 19997 242
82.9998 198 19995 241
83.997 197 19995 242
84.9999 195 19991 241
85.9994 193 19997 240
86.992 193 19997 241
88 191 19993 239
88.9978 189 19995 236
89.9981 189 19997 235
90.9992 187 19992 237
91.9996 186 19994 238
92.9989 184 19995 237
93.9993 181 19999 234
94.9988 182 19999 234
95.9989 183 19998 234
96.9997 183 19997 235
97.9982 181 19993 234
98.9987 178 19996 233
99.9957 176 19996 232
100.992 175 19995 233
102 175 19993 235
102.999 173 19993 236
103.999 171 19999 234
105 169 19994 232
105.996 167 19994 231
106.999 165 19995 229
107.999 163 19996 229
109 163 19993 230
109.999 166 19995 231
111 161 19993 227
111.996 163 19996 225
112.998 164 19998 224
114 163 19997 223
114.997 163 19995 222
116 163 19995 224
116.996 162 19994 224
117.999 162 19994 224
119 161 19996 223
119.999 160 19996 222
120.997 159 19997 222
122 158 19996 221
123 158 19994 223
123.993 157 19998 222
125 157 19998 224
125.999 156 19997 224
126.999 155 19994 222
127.999 153 19997 220
129 148 19995 216
130 147 19995 216
131 143 19996 212
131.996 143 19994 212
132.999 142 19994 212
133.998 142 19995 212
134.999 141 19995 211
136 138 19995 209
136.999 137 19994 209
137.998 136 19998 208
138.998 131 19997 203
140 131 19995 203
141 130 19996 205
142 128 19993 205
142.999 129 19993 204
143.999 129 19998 204
144.997 129 19996 203
145.997 128 19994 203
147 128 19996 204
147.999 129 19996 205
149 131 19997 204
149.998 132 19995 205
151 132 19997 204
151.998 133 19997 203
152.998 133 19996 204
154 134 19998 204
154.996 136 19996 207
155.995 135 19994 206
156.999 136 19995 209
157.998 134 19997 206
158.999 133 19996 207
159.999 133 19995 206
160.998 135 19992 206
161.997 137 19994 206
163 136 19996 205
164 136 19994 203
164.998 133 19997 200
165.997 131 19994 198
166.999 131 19995 198
167.996 129 19996 197
169 129 19996 198
169.999 129 19995 199
170.995 128 19998 200
171.999 128 19995 199
172.999 126 19992 199
173.999 123 19994 196
175 123 19997 195
176 123 19997 195
176.999 122 19997 194
177.998 123 19996 195
178.998 123 19995 194
180 126 19997 195
180.998 124 19997 194
181.999 123 19993 195
182.995 121 19997 194
184 123 19996 197
185 121 19995 196
185.997 121 19993 198
186.999 121 19995 197
187.994 121 19997 196
188.998 118 19994 192
189.999 118 19998 191
191 118 19995 191
191.998 118 19997 190
192.999 120 19995 191
193.999 120 19999 191
194.999 120 19993 193
195.998 120 19997 193
196.999 117 19995 191
197.999 119 19995 192
198.999 119 19997 194
200 120 19994 196
200.999 118 19997 193
201.997 118 19996 193
203 116 19997 193
204 115 19996 192
204.999 116 19994 192
205.999 115 19995 192
207 115 19996 193
207.996 115 19998 191
208.994 114 19997 190
210 114 19994 192
211 114 19995 193
211.992 114 19995 192
213 113 19994 190
213.997 112 19998 189
215 111 19994 187
215.999 112 19995 187
216.998 110 19994 186
217.999 110 19996 187
218.998 111 19993 188
220 111 19994 191
221 112 19994 192
222 110 19995 190
222.996 109 19998 188
223.998 108 19997 189
225 108 19994 192
225.999 106 19994 190
227 107 19996 189
228 108 19993 189
228.998 108 19995 191
229.999 109 19993 191
230.999 110 19995 192
231.997 110 19998 193
233 110 19998 190
233.997 109 19998 189
234.998 108 19997 189
236 106 19993 188
237 105 19992 187
238 104 19999 186
238.993 102 19998 185
240 102 19996 186
240.999 102 19996 187
241.997 102 19996 186
242.999 100 19998 184
243.996 101 19997 184
244.997 101 19996 186
245.994 100 19997 187
246.994 101 20000 190
247.997 101 19999 190
248.999 101 19997 192
249.998 101 19997 192
250.995 101 19999 193
252 101 19992 194
252.999 103 19992 195
254 103 19996 195
254.999 103 19996 197
255.997 106 19994 199
256.995 103 19999 197
257.999 103 19994 199
258.999 105 19997 197
259.999 104 19996 196
261 105 19996 196
261.998 104 19995 197
262.997 100 19998 195
264 102 19992 195
264.998 104 19996 195
266 103 19991 198
266.997 105 19992 198
268 105 19998 197
268.997 105 19997 198
269.999 106 19996 199
270.999 107 19992 200
271.995 108 19999 203
272.997 108 19992 202
273.997 107 19996 202
275 108 19995 203
275.999 109 19993 203
276.997 107 19996 202
277.998 103 19997 198
278.994 102 19998 197
279.999 103 19989 198
280.999 103 19998 197
281.997 105 19995 199
283 105 19996 202
284 106 19997 205
284.999 108 19996 206
285.999 107 19997 206
287 109 19991 205
287.999 108 19995 204
288.999 107 19992 205
289.995 107 19998 205
291 108 19993 207
291.997 106 19998 205
292.999 107 19999 203
294 107 19994 205
295 108 19994 206
295.995 107 19993 206
296.999 106 19997 205
297.999 107 19996 206
298.996 107 19999 207
300 106 19996 206
301 107 19996 207
302 108 19992 209
302.999 107 19995 208
303.998 108 19995 210
304.997 107 19997 209
305.992 106 19993 208
306.998 107 19995 211
307.994 108 19999 212
308.999 109 19998 213
309.996 110 19994 213
310.999 110 19997 215
311.998 110 19997 215
312.999 111 19992 215
313.998 111 19996 217
314.998 112 20000 218
315.999 114 19993 220
316.999 116 19996 220
317.999 115 19992 220
318.999 114 19995 218
319.997 112 19997 216
321 112 19992 216
322 111 19996 217
322.999 113 19995 216
324 115 19998 216
325 115 19997 217
325.999 115 19995 217
326.994 114 19999 217
328 109 19991 213
329 112 19996 213
330 111 19995 212
330.998 111 19996 212
331.99 113 19997 212
333 113 19993 215
333.999 115 19997 216
334.999 115 19997 216
335.998 115 19996 218
337 113 19997 217
338 112 19997 216
338.997 110 19996 217
339.992 109 19994 215
341 113 19993 214
341.999 113 19995 213
343 113 19990 212
344 111 19991 210
344.999 112 19998 211
345.997 113 19999 211
346.999 112 19994 211
348 109 19992 208
348.994 108 19996 206
350 107 19996 206
350.999 107 19996 205
351.999 107 19994 203
352.999 106 19993 204
353.998 106 19995 202
354.998 107 19992 203
355.998 106 19996 203
356.998 107 19996 202
358 108 19993 201
359 107 19998 199
359.997 109 19994 199
361 110 19999 199
361.997 110 19992 199
362.999 111 19997 199
364 111 19997 198
365 113 19996 197
366 113 19993 196
366.999 112 19994 194
368 111 19997 195
368.995 111 19998 196
369.999 110 19996 196
370.992 110 19994 196
372 110 19993 197
372.999 108 19994 194
373.999 106 19992 191
374.998 107 19998 190
376 106 19994 190
376.999 107 19998 190
378 107 19997 191
378.997 105 19993 190
379.999 104 19997 190
380.997 104 19999 189
381.996 104 19995 189
383 105 19996 189
383.999 105 19995 187
384.999 107 19996 187
386 108 19999 187
386.993 109 19997 186
387.999 108 19996 185
389 107 19994 184
389.997 106 19998 185
390.997 106 19995 184
391.996 107 19999 185
392.999 107 19995 185
394 104 19994 183
394.995 105 19996 184
395.998 104 19994 183
396.999 103 19995 184
397.998 103 19999 184
398.982 103 20000 185
399.999 104 19994 184
400.995 106 19996 185
402 109 19995 185
403 107 19992 182
403.999 108 19998 182
404.999 106 19995 183
405.998 106 19994 183
406.999 104 19996 182
407.999 103 19992 180
409 100 19995 177
410 101 19997 178
410.998 101 19993 178
411.997 99 19996 175
412.999 102 19999 174
413.999 100 19995 172
414.993 100 19997 173
415.995 100 19994 177
417 99 19995 176
418 98 19996 175
418.999 96 19996 173
420 96 19997 173
420.997 96 19996 174
421.996 96 19996 177
422.999 95 19995 175
423.997 95 19995 176
425 95 19995 175
425.991 95 19996 174
426.999 94 19997 173
427.998 93 19995 173
428.997 92 19995 172
429.999 93 19997 173
431 92 19995 172
432 92 19992 172
432.997 93 19996 172
434 92 19998 172
434.996 92 19997 173
436 92 19990 174
436.999 93 19993 175
437.999 91 19993 172
438.997 90 19993 174
439.999 88 19992 173
440.999 88 19993 173
441.999 88 19997 174
442.999 86 19991 177
444 87 19994 176
444.999 86 19990 177
445.998 85 19996 178
446.999 83 19995 177
447.991 82 19994 175
449 84 19997 175
449.995 83 19997 174
450.999 83 19996 174
451.996 82 19996 172
452.997 83 19995 176
454 83 19996 176
455 83 19996 177
455.999 84 19997 180
457 84 19995 180
457.999 86 19996 180
458.999 85 19996 179
459.999 85 19997 181
461 86 19996 182
461.999 85 19995 181
462.992 85 19998 181
463.996 85 19989 180
465 85 19996 181
465.994 86 19998 182
467 84 19989 182
468 85 19997 185
468.998 84 19989 185
469.996 84 19995 185
470.999 84 19994 186
471.996 82 19998 185
472.999 83 19996 185
473.999 83 19997 184
474.999 83 19998 184
475.998 83 19995 183
477 81 19996 183
477.994 81 19996 184
478.998 82 19998 186
480 83 19998 187
480.999 84 19994 187
481.998 85 19996 187
482.999 86 19992 186
483.992 86 19994 185
484.998 88 19996 186
486 89 19994 187
486.999 90 19992 189
487.999 88 19993 189
488.998 88 19997 190
489.997 92 19997 191
490.999 92 19997 190
491.999 93 19997 192
492.998 94 19995 196
493.998 92 19996 197
494.999 94 19999 197
495.999 94 19996 200
496.998 95 19997 200
497.996 95 19999 200
499 94 19996 199
499.999 95 19997 202
500.996 94 19995 203
501.998 95 19994 204
503 95 19995 205
504 94 19997 203
504.994 95 19996 204
505.999 94 19994 203
507 93 19997 201
507.998 94 19996 201
509 92 19996 201
509.998 92 19998 203
510.996 92 19999 200
511.997 95 19998 199
512.998 93 19999 197
513.999 94 19992 198
514.997 95 19999 197
515.999 95 19995 195
516.995 95 19996 193
517.999 96 19995 194
518.996 96 19995 194
519.999 97 19995 194
521 97 19993 195
521.998 98 19995 197
523 97 19998 196
523.999 96 19994 195
525 98 19992 196
526 97 19994 196
526.999 95 19994 195
528 97 19992 195
528.999 98 19998 196
529.999 97 19995 195
530.998 99 19994 196
531.999 97 19996 194
533 97 19991 193
533.996 97 19994 194
534.998 98 19999 194
535.999 95 19994 192
536.993 96 19996 192
538 96 19992 192
538.998 96 19993 193
539.999 97 19998 193
540.998 95 19996 192
542 95 19994 191
542.999 97 19992 192
544 97 19994 192
544.998 97 19996 192
546 97 19995 192
546.999 97 19994 192
547.999 99 19998 193
548.999 98 19994 192
549.998 99 19997 190
550.996 100 19994 190
551.998 99 19993 189
552.997 102 19995 189
553.998 103 19996 188
554.999 103 19995 188
555.997 100 19995 184
556.995 99 19997 184
557.997 100 19994 184
558.998 97 19994 181
559.996 98 19998 181
560.999 99 19995 181
561.999 98 19996 181
563 96 19991 180
563.998 96 19995 180
564.999 97 19998 182
565.996 98 19993 185
567 97 19996 185
567.999 96 19998 184
569 93 19996 181
569.998 96 19993 181
571 97 19998 181
571.995 99 19997 181
572.992 99 19996 180
574 100 19996 180
574.998 100 19996 181
575.998 102 19999 183
576.998 104 19995 184
577.998 105 19996 184
578.999 104 19996 183
579.999 103 19996 183
580.999 102 19994 181
581.999 103 19994 183
582.997 102 19998 182
583.999 101 19990 182
584.997 100 19999 180
586 100 19993 182
587 100 20000 181
587.999 99 19994 181
589 98 19998 180
589.998 96 19994 178
591 95 19994 177
591.994 96 19997 177
592.998 96 19999 179
593.998 97 19993 182
594.999 93 19995 178
595.996 95 19998 178
596.999 94 20000 176
597.998 93 19995 176
598.999 90 19997 173
599.996 90 19998 172
600.999 90 19993 174
602 88 19997 173
602.999 85 19998 171
603.999 85 19995 172
604.989 86 19999 170
606 86 19996 169
606.999 87 19994 171
608 87 19996 170
608.999 85 19997 168
609.998 85 19995 168
610.998 85 19995 168
611.999 82 19995 168
612.999 81 19996 168
613.995 81 19996 169
614.998 81 19995 169
616 84 19993 170
617 82 19992 166
617.999 83 19998 168
618.999 83 19995 168
619.995 84 19995 170
621 85 19995 170
621.999 86 19995 170
623 85 19997 168
623.986 84 19998 167
624.997 83 19996 168
625.998 83 19995 168
627 83 19998 167
627.997 82 19998 166
629 83 19993 170
629.999 84 19996 170
630.998 84 19991 170
631.999 83 19998 169
632.994 83 19999 169
633.998 79 19996 168
634.999 79 19993 168
635.999 77 19995 167
636.997 77 19999 166
637.999 78 19998 168
639 77 19994 168
639.999 77 19996 167
640.998 76 19996 167
641.999 78 19997 168
642.999 80 19998 169
643.999 80 19990 168
644.993 81 19999 168
645.999 83 19994 170
646.998 83 19993 170
648 82 19994 169
648.998 82 19995 168
649.999 79 19994 167
650.999 79 19997 167
651.998 77 19994 166
652.999 77 19996 166
654 76 19996 168
655 75 19989 168
655.994 76 19996 170
656.999 76 19997 170
657.999 77 19996 171
659 76 19997 172
660 78 19991 174
661 78 19992 173
661.997 78 19994 172
663 80 19992 173
663.999 81 19997 173
665 80 19993 172
665.997 81 19999 174
666.999 79 19995 173
667.996 78 19999 173
668.999 79 19997 174
670 80 19997 174
671 79 19996 175
671.999 80 19997 174
672.998 80 19998 174
673.997 79 19996 173
674.993 77 19995 172
675.999 77 19995 172
677 79 19993 173
678 79 19991 174
678.994 76 19997 171
679.999 75 19996 169
680.998 76 19995 170
681.999 78 19996 171
682.994 76 19996 171
683.998 75 19994 170
684.998 74 19997 170
685.997 75 19994 169
686.996 73 19999 167
687.999 74 19995 167
688.998 74 19999 167
690 76 19996 167
691 76 19997 167
691.999 76 19999 168
692.998 77 19997 167
693.999 77 19992 169
694.998 76 19995 168
695.999 75 19998 169
696.999 75 19996 168
697.999 75 19997 168
698.996 76 19997 168
699.999 75 19997 169
700.997 74 19997 168
701.997 76 19998 168
702.996 77 19999 168
704 76 19994 167
705 77 19999 170
705.999 77 19992 170
707 77 19995 168
707.999 78 19993 169
709 77 19998 167
709.999 77 19995 168
711 77 19995 167
711.998 78 19996 170
713 78 19996 170
713.996 78 19994 170
714.999 79 19997 170
715.996 78 19995 169
717 77 19992 166
718 77 19995 166
718.999 77 19996 167
719.999 77 19995 167
721 76 19995 166
721.998 75 19994 166
722.999 74 19996 165
723.995 77 19993 165
724.999 75 19997 165
725.999 75 19995 164
727 75 19992 165
727.996 74 19996 164
728.996 74 19997 163
729.998 75 19994 164
730.998 74 19999 167
731.997 77 19997 167
732.999 75 19994 166
733.997 77 19999 168
734.998 75 19996 164
735.997 77 19999 164
737 78 19994 166
737.998 78 19998 166
738.995 81 19996 166
740 81 19996 169
741 81 19994 168
741.99 80 19998 166
742.999 79 19995 165
743.999 79 19997 165
744.999 79 19998 167
746 81 19994 168
746.998 82 19994 170
747.997 84 19999 171
749 84 19993 170
749.998 84 19998 170
750.999 85 19996 168
751.999 84 19993 168
752.999 85 19996 168
754 86 19996 169
754.999 86 19992 171
755.998 89 19994 170
756.994 89 19997 171
757.999 90 19997 171
758.993 90 19998 172
760 90 19994 172
761 88 19991 171
761.999 89 19992 170
762.999 89 19996 170
763.995 88 19998 169
764.999 90 19997 169
765.999 91 19990 169
766.999 91 19996 172
767.999 92 19994 173
768.999 92 19992 173
769.996 91 19999 173
770.997 91 19997 174
771.999 91 19997 176
773 92 19996 177
774 92 19993 177
774.996 92 19998 177
775.999 92 19995 176
776.993 96 19998 176
777.999 97 19997 176
779 96 19997 175
780 95 19993 174
780.997 95 19995 174
782 95 19996 176
782.999 94 19992 175
783.998 96 19998 177
784.997 95 19997 176
785.996 93 19994 174
786.996 92 19996 172
788 93 19996 173
788.999 94 19997 174
790 95 19993 173
790.991 97 19998 175
791.997 97 19996 176
793 97 19993 178
793.997 97 19998 180
794.998 97 19997 179
795.999 98 19997 181
796.998 96 19996 179
797.999 95 19998 178
798.998 96 19999 177
799.996 97 19995 177
801 97 19991 176
801.999 97 19996 178
802.989 98 19994 178
803.999 97 19996 177
804.999 98 19998 177
806 99 20000 178
806.997 99 19997 179
807.998 98 20000 179
809 98 19995 179
809.998 97 19994 179
811 97 19992 180
811.997 95 19997 178
812.998 96 19998 179
813.999 95 19991 177
814.993 94 19994 177
815.999 93 19997 177
817 93 19995 177
817.998 93 19999 179
818.998 91 19995 178
819.999 91 19996 177
820.996 91 19998 175
821.999 93 19989 176
823 95 19998 177
824 96 19997 177
824.995 96 19997 176
826 97 19995 176
827 97 19996 176
827.999 97 19992 176
828.999 94 19997 174
829.998 91 19994 174
830.999 91 19998 175
831.996 91 19992 176
832.999 90 19998 174
833.998 89 19998 173
834.998 90 19996 174
835.998 89 19998 174
836.999 89 19994 175
838 89 19996 174
838.992 89 19997 174
839.999 89 19996 174
840.999 91 19997 175
841.998 92 19994 175
842.998 92 19994 174
843.999 94 19998 174
845 97 19998 175
846 97 19997 175
846.999 97 19997 177
848 99 19995 178
848.999 100 19995 179
849.999 100 19993 180
850.999 100 19996 180
851.998 100 19995 180
852.999 101 19994 180
853.994 104 19997 180
854.998 104 19997 179
855.993 104 19992 182
856.998 104 19995 181
857.997 103 19999 179
859 99 19995 175
860 99 19998 175
860.999 98 19990 176
862 97 19997 175
862.999 96 19994 175
863.998 96 19995 175
865 97 19993 175
866 96 19993 173
867 96 19997 174
867.999 98 19998 174
869 97 19997 172
870 96 19998 169
870.999 94 19995 166
871.999 94 19998 163
872.998 94 19996 163
874 93 19993 163
875 96 19998 165
875.999 96 19999 169
876.998 98 19993 169
877.999 100 19996 170
878.989 99 19998 170
880 100 19993 171
880.991 100 19997 172
881.994 97 19997 171
882.997 98 19993 171
883.999 97 19997 173
884.999 98 19994 172
886 98 19987 173
886.997 101 19994 173
887.996 101 19998 174
888.998 100 19998 173
890 99 19995 173
890.999 99 19995 173
891.999 98 19992 176
892.996 97 19997 175
894 100 19995 175
894.999 97 19996 173
895.999 95 19997 173
896.999 94 19997 172
897.993 93 19995 172
899 94 19999 172
900 94 19994 172
901 95 19997 172
902 96 19993 174
902.998 97 19996 175
903.998 97 19992 176
904.997 94 19997 173
905.999 93 19995 174
906.998 93 19998 175
907.994 94 19995 176
909 94 19996 176
909.996 93 19996 176
910.998 93 19994 178
911.997 93 19999 177
913 92 19993 179
913.999 91 19994 177
914.999 91 19998 176
915.999 91 19990 177
916.997 92 19999 180
917.998 91 19994 179
918.999 93 19994 181
919.999 93 19993 182
921 92 19995 181
921.997 90 19998 180
922.995 90 19997 180
923.999 89 19997 179
924.999 89 19996 179
925.996 89 19997 181
927 89 19996 181
927.999 91 19993 182
928.998 91 19997 182
930 90 19999 181
930.998 91 19997 183
931.999 91 19995 183
932.999 90 19993 183
933.998 91 19996 184
934.996 90 19996 184
935.996 92 19995 185
936.996 92 19996 185
938 91 19995 185
938.999 92 19993 187
940 92 19997 187
940.999 91 19993 187
941.999 92 19997 190
943 92 19998 191
943.996 93 19994 191
945 93 19997 191
945.999 92 19992 189
946.999 92 19995 191
948 91 19994 191
948.998 90 19993 192
949.999 92 19993 192
950.998 93 19993 193
951.997 94 19995 193
952.999 95 19997 194
954 97 19992 194
954.999 97 19997 194
955.996 97 19992 194
956.995 97 19999 194
957.995 97 19997 195
958.999 99 19995 195
959.999 99 19993 197
960.999 97 19992 195
961.999 96 19998 196
963 98 19993 196
964 96 19996 195
964.999 97 19992 196
966 97 19991 195
966.997 98 19998 195
967.994 98 19997 196
968.999 97 19997 195
969.998 96 19997 196
970.997 96 19997 198
971.997 95 19996 200
972.998 94 19994 199
974 94 19996 198
975 95 19997 198
975.997 93 19998 198
976.994 93 19998 199
978 94 19995 201
978.998 96 19995 200
980 97 19997 201
980.998 97 19997 200
982 97 19997 201
982.999 99 19994 201
984 99 19996 202
985 99 19992 203
985.999 99 19997 204
986.997 96 20000 201
987.982 94 19997 199
988.999 94 19988 201
989.998 94 19995 201
990.998 93 19996 200
991.998 93 19994 202
992.999 95 19996 201
993.996 94 19996 201
994.998 95 19998 202
996 93 19992 200
996.999 92 19998 201
997.995 92 19997 201
998.998 92 19998 201
999.996 94 19997 202
1000 94 19997 202
