0.999404 396 19995 396
1.99881 390 19997 390
2.99962 386 19992 386
3.99874 384 19996 384
4.99991 377 19994 378
5.99825 376 19992 377
6.99953 375 19992 376
7.99586 372 19997 374
8.99784 367 19994 369
9.99848 365 19996 368
10.9978 362 19996 365
11.9988 360 19990 363
12.9999 359 19997 363
13.998 356 19997 359
14.9998 354 19994 357
15.9999 352 19994 355
16.9998 350 19995 353
17.9979 345 19998 349
19 342 19995 346
19.9995 339 19996 343
20.9969 337 19996 341
21.9984 334 19998 340
22.9892 328 19995 335
23.9993 324 19996 333
24.9995 320 19995 329
25.9999 317 19994 327
26.9986 315 19993 326
28 309 19992 320
28.9991 305 19997 315
29.9985 303 19998 314
30.9998 298 19996 309
31.9996 295 19996 308
32.9994 291 19996 305
33.9995 289 19992 303
34.9986 285 19992 300
35.998 283 19998 299
36.9995 281 19994 300
37.9942 278 19998 298
38.9986 278 19997 299
39.9967 276 19994 298
40.9998 270 19994 293
41.9995 266 19995 289
42.9999 265 19999 289
43.9997 259 19999 283
44.9936 255 19999 280
45.9997 253 19992 278
46.9995 251 19997 277
47.9953 248 19995 275
48.9992 248 19997 276
49.9991 248 19999 277
50.9959 242 19999 272
51.9989 240 19996 271
52.9907 239 19999 271
53.9972 239 19995 271
54.9997 238 19992 271
55.9987 234 19995 268
56.9984 231 19998 266
57.9962 232 19996 267
58.9997 231 19994 266
59.9992 229 19991 265
60.9972 226 19996 262
61.9994 225 19993 264
62.9951 225 19997 262
63.9962 222 19997 261
64.9999 214 19995 253
65.9963 214 19995 254
66.9975 215 19998 255
67.9997 216 19998 255
68.9996 214 19995 253
69.9999 213 19993 253
70.9988 211 19995 249
71.9992 209 19997 247
72.9985 209 19997 245
73.9998 208 19996 243
74.9948 206 19994 243
75.997 202 19996 240
76.9951 203 19997 240
77.9988 203 19995 239
78.9993 201 19993 236
79.9994 198 19998 235
80.9994 193 19994 230
81.9997 193 19994 230
82.999 193 19999 230
83.9999 191 19995 229
84.9929 191 19996 231
85.9993 188 19997 231
86.9954 190 19997 231
87.9997 190 19995 229
88.9992 190 19995 228
89.9957 190 19995 228
90.9936 186 19995 224
91.9993 184 19993 222
92.9991 181 19996 220
93.9995 180 19994 220
94.9972 177 19998 217
96 173 19997 214
96.9992 171 19997 214
97.9989 171 19998 217
98.9994 171 19995 215
99.9994 172 19996 216
101 170 19996 213
102 169 19997 213
102.999 169 19993 213
103.998 166 19995 211
104.997 166 19999 210
105.994 165 19996 209
106.999 166 19997 210
108 164 19996 211
108.999 162 19994 210
110 163 19994 211
110.999 159 19991 208
111.998 159 19991 208
113 156 19994 205
114 150 19998 201
115 151 19994 202
115.999 152 19999 203
116.998 151 19997 202
117.998 149 19991 201
119 149 19996 199
120 149 19992 197
120.998 148 19995 198
121.998 148 19995 196
123 147 19995 197
123.999 148 19997 198
124.999 149 19996 199
125.999 147 19994 197
127 146 19994 199
127.996 143 19995 197
128.999 144 19998 198
129.999 143 19997 198
130.999 143 19996 197
131.996 141 19999 195
132.996 140 19997 196
134 142 19998 196
134.994 143 19996 198
136 141 19993 198
136.999 140 19995 197
137.999 141 19997 198
138.997 141 19995 197
140 140 19995 196
140.997 140 19999 198
142 139 19996 198
142.999 139 19998 198
144 139 19997 199
144.999 138 19993 197
145.998 137 19995 198
146.999 137 19997 199
147.999 136 19997 196
149 137 19996 196
150 135 19995 194
150.997 132 19996 190
151.996 133 19996 191
153 132 19995 190
153.999 131 19997 192
155 129 19997 191
156 130 19996 193
157 130 19993 194
158 128 19994 193
159 128 19998 194
159.996 126 19996 191
160.995 126 19996 191
161.999 128 19996 192
162.999 128 19996 191
163.998 128 19996 192
164.997 127 19997 192
165.999 125 19998 191
166.999 127 19996 191
168 126 19992 190
168.997 129 19995 190
169.994 129 19998 192
171 127 19996 189
171.999 127 19996 194
172.999 127 19995 196
173.999 127 19995 196
174.999 124 19997 193
175.989 125 19999 194
176.998 124 19997 193
177.999 124 19996 194
178.999 125 19995 195
180 127 19998 195
180.99 125 19996 193
181.999 126 19991 194
182.999 122 19997 191
184 123 19993 191
184.999 124 19995 192
185.999 122 19997 191
186.999 120 19996 190
187.998 119 19993 189
188.991 119 19998 188
189.999 118 19992 188
190.993 117 19998 187
192 116 19996 187
192.998 116 19996 187
194 116 19994 186
195 117 19995 187
195.997 117 19999 188
196.998 117 19997 188
198 118 19999 187
199 118 19997 188
199.999 119 19995 189
200.999 119 19998 191
201.999 118 19995 193
203 120 19994 193
204 120 19997 194
204.995 119 19996 192
205.997 118 19997 189
206.999 119 19994 190
207.996 119 19999 189
208.998 117 19997 190
209.999 117 19994 190
210.995 117 19998 191
212 117 19993 191
213 116 19996 190
214 115 19999 190
214.999 116 20000 190
215.998 116 19997 187
216.989 116 19998 191
217.998 115 19998 189
219 115 19995 189
220 116 19995 190
220.997 116 19998 191
221.999 114 19994 191
222.996 113 19997 190
224 111 19997 188
225 110 19992 187
225.999 110 19995 187
226.998 111 19996 187
228 112 19993 186
228.998 110 19998 184
229.996 108 19997 183
230.994 106 19997 182
231.997 106 19992 184
232.992 107 19998 182
234 104 19996 179
235 104 19995 180
236 104 19998 180
236.998 100 19997 178
237.996 100 19999 177
238.999 99 19994 176
240 97 19994 174
240.999 98 19998 174
241.999 97 19992 174
243 97 19993 175
244 96 19996 177
245 95 19996 174
245.998 95 19995 177
247 95 19994 178
247.999 96 19994 180
248.994 96 19996 180
249.999 95 19992 179
250.999 94 19998 177
251.998 93 19994 180
253 93 19996 181
253.996 94 19999 181
254.998 97 19995 181
255.998 93 19995 178
256.993 95 19997 177
257.999 95 19996 177
259 94 19998 176
259.997 94 19996 177
260.998 94 19997 178
262 96 19993 179
262.997 97 19998 178
263.998 97 19997 178
264.995 96 19994 176
266 93 19996 176
266.999 94 19995 179
268 93 19998 181
268.999 91 19996 179
270 92 19998 178
270.999 89 19995 176
271.994 90 19998 176
272.999 87 19998 175
273.999 86 19998 175
274.995 87 19998 176
276 87 19997 178
276.999 89 19996 180
277.997 88 19996 179
278.999 88 19994 183
280 89 19997 184
280.999 88 19993 182
281.996 89 19993 182
282.999 90 19996 184
283.999 90 19995 183
284.999 91 19993 184
286 91 19997 183
287 91 19995 183
287.999 92 19995 183
289 92 19997 183
290 97 19993 184
290.998 96 19995 185
291.997 96 19995 188
292.997 98 19991 189
294 98 19997 189
294.998 98 19995 190
295.999 101 19995 190
297 100 19996 188
297.998 99 19998 187
298.999 101 19997 186
299.988 100 19997 188
301 99 19995 189
301.999 97 19997 186
302.999 96 19995 187
303.998 98 19996 186
305 98 19995 188
305.999 98 19998 187
306.998 96 19993 185
307.996 96 19994 184
309 95 19997 183
310 93 19995 181
310.997 93 19995 182
311.998 94 19996 181
313 94 19995 182
314 94 19997 183
314.999 92 19994 184
315.999 91 19997 186
316.999 90 19998 187
317.999 91 19994 187
318.999 92 19995 187
319.997 90 19993 186
320.998 89 19994 186
321.997 88 19998 185
322.999 89 19994 186
324 90 19998 186
324.999 89 19995 185
325.995 89 19998 186
326.998 90 19997 186
328 90 20000 186
328.998 89 19996 185
329.999 90 19995 183
331 88 19995 182
331.998 88 19995 182
332.999 87 19997 182
333.997 87 19995 180
334.994 88 19998 180
335.995 90 19997 181
336.998 90 19996 185
337.995 91 19995 185
338.994 89 19995 183
339.999 89 19992 184
341 90 19998 183
341.997 88 19996 181
342.999 89 19998 181
343.998 88 19997 179
345 86 19994 179
346 87 19996 181
346.999 87 19996 181
348 87 19996 181
348.999 87 19995 179
350 86 19993 178
350.997 86 19996 178
351.998 86 19996 180
352.996 86 19992 182
354 85 19995 180
355 85 19991 181
355.999 86 19992 181
356.996 86 19997 182
358 88 19996 184
358.999 88 19997 184
359.992 88 19993 185
360.999 86 19994 183
361.998 87 19993 183
362.999 86 19993 182
363.996 87 19993 182
365 88 19995 183
365.999 88 19995 184
367 89 19992 185
367.998 90 19995 186
368.999 91 19996 186
369.999 91 19996 186
370.999 90 19995 184
371.999 87 19996 181
372.999 89 19999 181
373.999 89 19997 184
374.995 88 19998 184
375.996 88 19998 185
376.999 87 19991 186
377.998 83 19998 182
378.994 83 19997 181
379.999 84 19997 184
380.995 85 19996 183
381.999 85 19997 181
382.995 85 19999 183
384 84 19993 183
384.999 84 19999 183
385.998 83 19997 183
386.999 82 19996 183
388 82 19995 184
389 83 19996 185
390 84 19994 186
390.989 85 19998 186
392 86 19994 185
392.997 87 19998 184
393.997 88 19994 185
394.998 86 19995 184
396 84 19994 182
397 84 19997 183
397.998 84 19998 182
399 85 19995 183
400 84 19994 184
400.997 84 19994 185
402 85 19998 185
402.997 85 19996 186
403.999 85 19994 185
405 86 19995 186
405.994 85 19998 185
406.999 83 19995 186
407.998 83 19996 186
409 85 19994 185
410 83 19992 182
410.999 84 19997 181
411.994 84 19995 180
412.998 81 19992 177
413.999 80 19995 177
414.998 82 19997 179
415.999 81 19997 178
416.995 83 19994 178
418 83 19998 178
418.998 82 19999 178
420 83 19995 178
421 83 19993 178
421.994 85 19997 179
422.999 84 19997 178
424 84 19995 177
425 84 19996 178
425.999 84 19996 179
426.998 85 19997 178
427.991 83 19995 177
429 84 19994 178
430 84 19996 178
431 83 19993 179
431.998 82 19992 178
432.999 85 19998 178
434 84 19994 177
435 83 19997 177
435.999 82 19994 178
437 81 19995 178
437.997 81 19994 178
438.999 81 19997 177
439.995 80 19999 177
441 78 19997 175
441.994 80 19996 175
442.997 82 19997 176
443.999 80 19995 174
444.998 82 19996 174
446 83 19998 175
446.994 82 19997 174
447.997 83 19996 176
448.993 84 19996 175
449.998 82 19993 174
451 83 19995 175
451.999 83 19996 177
452.995 81 19996 177
454 80 19994 176
454.998 80 19996 176
455.997 80 19995 178
456.997 82 19998 180
457.999 83 19995 183
458.999 87 19999 183
460 89 19995 185
461 87 19994 183
461.998 87 19995 185
462.999 87 19996 184
463.997 87 19997 185
464.999 86 19996 184
465.996 87 19998 184
467 87 19998 186
467.999 87 19997 186
468.998 86 19996 185
469.998 85 19998 187
471 85 19996 187
472 85 19994 187
473 85 19998 189
473.999 84 19993 191
474.998 85 19996 193
476 84 19995 192
477 82 19990 191
478 82 19994 191
479 82 19997 190
479.998 82 19993 191
481 85 19994 191
481.999 89 19993 192
482.998 90 19994 192
484 90 19993 193
484.997 90 19990 192
485.996 90 20000 193
486.999 89 19998 192
488 91 19995 194
488.997 92 19997 197
490 94 19998 197
490.998 94 19995 197
491.999 90 19997 194
493 93 19997 194
494 94 19993 192
495 97 19994 196
495.997 96 19999 194
496.999 97 19994 193
497.999 97 19996 193
498.999 98 19995 193
499.999 97 19998 192
500.999 96 19994 195
501.996 97 19994 195
503 96 19997 196
503.994 96 19998 197
504.992 98 19996 199
506 100 19997 200
506.997 100 19996 198
507.997 99 19997 197
508.998 98 19999 197
509.998 99 19998 199
510.999 102 19994 200
511.998 103 19993 200
513 102 19997 199
513.999 103 19995 198
515 102 19993 197
515.995 101 19996 196
516.999 101 19994 197
518 102 19997 199
518.995 102 19996 199
519.995 102 19998 199
521 102 19993 199
522 103 19996 200
523 102 19999 199
523.998 100 19997 197
525 101 19996 197
525.995 101 19992 197
526.999 102 19996 198
527.999 102 19996 198
528.999 102 19993 199
530 102 19995 199
531 100 19993 199
531.995 100 19998 199
533 97 19991 196
533.999 99 19995 197
535 99 19995 197
535.998 99 19997 196
537 99 19993 200
537.997 99 19997 200
538.999 99 19999 201
539.999 100 19994 203
541 100 19996 202
541.995 99 19998 201
543 98 19996 198
544 97 19994 201
545 99 19997 201
546 98 19994 199
547 100 19994 198
547.992 99 19997 197
549 100 19991 197
549.997 99 19998 196
550.999 100 19996 195
551.998 100 19995 196
553 98 19995 193
553.998 99 19998 193
554.999 97 19995 193
556 97 19993 193
557 99 19995 193
557.998 101 19992 197
559 101 19994 197
560 101 19993 197
560.998 103 19993 197
561.997 103 19992 197
562.999 103 19998 197
563.997 101 19999 195
564.999 101 19996 197
565.999 102 19991 195
566.996 103 19988 196
567.999 103 19995 196
568.999 101 19994 195
569.998 102 19997 195
571 104 19996 195
571.997 104 19998 196
572.996 107 19996 194
573.999 105 19997 192
574.999 104 19994 194
575.998 103 19996 192
576.998 103 19996 193
577.999 103 19998 191
578.999 103 19995 192
579.998 104 19994 193
580.999 104 19995 195
581.998 106 19995 196
582.999 105 19995 198
583.999 105 19995 199
585 106 19995 199
585.999 105 19993 199
586.999 106 19995 199
587.999 106 19994 200
588.999 103 19996 198
589.997 104 20000 199
590.997 106 19996 200
592 107 19994 205
592.999 106 19998 203
593.996 107 19996 202
594.997 107 19997 201
595.995 109 19995 201
596.998 108 19995 203
598 107 19996 200
598.997 111 19995 201
600 110 19996 201
601 112 19993 201
601.995 111 19997 200
603 110 19995 198
603.999 111 19995 197
604.999 111 19998 196
605.999 111 19997 196
607 112 19994 196
607.999 111 19994 195
608.999 110 19995 197
609.997 109 19997 195
611 109 19996 197
612 108 19995 198
612.998 109 19997 196
613.996 107 19996 194
614.998 107 19999 193
615.999 107 19998 194
616.999 107 19996 192
617.993 106 19991 193
618.982 107 19997 192
619.999 106 19997 192
621 107 19997 193
622 106 19991 192
622.999 106 19996 192
624 108 19997 192
624.994 108 19997 192
626 110 19996 192
626.999 109 19997 191
627.999 108 19996 193
629 107 19995 194
630 107 19994 195
630.998 108 19997 195
631.997 105 19999 192
632.997 107 19995 193
633.999 106 19995 192
634.999 106 19995 194
635.996 106 19996 194
636.998 108 19996 196
637.999 108 19996 196
638.998 109 19992 195
639.997 111 19995 197
640.999 111 19997 196
642 111 19998 200
643 110 19994 199
644 112 19996 199
645 113 19997 199
645.996 110 19997 196
647 112 19995 197
647.998 112 19995 197
648.995 110 19999 195
649.997 111 19994 196
650.999 113 19997 198
652 112 19996 198
652.999 111 19996 198
653.998 110 19997 198
654.993 110 19996 199
655.999 108 19995 197
657 110 19992 198
658 110 19997 199
658.998 108 19996 196
659.999 107 19995 195
660.998 107 19999 196
661.999 107 19999 198
662.997 105 20000 196
663.999 105 19998 198
664.997 104 19998 196
665.998 105 19995 196
666.999 105 19996 196
667.999 105 19995 196
668.999 106 19995 195
669.995 107 19997 195
670.999 104 19995 193
672 105 19997 192
672.999 108 19999 192
674 109 19995 194
674.998 107 19998 192
675.998 107 19999 192
677 105 19991 188
677.999 105 19996 188
678.999 104 19996 188
679.999 105 19996 189
681 103 19996 187
682 103 19994 187
683 101 19995 186
684 102 19994 186
684.999 102 19995 189
685.998 102 19992 189
686.998 102 19993 193
687.999 102 19997 193
688.994 105 19999 193
689.996 104 19994 193
690.999 104 19998 192
692 104 19994 192
693 102 19998 191
693.999 102 19997 192
694.998 102 19999 192
696 102 19996 191
697 104 19998 193
697.995 105 19997 194
698.999 105 19996 195
700 104 19995 194
701 105 19992 196
701.999 103 19996 194
703 101 19995 197
703.996 101 20000 196
704.997 101 19997 195
706 101 19994 195
706.996 102 19997 193
707.999 102 19995 193
708.999 99 19995 191
709.999 99 19997 191
710.988 98 19999 191
711.999 99 19996 191
712.994 100 19997 192
713.997 101 19995 192
714.999 101 19998 191
715.997 103 19994 191
717 103 19993 192
717.997 102 19999 191
719 100 19997 188
720 99 19994 189
720.995 96 19999 187
721.999 95 19993 187
723 95 19999 187
723.999 95 19998 188
724.998 96 19994 188
725.999 96 19998 188
726.999 96 19996 188
727.999 98 19996 189
728.998 97 19997 189
730 97 19998 188
730.997 98 19997 189
731.995 98 19994 190
732.999 99 19997 190
734 99 19994 191
734.997 99 19999 192
736 99 19991 191
737 99 19996 192
738 97 19999 191
739 96 19998 190
739.999 100 19999 192
740.997 97 19994 190
741.994 96 19992 188
742.999 95 19993 190
743.999 96 19997 189
745 97 19994 187
745.997 96 19992 188
747 96 19997 188
748 97 19995 188
749 97 19995 187
749.998 96 19997 186
750.999 96 19994 186
752 95 19993 186
753 96 19997 185
753.996 95 19998 187
754.997 97 19997 188
756 96 19997 188
757 97 19998 190
757.997 96 19998 190
758.998 96 19995 190
760 95 19997 188
761 95 19992 188
761.999 95 19994 189
762.998 95 19996 189
763.999 98 19998 190
764.998 97 19998 190
765.997 98 19998 192
766.999 97 19996 192
767.995 98 19993 194
768.999 97 19996 193
770 98 19998 196
770.999 97 19998 196
771.999 96 19996 195
772.999 96 19997 198
774 96 19998 200
774.998 97 19990 199
775.996 97 19992 200
776.999 97 19997 202
778 98 19997 202
778.998 99 19993 203
780 99 19999 204
780.999 100 19994 204
781.997 100 19993 205
782.998 100 19997 206
784 101 19995 208
784.991 103 19997 207
785.999 102 19997 208
786.999 101 19995 208
788 101 19994 206
788.997 103 19997 207
790 103 19994 204
790.995 102 19998 205
792 99 19992 201
792.996 98 19994 202
793.998 101 19991 201
794.998 101 19998 202
796 98 19991 199
797 97 19990 198
797.986 96 19998 198
798.998 97 19999 197
799.998 94 19994 196
800.997 94 19999 195
801.999 96 19991 194
802.995 96 19997 195
804 95 19994 195
804.997 94 19997 193
805.999 95 19996 194
807 93 19992 192
807.998 92 19994 194
808.999 93 19994 193
809.999 92 19993 191
810.999 93 19995 191
811.999 93 19996 191
812.998 93 19997 192
813.999 93 19993 192
814.998 92 19992 192
816 94 19997 194
817 92 19996 191
818 95 19993 192
818.999 94 19997 191
819.999 95 19996 190
821 95 19993 190
822 94 19995 189
822.986 95 19997 192
823.996 95 19996 190
825 96 19993 191
825.999 95 19995 191
826.999 97 19992 192
828 102 19997 192
828.999 102 19996 193
830 104 19993 193
830.999 102 19996 191
831.997 103 19997 192
832.999 102 19992 193
833.998 101 19997 193
834.998 99 19994 191
836 101 19994 191
836.992 102 19998 191
837.999 104 19997 191
839 104 19993 191
839.994 104 19996 190
840.994 104 19999 189
841.999 104 19995 190
843 103 19993 190
843.996 103 19996 190
844.997 102 19998 189
846 102 19996 188
846.998 101 19997 187
848 100 19996 187
848.999 100 19995 187
850 100 19994 186
851 101 19996 187
851.997 101 19995 186
852.997 101 19999 186
853.999 102 19996 185
854.997 100 20000 184
855.998 98 19998 181
856.999 97 19997 181
857.999 97 19996 183
859 97 19999 182
859.999 99 19999 182
861 98 19994 182
861.999 96 19999 180
862.999 97 19997 180
863.999 96 19997 181
864.999 97 19997 180
865.999 97 19992 182
866.996 96 19998 180
867.999 96 19997 181
869 97 19995 181
869.996 96 19996 181
871 94 19994 179
871.998 94 19997 179
873 97 19995 181
873.997 97 19998 184
874.999 95 19996 182
875.998 96 19997 183
877 97 19996 183
878 95 19997 183
878.999 93 19995 182
879.996 92 19995 182
880.999 92 19996 183
881.997 92 19996 184
883 93 19999 183
883.998 94 19997 183
884.998 93 19997 183
885.998 93 19997 183
887 96 19993 181
888 97 19995 181
889 98 19996 182
890 98 19996 182
891 98 19995 183
892 98 19995 184
892.999 98 19995 186
893.998 97 19997 186
894.999 97 19996 189
895.999 98 19996 189
897 97 19998 188
897.998 97 19998 188
899 97 19997 189
900 97 19994 189
900.999 97 19998 189
902 95 19995 186
902.999 99 19990 188
904 100 19997 190
904.994 102 19998 192
906 102 19990 194
906.999 101 19996 193
908 101 19993 194
909 102 19997 195
909.991 103 19998 197
910.999 104 19998 197
911.999 102 19995 196
912.999 104 19996 198
913.997 102 19998 195
914.999 102 19996 196
915.988 99 19995 193
916.993 101 19994 194
918 101 19994 194
918.999 101 19995 195
919.993 99 19993 193
920.999 100 19998 191
921.997 99 19996 190
922.999 98 19997 190
923.995 97 19994 190
924.999 96 19995 191
925.999 95 19996 191
926.999 97 19998 191
927.999 95 19999 191
928.998 96 19996 192
929.995 98 19993 193
930.999 99 19995 193
932 99 19998 192
932.998 98 19997 193
933.999 97 19995 191
935 98 19993 192
935.998 99 19994 192
936.999 100 19997 192
937.999 99 19994 192
938.999 99 19995 191
939.998 99 19992 191
940.994 99 19998 191
941.999 98 19998 190
942.999 98 19989 193
943.994 99 19997 192
945 99 19996 191
946 98 19995 190
947 98 19995 189
947.997 99 19998 188
949 101 19996 189
950 100 19997 187
951 100 19996 188
951.993 99 19995 189
952.998 99 19997 189
953.996 100 19995 188
954.998 101 19995 189
955.999 100 19996 188
957 102 19998 188
957.989 103 19997 188
958.991 103 19998 188
959.999 104 19995 188
960.999 102 19997 186
961.998 102 19998 186
963 103 19998 185
963.999 100 19993 182
964.998 100 19996 181
965.998 101 19995 181
967 101 19995 180
968 100 19995 180
969 102 19998 178
969.999 101 19992 176
970.998 98 19993 173
971.999 97 19992 174
973 97 19993 173
974 97 19991 173
975 98 19994 172
975.998 98 19995 173
977 96 19992 172
977.997 97 19995 172
979 97 19995 173
979.999 96 19996 172
980.998 95 19996 172
981.999 96 19996 171
982.999 98 19999 172
983.997 97 19994 173
984.999 99 19995 173
985.999 98 19998 172
986.999 96 19999 170
988 96 19999 170
988.999 96 19992 172
990 96 19997 171
991 93 19997 168
991.998 94 19998 171
993 94 19993 169
994 96 19992 171
994.999 95 19997 171
995.999 96 19997 174
996.996 96 19997 175
998 96 19992 175
998.993 96 19995 174
999.999 94 19998 174
1000 94 19997 174
