0.997911 394 19998 394
1.99626 388 19995 388
2.99914 384 19996 384
3.99898 383 19997 383
4.99364 380 19997 380
5.99405 377 19998 377
7 372 19996 372
7.99866 364 19997 364
8.99843 359 19995 360
9.9921 354 19995 355
10.9997 347 19994 348
11.9997 344 19997 345
12.9994 341 19995 342
13.9969 339 19991 340
14.9998 336 19995 337
15.9999 331 19993 332
16.9987 329 19996 330
17.9976 327 19997 328
18.9975 326 19996 327
19.9989 325 19996 328
20.9959 323 19998 326
21.9997 322 19996 327
22.9995 321 20000 326
23.9973 316 19997 322
24.9883 312 19999 318
25.9961 309 19996 317
26.9974 306 19998 315
27.9967 304 19994 313
28.9984 303 19996 312
29.9997 300 19995 311
30.9991 296 19996 310
31.9998 292 19995 306
32.9997 289 19996 306
33.9997 286 19996 303
34.9978 282 19995 300
35.9998 280 19992 299
36.9999 275 19997 295
37.9961 271 19994 292
38.9975 269 19994 292
39.9985 268 19997 292
40.9997 263 19996 287
41.995 260 19994 286
42.9987 257 19992 284
43.9944 254 19997 281
44.9994 252 19993 283
45.9992 253 19997 283
46.9999 252 19994 280
47.9901 250 19994 279
48.9991 245 19996 276
49.9985 242 19993 273
50.9976 238 19997 269
51.9998 232 19994 264
52.9953 231 20000 263
53.9999 229 19996 263
54.9996 226 19994 260
55.9996 225 19994 260
56.9983 222 19997 257
57.9993 220 19998 257
58.9986 218 19997 256
59.9987 214 19995 252
60.9995 210 19997 249
61.9994 208 19996 246
62.9997 206 19992 244
63.9999 206 19996 244
64.9994 203 19990 240
65.9999 201 19997 239
66.9923 201 19999 240
67.9987 199 19997 239
68.9995 195 19995 237
69.9954 194 19996 237
70.997 193 19997 236
71.9988 191 19998 235
73 191 19998 235
73.9984 187 19997 231
74.9999 186 19993 231
75.9986 186 19997 232
76.9985 186 19998 230
77.997 182 19997 228
78.9985 181 19997 227
79.9977 179 19998 226
80.9999 178 19996 225
81.9999 178 19996 226
82.999 176 19996 224
83.9996 176 19994 224
84.9984 177 19997 223
85.9973 179 19997 226
86.9989 180 19996 228
87.9996 179 19995 226
88.9973 177 19993 224
89.9997 176 19992 224
90.9999 175 19996 224
91.9988 172 19998 220
92.9984 170 19996 218
93.996 168 19992 217
94.9985 169 19997 218
95.9995 169 19994 219
96.9997 169 19992 218
97.9969 169 19994 218
98.9988 168 19992 219
99.9994 166 19992 216
100.999 165 19991 216
101.999 165 19995 216
103 164 19996 215
103.998 162 19996 215
104.999 160 19994 214
105.996 160 20000 213
106.996 158 19997 211
108 155 19996 207
108.997 154 19996 207
109.998 154 19996 206
110.999 155 19996 209
111.994 154 19996 210
113 151 19998 209
114 149 19994 209
114.998 148 19996 208
115.997 145 19991 205
116.992 144 19996 204
118 143 19998 202
118.996 144 19996 202
120 142 19993 202
120.998 143 19996 201
121.999 142 19995 201
122.999 141 19993 200
124 139 19995 200
124.999 139 19996 199
126 139 19994 199
126.998 138 19997 198
127.999 136 19995 197
128.995 135 19996 196
129.999 133 19997 194
130.997 134 19996 195
131.999 133 19991 193
132.998 132 19999 192
133.995 131 19996 192
135 128 19998 190
136 127 19996 189
136.995 126 19996 189
137.997 126 19996 188
138.999 125 19998 188
139.997 124 19998 189
140.988 122 19998 188
141.999 120 19996 187
142.996 121 19994 186
143.999 118 19995 184
144.995 118 19996 182
146 119 19999 181
146.999 118 19999 181
147.999 118 19996 182
148.998 118 19997 182
149.999 118 19995 182
150.997 117 19997 183
151.999 118 19997 185
152.996 117 19997 183
153.993 118 19997 185
155 117 19996 185
155.997 117 19998 183
156.994 116 19998 184
157.997 115 19993 181
159 111 19997 176
159.995 109 19996 175
160.998 107 19996 174
162 107 19994 174
162.997 107 19995 175
163.999 107 19994 176
164.996 104 19997 173
165.997 103 19998 174
166.999 104 19993 174
167.999 104 19997 173
168.998 103 19993 174
169.999 103 19996 173
170.999 104 19997 174
172 103 19996 172
172.998 101 19996 172
173.999 101 19995 171
174.996 101 19998 172
175.999 102 19999 172
176.999 102 19993 172
178 102 19996 171
179 102 19994 170
179.996 103 19998 170
181 103 19995 169
181.997 103 19995 171
182.997 104 19996 173
184 104 19997 174
184.997 104 19994 174
186 103 19997 176
186.999 103 19994 175
188 104 19994 176
188.999 103 19995 178
189.999 103 19998 178
191 102 19996 178
191.998 104 19998 178
192.999 104 19998 177
193.999 104 19994 177
194.998 102 19997 178
196 102 19994 178
196.998 100 19995 176
197.999 100 19997 177
199 99 19993 176
199.998 98 19994 175
200.999 98 19997 176
201.998 100 19994 176
203 101 19991 175
203.999 98 19997 172
204.998 98 19993 174
205.999 97 19995 174
206.991 96 19998 173
207.993 98 19998 172
209 100 19997 172
209.999 99 19997 171
210.999 97 19996 169
211.997 97 19995 171
212.998 95 19994 169
213.999 97 19994 170
215 97 19995 170
215.999 96 19992 171
216.999 96 19995 170
217.998 99 19998 170
218.999 97 19998 169
219.999 96 19996 168
220.999 96 19999 167
221.999 96 19997 167
222.999 96 19997 166
224 97 19996 167
224.998 97 19993 168
226 98 19995 167
226.999 98 19997 166
227.996 98 19994 165
228.999 98 19996 165
229.998 97 19997 164
231 96 19996 162
231.999 95 19997 161
232.999 94 19998 160
233.999 94 19997 161
234.993 94 19999 162
235.999 94 19997 162
236.999 92 19997 160
237.997 92 19996 160
238.999 90 19995 158
240 90 19997 159
240.999 90 19998 160
241.998 90 19996 162
243 89 19993 161
244 88 19993 160
244.999 89 19994 160
246 90 19995 161
246.998 91 19996 160
248 91 19996 161
249 91 19994 163
249.999 93 19995 164
250.998 94 19996 165
251.999 93 19994 164
252.999 92 19996 164
253.999 91 19993 167
254.997 90 19993 166
255.998 91 19994 167
256.997 91 19992 167
258 92 19995 169
258.999 94 19994 169
259.991 95 19999 170
260.999 95 19992 172
261.999 95 19995 173
262.999 95 19995 173
264 93 19993 172
264.998 92 19995 169
266 93 19991 168
266.999 91 19994 164
267.999 91 19995 165
268.999 89 19997 163
270 88 19992 162
270.998 86 19991 159
271.997 87 19996 162
272.999 87 19995 162
273.999 89 19992 162
274.999 89 19997 163
275.999 89 19993 162
276.998 88 19994 164
277.999 88 19998 165
278.999 86 19995 164
279.998 85 19996 164
280.999 85 19998 164
281.996 85 19997 165
283 84 19999 166
283.997 84 19998 165
284.999 84 19998 164
285.999 84 19997 166
286.996 83 19997 166
288 84 19998 167
288.996 84 19997 167
289.999 85 19993 167
290.997 85 19998 167
291.987 85 19994 167
293 84 19991 166
294 87 19996 168
294.999 87 19998 171
295.995 87 19993 170
296.997 88 19998 169
298 86 19998 167
298.999 89 19995 169
299.999 88 19997 168
300.998 87 19995 167
301.998 85 19995 165
302.995 85 19996 166
303.998 82 19996 163
304.996 82 19996 164
305.998 81 19996 163
306.995 82 19995 164
308 82 19995 165
308.999 81 19995 164
309.999 81 19990 164
310.999 81 19994 166
311.997 81 19997 166
313 81 19997 166
314 82 19994 168
314.999 80 19995 171
315.997 80 19996 171
316.999 77 19990 169
318 77 19995 171
318.998 78 19995 172
319.998 77 19995 172
320.998 78 19995 173
321.997 76 19995 171
322.997 77 19995 174
323.996 76 19998 175
324.998 73 19997 170
325.998 72 19997 169
326.999 72 19993 170
327.999 71 19995 169
328.998 71 19997 170
329.997 70 19995 170
330.992 69 19994 170
332 69 19991 170
333 69 19994 169
333.996 71 19998 170
334.998 71 19994 166
335.997 71 19997 168
336.999 72 19993 167
338 73 19994 167
338.993 73 19997 168
340 73 19998 167
340.999 73 19995 169
341.997 73 19996 171
342.997 73 19997 172
343.997 73 19996 172
345 75 19991 171
346 76 19994 171
347 76 19997 171
348 77 19995 172
349 78 19996 173
349.999 77 19994 172
351 74 19997 169
351.998 74 19997 173
352.998 75 19998 176
353.997 77 19995 176
355 77 19996 175
356 78 19995 176
356.994 77 19995 178
358 79 19992 179
358.999 80 19991 180
360 79 19993 179
360.999 79 19994 180
362 80 19996 181
363 81 19992 182
364 81 19996 183
364.999 81 19996 184
365.998 79 19995 183
366.998 82 19999 186
367.999 82 19996 187
368.999 85 19998 188
369.999 86 19997 189
371 83 19992 188
371.998 84 19993 187
373 86 19994 190
373.997 87 19991 192
374.998 88 19997 192
375.999 87 19995 193
377 87 19995 192
377.999 84 19997 190
378.999 83 19994 189
379.999 81 20000 188
381 80 19992 187
381.998 81 19998 188
382.999 80 19995 189
383.999 79 19992 191
384.999 81 19993 192
386 79 19998 190
386.998 79 19997 190
388 77 19996 190
389 78 19997 192
389.999 79 19994 193
390.999 78 19996 193
391.999 78 19993 193
393 78 19996 194
393.999 79 19995 195
395 79 19991 197
395.999 79 19997 197
397 79 19993 197
398 80 19994 196
398.997 83 19997 196
399.998 85 19997 197
401 88 19996 197
402 88 19996 196
402.998 87 19998 195
404 87 19996 196
405 88 19996 195
405.998 88 19999 194
406.982 89 19999 194
408 89 19996 195
408.998 90 19996 195
410 90 19995 196
410.998 90 19997 196
411.997 90 19994 197
412.998 89 19996 197
413.999 90 19993 198
414.999 90 19994 201
415.996 91 19994 200
416.999 90 19997 201
418 91 19999 202
418.997 90 19991 200
419.999 91 19995 200
420.999 93 19997 199
421.998 92 19994 198
423 91 19993 197
423.999 90 19994 197
424.999 89 19994 196
425.998 89 19995 196
426.998 90 19998 196
427.998 93 19995 197
428.997 93 19996 198
429.999 94 19992 198
430.998 93 19995 198
431.999 93 19997 197
432.999 96 19996 199
433.999 97 19990 200
434.999 99 19992 200
436 99 19997 200
436.999 99 19996 198
438 98 19993 199
439 98 19998 198
439.997 99 19992 198
440.999 99 19994 198
441.996 99 19998 197
443 99 19994 198
443.999 98 19993 198
445 100 19997 199
445.998 101 19994 200
446.999 101 19993 198
447.998 99 19998 199
448.999 101 19995 200
450 100 19995 200
450.996 101 19995 201
451.999 103 19993 203
452.998 101 19999 200
453.996 101 19999 201
454.997 103 20000 201
455.999 103 19995 202
456.994 99 19996 199
458 99 19992 200
458.998 97 19994 198
459.999 98 19999 198
460.999 98 19992 201
461.999 99 19997 202
462.999 100 19995 204
463.999 100 19998 203
465 98 19994 201
466 99 19995 200
466.999 100 19996 199
467.999 101 19996 198
468.999 101 19997 198
469.999 101 19995 198
470.999 102 19997 199
471.995 101 19998 198
472.999 99 19993 195
473.995 98 19997 195
474.997 98 19997 195
475.996 98 19995 196
476.999 97 19998 197
478 95 19996 196
479 94 19997 196
479.998 94 19995 198
481 95 19995 195
481.992 94 19995 193
482.999 93 19993 193
484 91 19995 191
484.999 87 19994 188
486 91 19999 188
486.994 92 19998 188
487.999 92 19997 187
488.996 92 19994 187
489.999 93 19996 190
491 92 19997 189
491.997 93 19998 188
492.999 94 19994 188
494 94 19991 188
494.999 96 19994 191
495.998 98 19996 193
496.995 99 20000 193
497.996 101 19998 192
499 101 19995 192
499.998 100 19997 192
500.998 100 19992 190
502 101 19999 190
502.999 101 19998 190
503.999 103 19993 191
505 107 19996 191
505.997 106 19996 191
506.999 107 19993 192
508 107 19996 191
509 108 19991 192
509.993 110 19994 190
510.998 106 19995 186
511.996 106 19995 187
512.997 107 19995 191
514 106 19994 191
514.998 107 19995 191
515.997 106 19998 190
516.999 107 19997 193
518 109 19994 193
518.997 107 19995 193
520 109 19997 193
520.999 108 19996 193
521.999 107 19995 192
522.986 105 20000 190
524 106 19996 191
525 104 19990 189
525.997 105 19991 189
526.995 104 19995 189
528 104 19995 190
528.99 107 19997 192
529.998 104 19995 188
531 105 19994 189
531.999 105 19998 189
533 102 19994 186
533.997 102 19994 189
534.997 104 20000 188
535.999 106 19994 188
536.994 106 19995 190
537.999 105 19994 189
539 106 19996 190
540 106 19995 192
541 107 19995 192
541.996 107 19996 193
542.998 106 19994 192
544 98 19995 186
544.995 101 19998 186
545.997 100 19996 187
546.999 104 19994 188
547.998 104 19996 187
548.997 104 19998 187
549.997 106 19997 186
550.999 103 19996 183
551.997 103 19998 184
553 104 19996 184
553.999 105 19994 184
554.998 105 19996 185
555.993 105 19995 183
556.994 106 19997 185
557.999 104 19996 186
558.996 104 19996 185
559.998 100 19995 181
560.989 98 19996 179
561.999 98 19997 179
562.998 97 19997 178
563.995 98 19995 178
564.999 100 19998 177
565.998 99 19999 175
567 101 19993 177
567.998 102 19995 176
568.997 101 19997 176
570 101 19994 176
570.999 101 19998 177
571.999 102 19996 176
572.999 103 19998 176
573.992 101 19996 174
574.999 99 19995 172
575.998 98 19998 174
577 98 19993 173
577.998 98 19996 177
579 97 19993 176
579.999 95 19994 175
580.999 95 19996 175
581.996 94 19998 174
582.999 94 19997 174
584 96 19996 177
584.999 97 19995 177
586 96 19993 176
587 100 19994 179
587.998 100 20000 179
588.993 100 19999 178
589.996 99 19996 178
590.998 99 19994 178
592 99 19998 179
592.998 97 19997 176
593.998 95 19995 176
595 95 19996 176
595.998 94 19996 175
596.999 94 19995 175
597.997 96 19996 175
598.998 96 19995 176
599.999 96 19997 175
600.998 97 19994 175
602 97 19990 175
603 95 19994 174
603.998 95 19997 174
604.999 94 19995 173
605.998 92 19997 171
606.999 92 19996 170
607.999 93 19993 169
609 94 19996 168
609.999 94 19997 168
610.998 93 19995 169
611.993 94 19997 170
612.998 94 19994 170
614 94 19996 171
615 94 19991 171
616 94 19995 169
616.999 94 19998 170
617.999 96 19995 171
618.997 96 19997 171
619.996 96 19995 173
621 95 19997 173
622 95 19993 174
623 95 19996 173
623.995 95 19996 174
624.999 97 19993 174
626 99 19996 174
627 97 19993 174
627.996 98 19997 175
628.999 96 19998 173
630 94 19997 172
630.998 94 19996 172
632 93 19999 171
632.997 93 19994 172
634 95 19997 173
634.999 95 19995 173
636 95 19998 175
637 95 19995 174
637.997 96 19997 174
638.996 95 19997 174
639.995 95 19996 175
640.999 95 19992 175
641.999 97 19996 174
643 99 19991 175
643.997 99 19997 175
645 99 19993 175
645.999 98 19997 175
647 96 19993 174
647.996 96 20000 175
648.999 98 19989 176
649.997 98 19997 175
650.999 98 19999 174
651.998 98 19997 175
653 97 19997 173
653.995 97 19995 173
654.999 100 19992 175
655.998 101 19995 175
657 101 19994 176
657.999 102 19998 176
658.992 101 19998 175
660 100 19990 175
660.999 101 19996 175
661.997 101 19997 175
663 100 19995 173
663.998 101 19995 174
665 101 19994 173
665.998 100 19998 173
666.998 99 19995 174
668 97 19996 175
668.999 97 19997 175
669.998 99 19997 175
670.995 100 19993 177
671.999 100 19992 176
672.999 100 19999 175
673.997 98 19998 175
674.995 98 19997 175
675.999 99 19994 174
676.999 99 19996 176
678 99 19996 176
678.999 101 19995 177
679.994 102 19995 179
680.999 100 19993 178
681.996 103 19999 178
682.999 101 19994 176
683.997 102 19995 176
684.999 102 19999 177
685.999 102 19996 177
687 100 19993 175
688 101 19994 175
689 98 19998 175
689.999 96 19998 175
691 96 19996 175
691.998 98 19997 175
692.997 99 19997 178
693.998 100 19995 179
694.999 100 19994 179
695.997 97 19994 176
697 95 19997 176
697.998 93 19995 175
698.995 92 19996 175
699.998 92 19996 175
700.998 92 19996 176
702 92 19998 175
702.999 92 19995 176
703.998 91 20000 174
704.999 90 19998 173
705.999 89 19998 175
707 88 19994 176
708 88 19998 176
708.999 86 19997 176
709.999 85 19997 178
710.999 86 19996 178
711.998 87 19996 178
712.999 87 19992 179
713.999 87 19991 183
714.998 87 19997 184
715.999 86 19994 186
716.998 86 19999 189
717.998 85 19996 189
719 86 19994 188
720 85 19995 187
720.998 85 19998 187
721.998 87 19998 187
722.996 89 19998 188
723.998 89 19997 187
724.998 91 19995 188
725.998 91 19995 189
726.994 91 19997 190
727.996 89 19997 189
728.999 91 19995 189
730 90 19993 188
730.996 90 19998 188
731.999 91 19996 189
732.993 94 19997 190
733.997 94 19997 190
734.999 96 19995 191
735.996 97 19998 191
736.999 97 19996 191
737.998 97 19995 190
738.999 96 19993 191
739.998 95 19996 191
740.998 93 19994 190
741.998 91 19997 188
743 93 20000 189
743.997 92 19998 189
744.996 92 19999 187
745.994 90 19996 185
746.997 90 19994 185
748 90 19996 186
748.999 91 19995 187
749.999 90 19995 187
751 89 19995 187
751.994 90 19995 187
753 92 19989 191
753.998 95 19998 191
754.995 95 19998 192
755.999 94 19995 190
756.994 92 19995 189
758 90 19995 187
759 90 19995 188
759.999 89 19993 186
760.999 88 19998 186
761.991 90 19998 185
763 89 19992 184
763.996 87 19994 184
764.998 87 19997 184
765.997 87 20000 185
766.999 87 19995 189
767.999 87 19998 188
768.997 87 19999 189
769.993 86 19994 191
770.995 86 19997 193
771.998 83 19997 190
772.999 85 19995 192
774 84 19995 190
774.998 84 19996 190
775.998 84 19997 189
777 85 19994 189
777.998 85 19996 189
778.999 86 19993 189
780 86 19995 188
780.999 86 19995 190
781.998 86 19995 190
783 85 19994 191
784 85 19994 192
785 86 19992 191
785.999 86 19996 190
787 86 19994 188
787.999 87 19996 189
789 87 19989 191
789.999 86 19993 190
790.999 87 19998 190
792 85 19996 187
792.999 87 19997 188
793.999 89 19998 191
795 90 19995 192
795.997 89 19996 192
796.999 90 19994 191
798 90 19991 192
798.999 91 19996 191
800 90 19995 188
800.998 90 19996 187
801.999 88 19997 185
802.997 90 19994 185
803.997 90 19996 185
804.998 90 19996 186
805.997 93 19996 190
806.999 91 19993 189
807.997 87 19997 186
808.999 89 19993 187
809.998 89 19996 187
811 89 19996 187
811.997 90 19999 186
812.997 91 19995 187
813.995 91 19995 186
814.998 93 19993 189
815.997 91 19994 187
816.998 91 19992 188
817.998 92 19995 190
819 92 19994 189
820 91 19995 189
820.999 91 19998 188
822 92 19999 189
823 89 19993 187
823.997 88 19996 186
824.999 89 19996 185
825.997 89 19998 188
827 88 19993 186
828 89 19995 188
829 90 19994 187
829.994 90 19997 186
830.997 88 19998 182
831.996 88 19994 181
833 87 19997 180
834 88 19992 180
834.999 88 19994 183
835.998 88 19996 186
836.998 84 19993 182
838 86 19996 183
839 86 19997 182
840 86 19994 181
840.999 87 19996 182
841.998 86 19992 183
842.999 86 19996 182
843.994 86 19998 184
844.999 84 19997 183
845.997 87 19996 185
846.999 86 19998 185
848 84 19990 183
849 84 19995 183
849.997 84 19994 184
851 84 19995 183
851.993 80 19999 178
853 82 19994 179
853.999 81 19996 179
854.995 82 19997 178
855.999 82 19997 179
856.998 79 19995 178
857.999 80 19994 178
859 81 19994 178
859.999 80 19998 177
861 79 19997 176
861.999 81 19997 178
863 81 19998 179
863.994 83 19997 179
864.996 83 19991 178
865.999 83 19995 181
866.993 85 19996 182
867.999 84 19995 182
868.999 84 19995 183
870 84 19996 181
871 83 19995 183
871.999 85 19995 185
872.998 87 19996 187
873.999 87 19994 190
874.999 88 19995 191
876 91 19995 191
877 91 19998 192
877.999 91 19996 194
879 93 19993 194
879.999 93 19996 195
881 94 19993 195
881.999 95 19998 194
882.999 95 19996 193
883.989 96 19998 194
884.998 97 19997 194
885.997 96 19997 192
887 94 19994 191
888 93 19996 190
889 92 19997 191
889.999 92 19998 192
890.999 90 19995 189
892 89 19990 188
892.997 89 19994 187
894 91 19997 188
895 92 19995 188
896 91 19991 188
896.999 94 19995 189
898 93 19997 190
898.999 93 19994 188
900 91 19997 188
900.999 90 19999 187
901.999 90 19993 187
902.993 89 19995 186
904 88 19995 186
904.998 86 19998 182
906 85 19993 180
906.997 85 19997 180
908 86 19996 180
908.999 87 19996 180
909.996 87 19998 182
911 88 19997 183
911.997 88 19997 183
912.992 87 19996 185
914 87 19997 185
914.997 87 19998 187
916 86 19993 185
917 85 19997 185
917.999 85 19992 187
918.997 87 19996 188
920 85 19999 187
920.991 85 19996 186
921.999 83 19997 184
922.995 83 19997 185
924 83 19996 186
924.998 83 19993 185
926 81 19993 188
926.995 82 19997 188
927.999 81 19998 189
928.999 78 19994 184
929.996 80 19995 184
931 80 19997 184
932 80 19995 183
933 79 19996 180
934 79 19996 183
934.999 79 19998 183
936 78 19998 184
936.998 80 19995 185
937.998 80 19998 186
939 82 19996 186
939.997 83 19994 189
940.998 81 19995 189
941.997 81 19998 189
943 82 19998 189
943.996 82 19993 189
944.999 83 19994 190
945.996 83 19996 189
947 84 19992 189
947.997 83 19994 191
949 82 19996 191
949.996 83 19995 193
951 83 19992 194
951.997 83 19997 194
953 80 19997 192
954 80 19991 193
955 81 19996 193
955.998 83 19998 194
957 85 19996 194
957.997 85 19997 194
958.999 86 19997 193
959.992 86 19996 193
960.998 87 19995 192
961.996 87 19997 191
962.994 88 19996 190
964 89 19996 191
964.999 91 19998 192
966 91 19991 190
966.997 91 19995 188
967.998 90 19994 189
968.999 90 19994 189
970 90 19995 190
971 91 19994 191
971.993 89 19998 190
972.999 89 19997 189
974 91 19996 190
974.999 92 19995 192
975.996 91 19997 194
976.994 92 19997 194
977.999 91 19994 193
979 92 19996 194
979.999 93 19997 194
980.999 92 19994 193
981.996 92 19997 191
983 94 19996 191
984 91 19998 190
984.998 91 19997 188
986 91 19996 190
986.999 92 19996 191
987.999 92 19996 191
988.99 90 19998 189
989.996 92 19994 190
990.997 92 19996 191
992 93 19993 191
992.998 94 19996 191
993.999 94 19997 192
994.999 96 19995 194
995.998 95 19998 193
996.998 97 19995 194
997.998 96 19992 194
998.999 95 19993 194
999.997 94 19996 193
1000 94 19995 193
