0.999319 398 19994 398
1.99896 397 19999 397
2.99577 394 19998 394
3.9998 388 19997 388
4.9997 385 19996 386
5.99666 383 19997 384
6.9993 378 19998 379
7.99983 373 19998 374
8.99847 370 19997 371
9.99748 368 19994 370
10.9978 364 19991 367
11.9956 362 19996 366
12.9998 358 19991 362
13.9999 355 19992 359
14.9996 352 19994 357
15.9916 348 19999 353
16.9955 346 19997 351
17.9994 338 19998 343
18.9931 337 19998 342
19.9997 332 19997 338
20.9984 331 19996 338
21.9994 328 19998 336
22.999 322 19998 330
23.9995 322 19990 331
24.9994 321 19995 330
25.9988 316 19997 326
26.9995 313 19996 323
27.9976 311 19994 320
28.9947 307 19997 316
29.999 306 19995 316
30.9936 302 19997 311
31.9999 299 19996 308
32.9998 297 19995 307
33.9993 293 19995 303
34.999 290 19995 300
35.9989 288 19996 300
36.9999 284 19994 297
37.9992 282 19997 295
38.9985 282 19996 296
39.9999 280 19996 297
40.9998 276 19997 295
41.9999 272 19992 291
42.9985 270 19998 290
43.996 267 19996 288
44.9992 264 19995 286
45.9975 261 19995 285
46.9996 259 19997 284
48 255 19994 284
48.9931 254 19995 284
49.9999 252 19993 283
50.9945 251 19999 282
51.9999 247 19992 279
52.9971 245 19997 278
53.9999 240 19997 273
54.997 239 19995 272
55.9968 237 19995 270
56.9974 236 19996 269
57.9999 231 19998 264
58.9999 232 19995 267
59.9945 229 19994 264
60.9961 227 20000 262
61.9992 227 19996 261
62.9993 224 19996 258
63.9995 219 19998 255
64.9986 217 19995 252
65.9994 216 19997 252
66.9989 215 19995 251
67.9985 213 19997 249
68.9991 212 19987 250
69.9991 210 19997 251
71 210 19993 252
71.9997 209 19994 252
72.9989 207 19999 252
73.995 206 19998 251
74.9993 205 19996 251
75.9936 200 19998 247
76.9992 200 19997 248
77.9983 198 19998 246
78.9981 196 19997 244
80 197 19993 244
80.997 198 20000 243
81.9989 196 19991 244
82.9981 195 19997 243
83.9956 195 19997 245
84.9944 194 19992 245
86 192 19992 243
86.9976 191 19997 243
87.9987 190 19994 242
88.9978 189 19995 240
89.9991 187 19990 241
90.9979 185 19996 242
91.9999 186 19994 242
92.9994 183 19997 241
93.9964 181 19999 239
94.9995 181 19996 238
95.997 178 19997 236
96.9997 176 19991 235
97.9998 175 19990 235
98.9996 174 19998 233
99.9982 171 19988 231
100.995 172 19994 230
101.999 169 19995 228
103 169 19994 228
103.997 166 19998 227
104.999 162 19994 222
105.996 157 19999 219
106.998 155 19996 218
108 154 19993 222
108.999 154 19994 221
109.999 154 19997 223
110.996 154 19992 223
111.996 153 19995 222
113 152 19997 222
113.989 151 19998 222
114.996 150 19996 222
115.998 151 19995 223
116.998 151 19996 222
118 152 19996 222
118.995 151 19995 222
119.997 150 19998 222
121 148 19995 221
121.999 147 19998 221
122.998 143 19996 215
123.999 144 19998 216
124.999 144 19998 220
125.999 144 19998 220
127 141 19997 217
128 138 19996 215
129 137 19995 215
130 135 19992 214
130.997 134 19996 215
132 134 19995 218
132.998 133 19998 220
133.998 133 19995 220
134.999 131 19992 217
136 130 19998 218
136.996 128 19995 216
137.999 128 19994 217
139 129 19994 215
139.998 129 19993 214
141 127 19994 212
141.998 129 19994 213
142.997 131 19997 211
143.998 131 19999 210
144.998 128 19998 208
145.999 128 19997 208
147 128 19996 208
148 130 19997 210
148.995 129 19999 209
149.999 128 19990 209
150.997 127 19998 211
151.997 128 19995 210
153 130 19993 210
154 127 19995 207
154.995 127 19998 207
155.997 128 19997 208
156.999 127 19994 207
157.999 127 19996 207
158.996 126 19997 206
160 126 19995 205
160.999 124 19995 204
161.998 124 19996 204
163 124 19998 204
163.999 124 19995 204
165 123 19991 203
166 125 19996 205
167 125 19995 203
168 126 19995 203
168.993 127 19995 207
170 127 20000 207
170.995 125 20000 205
171.999 124 19994 204
172.999 124 19999 203
173.999 123 19995 202
174.996 125 19993 203
175.999 124 19995 203
177 124 19993 204
177.993 122 19997 202
178.999 122 19993 201
180 123 19997 202
180.999 121 19995 200
182 120 19997 199
182.998 122 19992 201
183.999 121 19993 203
184.998 121 19995 204
186 121 19993 206
186.99 119 19999 203
188 120 19992 206
188.998 121 19992 207
189.995 119 19993 207
191 121 19995 206
192 124 19993 206
192.998 124 19997 205
193.999 123 19995 205
194.995 121 19999 202
195.998 121 19998 201
196.999 120 19991 201
197.999 120 19990 200
199 120 19997 200
199.998 120 19997 199
200.996 118 19995 197
201.995 118 19992 199
202.994 117 19996 197
203.999 121 19993 198
205 120 19994 198
205.998 120 19998 198
206.999 120 19993 198
208 117 19995 195
208.999 116 19996 192
210 118 19999 192
210.999 114 19998 188
212 113 19997 187
212.999 113 20000 186
213.996 112 19998 187
214.999 113 19995 187
215.997 111 19994 184
216.999 113 19997 183
217.993 112 19998 183
218.995 112 19997 181
220 108 19995 177
220.998 105 19992 174
221.999 103 19998 173
222.999 104 19997 173
223.993 104 19996 173
225 104 19999 173
225.999 103 19992 173
226.997 103 19996 174
227.999 103 19996 174
228.996 103 19997 176
230 104 19993 176
230.998 105 19993 174
231.999 105 19998 175
232.998 105 19996 175
233.999 104 19997 174
234.999 105 19995 175
236 106 19990 175
237 108 19995 176
237.998 107 19996 175
238.999 106 19996 174
240 107 19996 175
240.996 107 19993 175
241.999 105 19994 173
242.999 106 19997 173
243.999 107 19997 173
244.999 105 19997 171
245.999 106 19996 171
246.999 106 19995 172
247.999 105 19997 173
248.997 107 19997 173
250 106 19993 172
251 106 19994 174
251.999 105 19996 173
252.999 103 19997 172
253.998 104 19994 174
254.998 105 19998 174
255.999 102 19994 171
256.999 101 19991 171
258 101 19997 171
259 101 19997 171
260 100 19996 168
260.999 99 19996 171
261.999 96 19991 169
262.997 96 19997 168
264 97 19995 170
265 96 19998 169
266 96 19995 170
266.998 96 19997 171
268 93 19992 168
269 92 19998 169
269.998 93 19998 170
270.992 94 19996 169
271.999 94 19995 169
273 95 19995 168
273.998 94 19995 165
274.999 94 19991 164
276 92 19998 162
276.998 92 19996 164
278 89 19992 161
278.999 88 19995 159
279.999 89 19995 160
280.996 88 19997 160
281.994 88 19996 159
283 90 19993 161
283.998 90 19997 162
284.998 91 19993 164
285.998 91 19997 166
287 92 19996 165
288 91 19996 165
288.998 93 19997 166
290 93 19995 166
290.999 94 19996 167
291.999 93 19990 168
293 92 19994 168
293.998 92 19996 168
294.998 91 19995 168
296 90 19996 166
296.999 90 19995 166
298 91 19995 168
298.998 92 19999 168
300 92 19998 171
301 91 19995 170
301.997 90 19994 169
303 90 19997 168
303.999 90 19993 170
304.996 90 19997 170
305.998 89 19993 170
306.999 88 19998 171
307.995 88 19996 171
308.999 88 19993 173
309.999 87 19996 172
310.998 87 19995 174
311.998 88 19998 175
312.998 87 19995 177
314 87 19995 177
314.998 87 19997 177
316 86 19996 179
316.999 87 19998 179
317.999 88 19994 181
319 89 19996 181
319.998 91 19997 182
320.997 92 19992 182
321.999 92 19993 183
322.997 92 19994 184
323.999 92 19998 183
324.999 91 19998 182
325.999 91 19995 181
326.999 89 19998 179
327.993 88 19996 178
329 84 19994 175
329.999 85 19998 175
330.999 86 19991 175
332 88 19996 175
332.998 87 19995 174
334 88 19994 174
334.998 87 19994 174
336 86 19993 175
336.996 87 19997 175
338 86 19996 174
338.999 85 19997 173
339.999 85 19992 173
340.998 85 19997 174
342 85 19996 174
342.997 86 19996 174
343.999 86 19998 174
345 87 19995 174
346 87 19992 175
346.998 87 19994 178
348 88 19992 178
349 88 19995 179
349.993 86 19995 176
350.994 86 19996 176
351.999 85 19996 177
352.998 85 19997 182
353.999 86 19995 180
354.999 85 19992 179
355.99 86 19999 181
356.998 82 19996 177
358 82 19995 177
358.999 83 19996 177
359.999 84 19996 177
361 84 19993 177
361.999 85 19997 177
363 85 19998 178
363.999 86 19995 179
365 90 19997 180
366 90 19992 185
366.998 90 20000 185
367.997 90 19999 187
369 90 19993 186
370 91 19996 186
370.999 92 19998 186
372 95 19996 187
372.992 97 19996 187
374 99 19995 187
374.999 97 19991 188
376 97 19995 187
376.999 94 19999 186
377.999 95 19994 186
378.998 97 19997 188
380 95 19991 186
380.997 96 19995 186
381.997 95 19995 186
382.999 95 19995 186
384 97 19993 189
385 96 19994 189
385.996 96 19994 189
386.998 97 19991 188
387.999 98 19993 188
389 100 19991 189
389.999 100 19998 189
390.999 100 19997 187
391.999 98 19999 186
392.996 98 19998 186
394 96 19996 185
394.998 97 19994 186
395.999 98 19997 186
397 101 19998 187
398 101 19999 188
398.999 99 19991 186
399.998 97 19998 184
401 97 19995 186
401.997 96 19998 186
403 96 19994 189
404 96 19995 189
405 96 19995 190
405.98 97 19999 190
407 97 19994 190
407.999 95 19996 189
408.991 97 19997 191
409.999 99 19998 192
410.999 100 19998 193
411.998 100 19998 193
412.999 100 19989 194
413.999 100 19995 197
414.996 98 19994 196
415.999 97 19992 194
416.993 99 19999 196
417.995 101 19996 198
418.997 102 19992 198
419.994 102 19999 196
420.998 102 19995 196
422 101 19996 193
422.991 102 19998 193
423.997 99 19995 193
424.999 100 19999 193
426 101 19993 194
426.999 102 19998 196
428 101 19996 199
429 102 19993 200
429.998 102 19997 199
430.996 102 19996 198
431.999 103 19995 199
432.999 103 19996 198
433.997 104 19995 198
434.998 104 19994 197
435.993 103 19999 196
436.994 103 19999 194
437.996 102 19993 195
438.999 101 19994 193
440 102 19996 194
440.998 101 19994 194
441.998 101 19992 195
443 102 19997 196
443.997 102 19996 194
444.992 99 19996 191
445.999 99 19997 192
446.997 99 19998 191
447.997 98 19998 191
448.999 99 19997 193
449.999 98 19998 192
450.999 99 19994 193
451.997 99 19999 194
453 99 19994 194
453.999 102 19998 197
454.999 100 19999 195
456 101 19995 196
457 102 19997 196
458 105 19999 198
458.999 105 19995 196
459.999 104 19992 194
460.999 103 19997 194
462 102 19993 195
462.998 101 19991 193
464 100 19996 192
464.999 101 19993 192
465.999 102 19999 190
467 104 19995 191
467.999 104 19996 192
468.992 104 19995 195
469.983 105 20000 195
470.999 106 19996 196
471.999 107 19997 196
472.999 105 19995 194
473.998 105 19995 195
474.999 106 19995 197
475.993 105 19999 196
476.998 104 19997 195
477.999 103 19995 194
478.998 102 19997 191
479.994 104 19992 193
481 104 19995 194
481.998 102 20000 193
482.999 105 19993 194
483.997 106 19993 196
485 107 19995 196
485.998 106 19993 196
486.999 106 19996 196
487.998 106 19997 196
488.998 106 19997 194
490 104 19997 195
490.999 104 19996 197
491.999 105 19992 198
492.997 105 19998 198
494 106 19994 198
495 105 19997 196
496 106 19996 198
496.999 107 19997 200
498 106 19995 198
498.997 108 19995 199
499.998 109 19996 200
500.996 109 19996 201
502 108 19995 201
502.993 106 19998 199
504 106 19994 200
505 106 19996 199
506 105 19992 198
506.999 105 19997 199
507.998 104 19994 198
509 105 19993 198
509.998 104 20000 197
510.999 103 19992 196
512 104 19997 198
512.998 104 19998 198
513.999 104 19995 198
514.998 105 19991 197
515.997 104 19997 196
516.999 104 19998 195
517.998 103 19997 194
518.999 105 19991 196
520 106 19995 197
521 107 20000 197
521.997 107 19995 198
522.999 109 19992 198
523.999 110 20000 200
525 110 19995 200
525.992 110 19997 199
526.998 109 19996 199
528 110 19998 199
528.999 111 19997 199
529.997 111 19993 199
530.997 113 19995 201
531.999 113 19995 200
532.998 115 19991 200
533.998 116 19994 199
534.997 115 19998 199
535.999 115 19993 201
536.998 115 19998 202
538 116 19998 201
538.999 117 19996 200
539.992 119 19998 200
541 117 19992 198
542 117 19997 197
543 116 19994 196
543.999 115 19992 193
545 115 19992 194
545.996 114 19995 192
546.999 114 19992 192
547.999 113 19996 191
548.998 116 19996 191
549.999 115 19995 191
550.987 117 19995 192
552 116 19997 192
552.996 117 19998 192
553.998 116 19996 192
554.999 115 19996 192
556 113 19997 191
556.997 112 19990 190
557.999 111 19997 190
558.999 111 19995 191
560 112 19995 192
560.997 111 19997 189
562 112 19996 190
562.999 114 19993 193
563.996 116 19995 195
565 118 19993 197
565.998 117 19998 198
566.998 118 19998 199
567.999 116 19995 198
569 117 19997 197
570 112 19997 195
570.999 112 19995 196
571.999 113 19994 195
572.998 113 19993 193
573.999 112 19991 193
574.999 107 19998 189
576 109 19993 188
577 110 19995 188
578 112 19992 189
579 111 19996 187
579.999 110 19991 186
580.999 108 19992 185
581.999 109 19998 185
582.999 107 19998 183
583.996 103 19996 181
584.997 102 19996 181
586 102 19995 180
586.999 103 20000 179
587.999 105 19994 179
588.998 105 19999 180
589.998 108 19996 181
590.999 107 19989 181
592 106 19993 182
592.998 105 19998 183
593.987 104 19997 182
595 104 19995 183
596 102 19994 183
596.996 103 19997 185
597.999 104 19995 184
599 105 19994 185
599.999 103 19997 183
600.996 102 19997 184
602 106 19995 182
602.999 108 19998 184
603.999 109 19996 186
604.998 109 19997 189
605.996 109 19998 190
607 109 19995 188
607.998 109 19994 188
608.997 109 19997 190
609.999 110 19995 191
610.999 109 19992 192
611.999 107 19997 190
613 108 19991 191
613.999 109 19997 191
614.999 109 19994 193
615.999 109 19997 195
616.999 110 19996 195
618 111 19996 196
619 111 19996 195
620 112 19995 196
620.999 110 19994 193
622 109 19992 193
623 109 19995 193
623.998 109 19996 194
624.998 107 19998 193
626 106 19995 191
627 105 19997 190
627.999 105 19992 190
629 104 19995 190
629.998 102 19997 188
630.999 99 19998 185
632 99 19998 184
632.99 97 19999 183
633.996 94 19996 180
634.997 95 19994 180
635.999 95 20000 179
636.999 95 19998 179
637.996 95 19995 178
638.994 94 19998 178
639.998 93 19997 176
640.999 92 19997 177
641.999 92 19995 179
643 93 19995 179
644 94 19993 181
644.998 95 19994 181
645.999 96 19995 182
647 97 19996 182
647.999 97 19993 182
649 95 19991 182
649.999 94 19996 183
650.999 94 19993 183
651.998 94 19997 184
652.999 95 19991 185
653.996 94 19997 185
655 95 19996 187
655.999 96 19997 188
656.992 97 19997 189
657.998 97 19997 190
659 98 19997 191
659.998 99 19995 193
660.997 99 19995 192
661.999 99 19995 192
663 100 19993 193
663.999 97 19997 191
664.999 96 19997 193
665.998 96 19996 195
666.999 96 19997 194
667.999 95 19995 194
668.998 97 19998 194
669.998 94 19997 193
670.999 95 19996 193
671.998 96 19994 194
672.994 94 19996 194
673.998 92 19994 194
675 92 19993 195
675.998 91 19995 193
676.999 90 19997 194
677.994 91 19998 196
678.996 94 19994 196
680 95 19997 197
680.999 94 19996 199
682 96 20000 199
682.998 97 19993 198
684 97 19996 197
684.999 96 19997 195
685.998 98 19994 197
687 99 19999 198
687.999 98 19994 197
688.999 98 19999 197
689.995 100 19999 197
690.999 99 19993 198
691.999 99 19988 198
692.997 99 19991 198
693.999 99 19996 199
694.996 101 19996 199
696 102 19994 200
697 103 19995 199
698 103 19997 200
698.994 104 19996 201
700 103 19997 201
700.997 102 19999 201
702 101 19993 199
702.997 101 19997 200
703.998 101 19994 201
704.999 100 19996 200
705.997 101 19995 200
707 101 19992 200
707.999 101 19996 200
708.999 99 19999 197
709.994 99 19996 196
710.993 99 19997 195
712 99 19994 196
712.993 100 19997 195
713.996 101 19997 195
715 99 19997 194
715.999 99 19997 196
716.997 101 19996 198
718 102 19994 200
719 104 19994 202
719.999 103 19992 201
720.999 103 19993 204
722 103 19994 202
722.996 103 19999 201
723.996 104 19993 201
724.999 106 19992 202
725.999 106 19995 202
727 108 19996 202
728 108 19998 203
728.998 105 19994 201
730 102 19996 199
730.997 105 19994 200
731.999 103 19996 199
733 102 19998 197
733.999 102 19996 193
734.997 103 19996 194
736 102 19995 192
737 103 19993 195
738 104 19996 195
739 105 19997 197
739.999 105 19995 196
740.993 106 19995 199
741.998 107 19999 198
742.999 107 19997 198
743.999 106 19995 196
745 107 19996 198
745.995 108 19997 198
746.998 107 19988 197
747.999 109 19998 198
748.999 108 19994 196
749.998 109 19998 197
750.999 109 20000 196
751.995 109 19995 196
753 110 19997 195
754 108 19997 193
754.999 105 19997 191
756 105 19992 192
757 104 19994 192
757.998 104 19999 193
759 102 19996 190
759.995 103 19996 191
760.999 105 19997 190
761.999 104 19996 191
763 105 19996 192
763.996 104 19997 191
764.999 104 19995 192
766 103 19994 191
767 100 19994 189
767.999 99 19998 188
768.997 96 19998 185
769.999 94 19996 184
770.998 97 19998 184
771.996 98 19996 184
772.999 99 19994 183
773.998 98 19995 183
774.998 99 19997 183
775.998 97 19997 180
776.999 96 19995 179
778 96 19996 181
778.999 96 19994 185
779.998 97 19992 185
780.999 94 19993 183
782 95 19996 185
783 95 19996 185
783.999 95 19994 185
784.999 94 19996 185
786 96 19998 185
787 97 19996 185
787.999 96 19994 184
788.998 95 19994 183
789.999 95 19996 183
790.99 95 19998 181
791.999 92 19991 180
793 92 19989 180
793.999 94 19999 180
794.999 96 19991 180
795.999 95 19997 178
797 95 19994 180
797.998 96 19999 178
798.998 94 19997 178
799.998 92 19991 176
800.999 91 19989 179
802 91 19994 179
802.999 91 19994 180
803.998 90 19997 181
805 88 19993 180
805.995 88 19994 182
807 90 19992 182
808 91 19997 183
808.996 91 19996 182
810 90 19994 180
811 89 19999 180
812 90 19993 181
812.996 90 19997 181
813.999 91 19995 181
814.998 90 19999 181
815.999 89 19995 182
816.999 90 19994 184
817.999 91 19998 183
818.998 90 19997 183
819.999 90 19996 184
820.999 90 19998 185
821.996 90 19997 185
823 90 19993 184
823.999 89 19993 183
825 90 19994 182
826 90 19991 183
826.999 90 19995 183
828 90 19998 183
829 89 19997 183
829.999 88 19996 181
831 86 19998 179
831.976 87 19999 178
832.998 87 19996 178
833.998 88 19998 179
834.999 87 19997 178
835.997 86 19992 179
836.999 85 19995 178
837.999 84 19998 179
839 86 19993 181
839.999 86 19992 180
840.993 87 19994 179
841.998 87 19993 178
843 87 19996 177
843.999 87 19995 177
844.999 86 19998 176
845.997 87 19996 174
846.996 87 19998 173
847.999 88 19995 172
848.997 88 19994 171
850 89 19995 171
851 90 19995 172
851.998 91 19994 172
852.999 93 19993 174
853.999 92 19995 173
854.999 94 19995 173
855.998 92 19998 173
856.996 91 19990 172
857.998 90 19996 171
858.992 90 19997 170
859.999 89 19998 171
860.992 90 19996 175
862 91 19997 177
862.999 91 19998 179
864 91 19997 180
865 92 19994 181
865.999 92 19995 180
866.994 92 19993 181
867.996 92 19998 182
869 93 19995 181
870 94 19996 183
871 94 19992 182
871.994 93 19995 182
872.998 92 19997 183
873.998 91 19998 182
875 90 19992 182
875.999 93 19997 182
876.997 93 19996 182
877.997 93 19996 183
879 93 19995 181
879.998 92 20000 179
880.998 90 19998 179
881.998 89 19995 179
883 87 19994 177
883.999 86 19996 177
884.999 87 19995 175
885.999 88 19997 175
886.992 87 19996 171
888 88 19997 170
888.999 90 19999 169
889.999 90 19998 170
890.999 90 19996 171
891.997 90 19991 170
892.999 90 19994 169
893.999 91 19993 170
895 93 19995 170
896 93 19997 172
897 92 19996 171
898 94 19992 172
899 93 19995 173
899.992 95 19998 172
900.997 95 19995 172
901.997 97 19993 176
902.998 96 19994 175
904 97 19995 178
904.999 100 19995 179
905.998 102 19998 180
906.997 102 19999 180
907.997 102 19999 180
908.997 103 19998 178
909.998 102 19992 178
910.999 100 19994 178
911.999 98 19996 180
912.998 98 19997 181
914 95 19997 179
914.998 95 19998 179
915.997 94 19997 178
916.999 93 19996 177
917.998 97 19997 178
918.998 99 19996 179
920 99 19998 180
920.999 98 19998 179
921.998 98 19998 178
923 97 19995 178
923.998 96 19993 179
925 99 19995 180
926 101 19991 181
926.999 102 19994 181
927.998 103 19994 181
929 103 19993 181
929.998 102 19996 179
930.998 101 19991 180
932 102 19994 183
932.999 102 19999 184
933.999 102 19996 183
934.998 101 19997 182
936 101 19995 185
937 101 19994 185
937.999 102 19995 187
939 102 19991 187
939.996 99 19994 184
941 99 19998 187
941.997 98 19997 187
942.995 99 19996 187
944 98 19996 186
944.995 98 19997 186
946 98 19996 184
946.999 99 19995 184
947.996 101 19995 186
948.998 99 19998 185
949.996 99 19995 184
950.999 99 19995 184
952 100 19995 185
953 100 19998 184
953.993 97 19999 181
955 97 19994 183
955.996 95 19998 182
956.999 96 19992 182
957.999 96 19991 181
959 97 19998 182
960 98 19999 182
960.998 97 19995 181
961.999 95 19994 180
963 94 19995 179
963.994 94 20000 178
964.996 95 19994 180
965.997 97 19997 180
966.996 97 19995 179
968 98 19996 179
968.999 97 19997 180
969.997 94 19994 179
970.998 92 19993 177
971.998 93 19999 177
972.999 95 19993 178
973.997 94 19996 178
974.999 96 19998 179
976 94 19997 178
977 94 19994 178
978 94 19991 179
978.997 94 19995 179
979.999 93 19998 180
981 92 19992 178
981.999 92 19998 178
982.996 92 19999 177
983.998 92 19997 178
984.999 92 19992 178
985.993 93 19997 178
987 93 19998 180
988 91 19995 177
988.998 90 19995 178
990 90 19994 181
990.999 88 19994 180
991.995 88 19997 179
992.998 90 19995 178
993.998 88 19993 176
995 89 19991 176
995.999 88 19995 177
996.999 88 19993 177
997.999 89 19995 176
999 90 19995 178
999.999 87 19998 176
1000 87 19998 176
