0.995079 396 19999 396
1.99843 394 19993 394
2.99642 390 19991 390
3.99591 387 19996 387
4.99939 380 19991 380
5.999 375 19997 375
6.99762 371 19993 372
7.99896 367 19996 368
8.99824 364 19998 365
9.9958 360 19997 362
10.9956 358 19998 360
11.9992 354 19998 356
12.9994 353 19997 356
13.9959 350 19997 353
14.9999 347 19996 350
15.9969 343 19998 346
16.9917 340 19997 343
17.9993 338 19992 341
18.9999 337 19994 341
19.9991 334 19993 338
20.9999 332 19997 336
21.9999 327 19994 332
22.9998 323 19994 329
23.9987 320 19994 327
24.9997 317 19994 326
26 312 19996 321
26.9999 309 19997 318
28 305 19992 315
28.9998 305 19997 316
29.9982 306 19996 317
30.9979 300 19994 311
31.9965 296 19995 307
32.9999 296 19996 307
33.9996 291 19996 304
34.9999 286 19997 301
35.9995 283 19996 299
36.9985 279 19994 297
37.9974 276 19997 295
38.9984 273 19996 293
39.9999 271 19996 291
40.9988 267 19996 289
41.9974 265 19996 287
42.9973 261 20000 283
43.9995 260 19999 282
44.9997 255 19996 277
45.9955 252 20000 274
46.9985 251 19994 272
47.9989 244 19996 267
48.9971 243 19997 265
49.9982 243 19998 265
50.9994 241 19996 262
51.9987 238 20000 259
52.9985 235 19993 256
53.999 236 19996 257
54.9978 232 19992 255
55.995 230 19995 253
56.9977 229 19997 253
57.9998 226 19992 253
58.9993 222 19996 251
59.9929 223 19998 252
60.9996 222 19996 253
61.9987 220 19997 251
62.9992 219 19996 251
64 219 19997 252
65 215 19994 249
65.9986 214 19998 248
66.9998 214 19993 249
67.9995 213 19997 248
68.9999 212 19995 247
69.9995 208 19991 245
70.9988 207 19996 244
71.9997 206 19994 243
72.9997 203 19997 242
73.9983 202 19997 240
74.9993 200 19994 239
75.9993 200 19997 239
76.9999 199 19991 240
77.9999 197 19995 239
78.9993 192 19999 236
79.9968 190 19994 234
80.9988 189 19996 233
82 188 19995 233
82.9994 187 19996 232
83.9973 186 19993 232
84.9994 184 19996 233
86 182 19992 231
86.998 181 19994 229
87.9966 181 19997 229
88.9975 181 19998 229
89.9962 177 19996 226
90.9923 176 19998 226
91.9968 174 19993 225
92.9998 171 19993 225
93.9979 170 19993 226
94.9989 170 19991 226
95.9992 171 19997 227
96.9985 169 19997 225
97.9998 167 19994 224
98.9964 166 19999 223
99.9988 166 19997 221
100.996 163 19996 219
101.997 164 19992 220
102.999 163 19991 220
104 164 19994 222
105 163 19995 222
105.999 162 19993 220
106.997 162 19997 219
107.997 160 19995 216
108.998 161 19997 217
110 163 19994 218
110.998 163 19992 218
111.995 162 19995 218
112.998 163 19996 217
114 162 19995 218
114.999 163 19996 219
115.999 162 19994 217
116.999 162 19998 217
117.998 162 19999 217
118.998 159 19995 213
119.999 159 19992 215
120.992 156 19997 212
121.999 154 19999 212
123 153 19994 210
123.998 151 19996 209
125 148 19998 206
125.999 148 19997 206
126.999 147 19993 205
127.999 144 19991 201
128.999 144 19995 201
129.999 142 19999 200
131 142 19993 201
131.997 141 19994 200
132.998 139 19997 197
133.999 138 19998 196
134.999 138 19994 195
135.999 136 19996 195
136.998 134 19996 193
137.996 135 19998 193
138.997 135 19993 193
139.996 135 19997 192
140.999 135 19995 192
141.992 134 19993 193
142.999 134 19997 194
143.997 132 19992 193
144.999 130 19995 190
146 130 19995 190
147 131 19994 190
147.999 131 19997 189
148.997 129 19997 187
149.995 128 19998 187
150.992 129 19999 187
151.997 129 19995 187
153 130 19995 187
153.999 129 19994 186
154.999 128 19992 185
155.998 128 19993 185
156.989 128 19997 184
158 126 19994 182
159 124 19994 180
159.999 123 19995 179
160.997 123 19996 178
162 122 19996 178
162.994 122 19998 179
163.997 121 19997 178
164.999 120 19995 180
165.993 117 19997 177
167 117 19996 178
167.998 117 19993 177
168.998 117 19997 178
169.997 116 19996 177
170.998 114 19994 177
171.993 112 19997 177
172.998 112 19998 177
173.999 110 19995 177
174.996 108 19998 176
175.999 107 19995 173
176.999 107 19992 172
177.999 106 19998 172
178.998 105 19998 170
179.996 104 19999 171
180.994 102 19998 169
181.999 104 19995 173
182.997 103 19999 172
183.998 105 19994 172
185 105 19995 171
185.999 105 19994 171
186.999 104 19992 170
187.999 104 19998 168
188.999 103 19994 169
189.998 103 19995 169
190.998 101 19998 168
191.995 100 19997 168
192.999 101 19995 169
193.999 103 19997 170
195 103 19995 170
195.999 103 19994 170
197 102 19997 169
197.999 103 19998 169
198.998 101 19996 169
200 100 19996 167
201 100 19997 166
202 99 19994 165
202.999 101 19995 169
203.998 101 19994 169
204.999 102 19996 170
205.996 103 19992 170
206.998 104 19991 170
207.996 102 19995 168
208.998 103 19996 172
209.998 103 19995 173
210.999 102 19999 172
211.997 103 19992 172
213 105 19996 172
213.999 103 19995 170
214.996 102 19999 170
215.999 101 19990 169
216.998 99 19998 170
217.997 100 19996 169
219 99 19997 167
219.998 97 19997 167
220.998 97 20000 168
221.999 97 19995 169
222.995 96 19992 170
223.999 97 19997 170
225 97 19996 169
226 98 19996 168
226.999 99 19998 168
227.999 100 19997 167
228.995 99 19996 166
229.998 99 19997 166
230.998 99 19994 167
232 98 19996 165
232.997 99 19998 165
234 98 19997 164
234.995 99 19995 166
236 98 19994 164
236.999 98 19994 166
238 97 19996 165
238.994 99 19993 166
240 99 19996 166
241 99 19994 167
241.986 100 19997 167
242.999 100 19997 168
243.998 100 19997 168
244.999 101 19995 168
245.998 101 19995 169
247 100 19996 169
247.995 99 19995 170
248.999 97 19998 171
249.998 97 19997 170
250.998 98 19995 171
252 99 19996 171
253 100 19996 170
253.999 101 19996 173
254.994 101 19995 174
255.999 103 19994 174
256.998 99 19997 171
257.998 98 19999 171
258.997 98 19995 170
259.995 95 19997 168
260.999 95 19994 168
261.998 93 19993 166
262.999 93 19993 168
263.998 90 19998 166
264.999 90 19995 167
265.999 88 19995 167
266.999 91 19995 166
267.998 90 19997 166
269 92 19993 165
269.998 92 19994 166
270.997 90 19994 163
271.997 90 19998 164
272.999 89 19994 163
273.993 89 19997 164
275 90 19995 165
275.999 90 19995 164
277 93 19996 165
277.997 94 19999 165
279 95 19994 165
280 94 19994 165
280.998 92 19996 163
281.999 92 19999 164
282.999 92 19996 165
284 93 19995 164
284.999 93 19994 165
285.996 95 19996 165
287 95 19993 167
287.999 97 19994 167
288.999 97 19991 167
289.999 95 19994 164
290.992 92 19992 162
291.999 92 19997 161
293 94 19995 161
294 94 19995 162
294.995 95 19996 163
295.985 97 19999 164
296.997 95 19997 163
298 94 19996 162
298.999 95 19991 162
299.999 94 19995 160
301 95 19997 160
301.999 93 19995 159
302.999 93 19995 159
303.998 92 19995 158
304.996 91 19997 159
305.998 92 19997 160
306.995 91 19991 160
307.999 90 19996 159
308.999 92 19997 160
310 92 19998 162
310.999 92 19990 164
311.999 91 19997 163
313 92 19995 164
313.998 89 19998 162
314.999 87 19995 160
315.994 86 19996 159
316.999 85 19994 158
318 87 19997 158
318.999 88 19993 158
319.997 89 19996 158
321 88 19993 159
321.999 86 19994 159
322.996 88 19997 161
323.999 88 19994 160
325 87 19996 160
325.999 86 19995 160
326.996 86 19998 161
327.998 85 19993 162
328.995 85 19997 161
329.999 87 19996 161
331 87 19996 162
331.995 87 19995 165
332.999 87 19996 164
333.999 87 19998 165
334.998 88 19996 166
335.998 88 19995 166
336.997 89 19997 165
337.995 89 19995 165
338.999 86 19994 162
339.999 86 19998 162
340.999 84 19995 160
341.998 81 19995 156
342.999 79 19997 155
343.998 78 19994 155
344.997 77 19998 157
345.994 77 19998 156
347 76 19999 156
347.998 76 19992 157
348.997 76 19999 158
349.998 74 19993 156
350.997 74 19996 157
351.999 73 19995 155
352.994 73 19998 156
353.999 75 19997 155
354.999 74 19998 152
355.999 77 19996 152
356.998 79 19998 152
358 80 19994 153
358.999 81 19997 154
360 81 19991 155
361 81 19993 156
361.999 81 19992 160
363 83 19998 162
364 84 19995 165
364.999 84 19997 167
365.999 84 19994 167
367 86 19996 169
367.997 86 19990 170
369 87 19997 170
370 89 19997 172
370.999 89 19995 174
371.997 89 19994 174
373 90 19996 174
373.999 91 19995 174
375 89 19996 173
375.997 89 19992 172
376.998 91 19991 177
377.996 91 19997 177
378.999 91 19996 177
380 91 19993 180
381 92 19993 182
381.993 92 19998 181
382.998 92 19997 182
383.999 91 19994 182
384.998 91 19994 182
385.999 90 19998 183
386.998 89 19994 183
387.999 87 19996 182
388.999 88 19995 184
390 89 19994 184
391 89 19993 184
392 89 19992 185
392.996 91 19999 188
394 92 19997 188
394.998 92 20000 188
396 91 19994 187
396.999 88 19991 184
397.998 88 19998 184
399 89 19994 183
400 89 19999 183
401 87 19996 181
401.999 88 19995 181
403 89 19998 182
403.999 88 19994 184
404.995 89 19993 183
405.999 88 19997 187
407 86 19996 184
408 89 19995 185
409 91 19991 185
409.999 92 19996 185
410.998 93 19997 187
411.999 94 19995 188
413 96 19989 189
414 97 19994 190
414.998 98 19992 191
415.999 95 19995 188
416.993 95 19998 190
417.994 93 19996 191
418.997 92 19995 189
419.998 91 19999 187
420.999 92 19996 188
422 91 19995 185
423 93 19998 185
423.998 92 19996 184
424.999 91 19997 184
425.999 92 19992 184
426.999 91 19995 184
427.995 92 19995 184
428.998 92 19997 184
429.993 93 19994 184
430.996 91 19993 184
431.994 93 19996 185
433 92 19993 188
433.999 92 19995 189
434.995 91 19995 189
435.993 91 19998 190
436.997 90 19997 189
438 90 19996 188
439 92 19994 188
439.999 90 19994 188
441 92 19992 189
441.999 91 19992 192
443 92 19992 193
444 92 19996 195
444.997 92 20000 195
445.999 92 19996 195
446.999 94 19992 194
447.999 92 19995 194
448.999 91 19994 194
449.998 93 19996 195
451 92 19997 195
451.999 93 19994 196
453 93 19998 198
454 96 19996 198
454.999 95 19996 197
456 95 19998 198
456.999 97 19995 198
457.999 96 19991 199
458.998 97 19993 202
459.997 99 19997 203
460.999 98 19996 203
461.995 99 19996 202
462.999 98 19995 200
463.999 98 19997 199
464.996 97 19994 199
465.998 96 19996 198
466.996 96 19997 198
468 97 19992 199
469 98 19993 200
469.996 96 19997 199
470.991 96 19998 197
472 96 19997 197
473 94 19998 195
473.999 95 19996 195
474.999 96 19992 198
475.999 96 19995 199
476.999 96 19996 200
478 95 19993 202
478.998 94 19997 201
479.997 94 19994 201
480.999 95 19995 202
481.997 95 19995 201
482.996 94 19996 201
483.987 98 19998 201
485 96 19998 199
485.998 96 19995 200
486.994 95 19997 200
487.999 94 19995 200
488.993 95 19997 200
490 94 19995 197
491 95 19994 199
492 96 19995 200
492.998 97 19996 200
493.998 99 19994 198
494.998 99 19997 199
495.999 99 19993 198
496.992 99 19991 198
497.998 99 19998 197
498.999 99 19999 197
499.997 99 20000 200
500.999 99 19996 200
501.989 101 20000 202
502.997 100 19997 201
503.999 103 19994 200
504.999 102 19997 199
505.996 101 19995 199
507 102 19993 200
507.997 100 19995 197
508.995 100 19997 196
510 97 19993 193
510.996 97 19995 194
511.997 97 19998 193
512.999 96 19997 192
514 98 19996 194
514.998 93 19994 191
516 93 19994 191
516.999 93 19997 190
517.999 96 19993 191
519 98 19992 193
519.999 99 19993 193
520.997 99 19993 195
521.996 99 19993 195
523 99 19994 195
523.999 99 19996 194
524.986 99 19998 195
526 98 19994 194
527 98 19996 193
527.999 98 19996 193
529 97 19996 191
529.999 97 19993 191
530.995 97 19997 191
532 97 19992 190
532.999 98 19994 190
533.999 99 19996 188
534.999 97 19997 187
535.999 97 19995 187
536.999 97 19992 189
537.996 97 19993 189
538.998 99 19997 190
540 101 19993 188
540.999 98 19997 186
541.999 95 19999 185
543 95 19994 184
543.991 95 19992 183
544.999 93 19994 182
545.999 94 19996 183
546.999 94 19995 184
548 94 19996 184
549 92 19997 182
549.999 92 19994 181
551 91 19995 180
551.993 91 19997 179
552.997 90 19997 179
553.998 90 19997 179
555 92 19995 181
555.999 94 19998 183
557 94 19997 182
557.999 94 19998 181
558.999 94 19995 183
559.999 92 19998 182
561 92 19994 182
561.999 94 19999 183
563 98 19996 183
563.995 97 19997 182
564.996 96 19996 182
566 96 19997 182
567 97 19994 182
567.999 98 19996 182
569 98 19998 181
569.992 98 19997 180
570.999 96 19996 182
571.996 94 19996 180
572.998 93 19993 180
573.999 93 19997 179
574.999 94 19995 181
575.998 94 19995 181
577 93 19992 181
577.994 97 19997 183
578.999 96 19993 184
579.993 96 19997 185
581 97 19994 184
581.999 98 19997 184
583 98 19995 185
583.999 99 19996 188
584.999 98 19991 187
585.997 100 19998 189
587 99 19993 189
587.999 98 19993 187
589 101 19997 186
589.996 100 19994 186
590.993 99 19999 186
592 99 19996 187
593 100 19997 187
593.999 99 19997 185
594.988 98 19997 186
595.999 97 19997 185
596.998 99 20000 186
597.998 97 19994 187
598.995 97 19995 186
600 95 19993 185
600.999 94 19994 184
601.996 94 19997 184
602.999 93 19996 184
604 90 19996 182
604.998 90 19996 183
605.995 87 19996 180
606.999 86 19996 181
607.999 88 19986 182
609 88 19996 182
609.997 89 19998 182
610.997 89 19999 181
611.999 89 19996 182
613 90 19996 183
613.995 91 19993 185
614.999 89 19995 183
615.999 88 19995 183
616.997 89 19995 182
618 90 19999 182
618.995 89 19996 182
620 88 19996 182
620.998 87 19996 181
621.999 85 19995 180
622.999 87 19995 182
623.997 87 19995 180
624.998 84 19996 181
625.999 83 19997 182
627 83 19995 183
627.999 84 19992 184
628.998 83 19997 186
629.995 81 19997 184
630.998 81 19998 185
631.998 79 19999 184
632.997 79 19995 186
634 81 19997 184
634.999 81 19996 185
635.999 80 19997 185
636.996 80 19996 185
638 81 19994 186
638.998 82 19995 187
639.998 81 19999 187
640.999 84 19995 187
641.999 87 19994 188
642.999 87 19999 189
644 86 19997 188
644.996 87 19997 189
645.999 89 19999 189
646.999 89 19996 190
647.998 89 19997 191
648.999 90 19994 191
649.999 92 19996 191
650.995 93 19999 189
652 94 19996 190
653 92 19994 188
653.996 92 19995 188
654.999 93 19996 188
655.998 92 19997 187
656.996 94 19999 188
657.998 93 19997 187
658.998 96 19994 187
659.997 95 19997 187
661 95 19994 186
661.999 96 19994 186
662.999 94 19996 184
663.997 95 19996 186
664.999 97 19994 187
665.997 96 19994 186
666.999 98 19996 187
668 97 19996 185
668.998 96 19992 186
669.999 95 19992 188
670.994 96 19997 187
672 97 19993 187
673 96 19996 188
673.994 93 19997 188
674.998 92 19995 187
675.999 93 20000 189
676.997 93 19995 189
677.999 93 19994 190
679 92 19995 189
680 91 19997 190
680.999 91 19993 192
681.999 89 19996 195
683 88 19994 196
683.997 89 19997 196
685 89 19997 196
685.998 89 19994 199
686.999 90 19994 201
687.999 90 19992 201
689 90 19995 200
689.998 88 19997 198
690.999 87 19993 199
692 91 19996 201
692.998 92 19994 200
693.999 95 19994 199
694.999 93 19997 198
696 92 19995 196
696.998 93 19998 198
698 95 19996 200
698.997 95 19996 200
699.999 94 19997 199
700.997 94 19996 199
701.994 96 19997 198
703 95 19997 197
704 95 19991 196
704.999 94 19998 195
705.999 94 19997 195
706.998 96 19994 196
708 97 19996 195
708.992 96 19995 193
709.998 93 19996 191
711 95 19994 190
711.997 95 19999 189
712.999 94 19994 188
713.999 94 19990 188
714.999 95 19995 189
715.998 94 19997 188
716.996 92 19996 186
717.991 92 19997 185
719 92 19995 186
719.998 89 19998 184
720.993 89 19998 186
721.998 89 19996 185
722.999 90 19993 186
723.999 91 19993 189
724.999 91 19996 187
725.997 89 19995 187
727 88 19994 186
728 89 19994 188
728.995 86 19994 186
729.997 84 19995 185
730.995 85 19995 185
731.998 84 19997 184
732.998 85 19996 185
733.995 85 19997 185
734.999 85 19995 187
735.997 86 19998 188
736.999 85 19996 187
738 85 19998 187
738.999 84 19999 185
739.998 83 19996 186
740.999 83 19993 187
741.996 86 19991 187
742.999 86 19995 188
743.999 85 19996 189
744.997 85 19996 190
745.998 84 19992 190
747 84 19993 191
747.997 86 19998 191
748.995 84 19997 188
750 84 19992 188
750.998 84 19997 188
752 83 19991 186
752.996 81 19997 185
754 84 19995 185
754.996 84 19995 183
755.989 85 19998 183
756.997 83 19997 180
757.998 82 19995 179
758.997 84 19996 180
760 84 19992 180
760.999 84 19998 180
762 82 19996 179
762.998 82 19997 178
763.992 82 19997 177
764.992 83 19998 179
765.999 83 19995 181
766.996 83 19995 180
767.996 83 19997 181
768.994 82 19998 180
769.998 82 19996 181
771 82 19994 182
772 83 19994 183
773 82 19993 182
774 81 19992 180
775 80 19994 180
775.997 79 19998 179
776.994 80 19998 180
778 80 19992 181
778.998 81 19995 183
779.999 80 19997 184
780.997 83 19997 183
782 85 19993 183
782.999 84 19996 181
783.983 85 19999 182
785 87 19998 181
786 83 19993 177
786.997 82 19994 180
787.997 81 19993 180
788.999 81 19993 180
789.998 79 19995 178
790.997 81 19997 177
791.999 81 19996 176
792.996 77 19996 173
794 78 19997 174
795 78 19995 174
795.998 78 19993 174
796.999 77 19996 172
798 77 19997 172
798.997 78 19995 174
799.999 78 19998 175
800.999 78 19995 175
801.999 76 20000 173
802.998 77 19994 173
804 80 19996 173
804.994 79 19997 172
805.998 77 19997 169
806.992 78 19999 170
807.999 79 19996 171
808.995 78 19996 171
809.998 78 19996 171
810.994 79 19996 171
811.997 77 19998 170
812.999 78 19997 172
813.996 79 19996 174
815 79 19997 177
816 79 19992 179
817 77 19993 177
817.999 77 19997 176
818.997 77 19996 177
819.997 77 19997 177
820.998 77 19995 177
822 76 19993 176
822.997 80 19996 176
823.999 80 19997 176
825 81 19996 176
825.999 83 19997 176
826.992 81 19997 174
827.999 84 19994 175
828.997 83 19998 176
830 82 19995 177
830.996 81 19997 176
832 83 19994 175
833 82 19996 177
833.999 81 19995 176
834.998 83 19996 177
835.997 80 19994 174
836.996 81 19992 175
837.999 81 19997 174
839 80 19996 175
839.999 80 19997 176
840.992 81 19994 177
842 81 19993 178
842.994 80 19998 180
844 78 19997 177
844.995 78 19998 174
845.999 79 19997 174
846.998 80 19993 175
847.997 79 19995 174
848.999 79 19994 173
849.998 79 19998 173
850.999 80 19996 173
852 84 19992 173
852.999 84 19993 171
853.999 85 19996 172
854.999 84 19997 172
855.999 84 19995 173
856.998 86 19995 175
857.998 88 19994 175
858.999 88 19998 176
859.998 86 19996 174
860.999 86 19994 174
861.997 88 19998 176
863 90 19997 176
863.999 90 20000 175
864.996 92 19998 176
865.999 93 19994 176
866.999 94 19995 175
867.995 93 19999 174
868.998 93 19994 174
869.999 93 19990 176
870.998 93 19998 178
871.999 92 19998 175
872.994 92 19999 176
874 92 19995 178
874.999 92 19997 179
875.999 92 19994 180
876.998 91 19996 179
877.999 91 19995 180
878.999 91 19998 179
879.995 95 19998 179
880.997 96 19995 180
882 94 19998 178
882.996 95 19996 177
883.997 95 19995 179
884.999 95 19994 180
886 95 19991 182
886.999 94 19993 182
887.993 96 19997 183
888.995 95 19991 185
890 98 19991 185
891 100 19998 188
891.998 101 19995 188
892.989 100 20000 187
893.999 96 19995 183
895 98 19993 185
896 97 19995 183
896.999 97 19991 183
897.993 98 19997 183
899 98 19993 184
899.998 97 19998 183
900.996 97 19998 183
901.998 97 19998 182
902.999 94 19998 180
903.998 94 19996 180
904.999 92 19993 180
906 91 19992 180
906.999 94 19994 180
907.995 93 19993 178
908.999 92 19999 180
909.997 93 19997 179
911 91 19996 178
911.999 94 19993 182
912.999 92 19996 182
913.999 92 19993 183
914.999 92 19997 183
915.996 93 19996 184
916.996 94 19996 186
917.999 94 19996 185
918.996 95 19998 186
919.997 94 19992 185
920.999 95 19996 188
921.993 94 19997 189
922.989 95 19994 189
923.999 94 19997 188
924.997 93 19998 188
926 93 19995 189
926.998 92 19997 188
927.999 92 19992 188
929 93 19996 187
929.999 93 19996 186
930.998 93 19996 186
931.997 93 19996 188
933 92 19996 188
934 93 19994 190
934.998 93 19997 188
935.996 92 19998 187
937 94 19996 189
937.998 95 19997 189
938.993 96 19994 189
939.998 96 19994 187
940.999 95 19996 188
941.995 94 19994 188
942.999 94 19996 187
943.999 95 19991 187
944.999 95 19998 188
946 95 19997 187
946.995 97 19995 189
948 95 19997 189
949 94 19995 188
949.99 95 19998 188
951 95 19996 188
951.998 96 19998 189
952.996 95 19996 189
953.988 94 19999 189
954.997 94 19994 190
955.995 93 19999 189
956.998 92 19997 188
958 93 19997 189
958.998 93 19991 189
959.999 92 19997 188
961 90 19998 186
962 88 19994 186
962.999 89 19993 187
963.998 89 19995 190
964.999 88 19997 190
966 89 19998 189
966.999 89 19996 190
967.999 88 19997 189
968.998 88 19998 189
970 87 19992 188
971 88 19997 188
971.999 89 19992 188
972.998 87 19995 187
973.998 87 19995 187
974.997 85 19997 185
975.997 88 19997 184
976.998 87 19995 182
977.998 86 19994 182
978.996 87 19995 183
979.996 86 19994 183
980.991 86 19999 182
981.999 85 19997 182
982.999 84 19995 180
983.999 84 19997 180
985 85 19993 181
985.999 86 19995 182
987 84 19997 181
987.998 81 19995 179
988.996 80 19993 182
989.998 80 19997 183
991 79 19989 182
991.996 79 19996 181
992.999 78 19994 181
994 78 19995 179
994.997 79 19998 178
995.997 78 19999 176
997 79 19996 176
997.999 80 19989 176
999 81 19996 176
999.999 80 19994 175
1000 80 19993 175
