0.998026 393 19995 393
1.99996 390 19998 390
2.99567 384 19996 385
3.9994 380 19998 381
4.99926 379 19991 380
5.99984 374 19996 377
6.99847 368 19999 371
7.99874 362 19994 365
8.99628 362 19998 366
9.99693 360 19999 364
10.9994 355 19994 360
11.9962 352 19996 358
12.9972 348 19997 354
13.9967 346 19999 353
14.9979 343 19998 349
15.9987 339 19995 346
16.9986 337 19994 344
17.9985 334 19997 342
18.9999 333 19997 341
19.9999 331 19996 340
20.9999 328 19994 338
21.9997 326 19998 338
22.9999 324 19995 336
23.9997 324 19999 336
24.9987 320 19993 333
25.9985 312 19994 325
26.9992 309 19999 321
27.9995 301 19997 313
28.9995 298 19994 310
29.9991 296 19994 309
30.9974 291 19997 305
31.998 291 19996 308
32.9999 291 19998 308
33.997 290 19996 308
34.9882 289 19998 309
35.9997 288 19997 309
36.9972 282 19997 303
37.9991 280 19998 302
38.9958 277 19995 299
39.9972 275 19998 298
40.9999 270 19992 294
41.9978 267 19995 294
42.9976 260 19996 288
43.9987 261 19994 289
44.9969 258 19998 291
45.9991 256 19998 289
46.9988 251 19993 284
47.9982 247 19995 280
48.9986 246 19993 281
49.9989 244 19995 281
50.9989 242 19996 279
51.9998 239 19994 275
52.996 238 19996 274
53.9992 236 19993 273
54.9997 234 19993 271
55.9989 234 19995 272
57 233 19994 271
57.9999 232 19997 271
58.9989 230 19994 271
59.996 229 19999 270
60.997 228 19996 269
61.9926 225 19992 267
62.9902 224 19997 266
63.9994 223 19993 270
64.9996 223 19994 272
65.9989 224 19991 273
66.9993 223 19995 271
67.9999 224 19994 272
68.9969 224 19996 274
69.9966 223 19995 273
70.9975 220 19998 270
71.999 221 19993 271
72.9999 218 19994 269
73.9986 212 19993 266
74.9985 211 19997 266
75.9984 212 19998 271
76.9981 212 19996 271
77.9988 215 19994 270
78.9973 215 19997 270
79.9981 213 19998 268
80.9996 212 19996 267
81.9999 209 19997 265
82.9994 207 19995 262
83.9983 206 19996 263
84.9993 204 19996 262
85.9995 206 19995 262
86.9927 207 19998 263
88 207 19991 261
88.9994 205 19996 259
89.9998 204 19996 260
90.9973 201 19991 257
91.9969 202 19993 256
92.9995 201 19998 255
93.9997 197 19995 255
94.9972 196 19995 254
95.9998 196 19995 253
96.9988 197 19995 254
97.9952 196 19992 253
98.999 194 19995 252
99.9962 192 19995 250
100.999 189 19995 248
101.991 187 19997 245
102.999 186 19995 246
104 185 19995 246
104.984 182 19997 244
105.996 182 19995 244
106.998 180 19994 241
107.999 181 19993 241
108.999 180 19998 239
109.999 179 19991 239
110.999 176 19995 235
111.999 176 19998 235
113 176 19993 236
113.996 174 19998 236
114.999 173 20000 236
115.999 172 19994 236
117 173 19996 237
117.999 172 19999 239
118.994 173 19995 241
120 171 19995 239
121 169 19996 237
121.999 168 19995 236
122.997 168 19998 237
123.997 169 19997 238
124.998 165 19998 233
126 163 19994 232
127 165 19995 234
127.997 163 19995 231
129 163 19992 232
129.999 161 19996 231
131 162 19992 231
132 162 19997 229
132.999 161 19995 227
133.994 158 19995 226
135 160 19995 227
135.999 160 19995 228
137 161 19994 228
137.999 161 19995 228
138.999 159 19998 229
140 160 19993 230
140.999 158 19991 228
141.999 157 19996 231
142.998 157 19994 230
143.998 154 19997 229
145 153 19998 227
146 153 19997 228
146.994 154 19997 226
147.998 155 19998 226
149 153 19996 225
149.999 151 19998 224
150.998 149 19998 223
152 148 19996 223
152.998 145 19996 220
154 146 19996 220
154.999 147 19997 220
155.999 147 19995 218
156.997 146 19996 217
157.993 145 19997 215
158.997 145 19994 218
160 146 19996 219
160.999 146 19989 218
161.999 146 19994 218
162.999 145 19998 217
163.999 144 19994 217
165 143 19999 216
165.999 142 19997 215
166.999 136 19998 208
168 136 19994 208
168.998 135 19995 208
170 135 19996 209
170.999 139 19995 211
172 139 19995 212
173 138 19998 213
174 138 19993 212
174.994 137 19996 215
175.996 134 19996 213
176.997 132 19997 211
177.999 131 19995 211
178.999 132 19994 211
179.996 132 19997 210
180.998 131 19992 209
182 128 19991 207
182.999 127 19998 206
184 126 19997 204
185 124 19996 201
186 125 19990 201
186.998 123 19999 199
187.999 123 19996 198
188.994 122 19997 197
189.996 121 19994 197
191 121 19993 197
191.996 121 19998 195
192.998 120 19995 196
193.994 121 19996 197
194.997 120 19997 195
195.992 120 19998 194
196.999 118 20000 192
197.996 119 19994 192
199 121 19998 193
200 118 19995 191
200.999 120 19997 192
202 120 19991 194
203 119 19995 193
203.999 118 19996 192
204.998 115 19998 189
205.999 118 19994 190
207 118 19995 190
207.996 120 19997 191
208.999 120 19991 190
209.997 118 19992 189
210.999 116 19995 187
212 115 19994 187
212.999 114 19992 185
214 114 19996 184
214.997 112 19999 184
216 112 19991 184
216.999 112 19996 184
217.999 111 19999 184
218.999 110 19994 182
219.999 111 19999 183
220.997 112 19997 184
221.999 111 19996 185
222.997 111 19997 185
223.998 111 19996 185
224.998 111 19995 187
225.998 111 19989 188
226.996 108 19996 186
227.995 107 19999 185
228.999 107 19998 184
229.999 107 19998 185
230.999 107 19997 186
231.997 105 19995 186
232.997 104 19998 187
233.996 105 19999 189
235 105 19998 188
235.995 106 19998 188
236.999 107 19997 188
238 105 19995 187
238.999 103 19995 186
240 103 19998 186
240.999 104 19998 187
242 104 19994 189
242.999 104 19995 189
244 104 19995 190
245 106 19997 190
245.998 104 19993 189
246.999 106 19996 190
248 104 19993 189
249 104 19990 189
249.996 104 19998 188
250.998 101 19995 183
251.998 100 19999 182
252.999 100 19995 184
253.999 99 19996 183
254.999 101 19995 183
256 103 19994 183
256.998 102 19998 183
257.999 104 19996 186
258.999 107 19995 185
260 107 19993 185
260.996 104 19993 182
261.995 104 19997 182
262.995 104 19994 184
263.999 104 19996 186
265 103 19995 185
265.997 102 19995 187
266.998 105 19999 187
267.995 104 19996 186
268.998 107 19998 186
269.999 106 19992 185
271 108 19992 188
271.999 107 19995 187
273 108 19996 188
273.999 106 19995 187
274.998 106 19996 186
275.994 107 19998 187
276.996 107 19996 189
278 108 19993 191
278.999 108 19996 192
279.994 106 19994 189
281 107 19994 188
281.999 105 19996 186
283 104 19995 185
283.995 104 19997 185
284.999 103 19996 183
285.999 105 19998 183
286.997 105 19997 184
287.997 103 19998 182
288.999 104 19997 181
290 105 19995 182
290.999 103 19994 181
291.999 102 19997 182
292.995 103 19998 184
293.999 104 19996 184
294.999 102 19993 185
296 104 19996 186
296.997 107 19993 187
297.998 105 19999 185
298.999 104 19996 184
300 104 19991 184
300.999 106 19998 187
301.997 106 19995 186
302.996 106 19998 186
304 105 19997 183
304.995 105 19998 182
305.997 104 19993 180
306.996 104 19992 180
307.999 101 19995 177
309 102 19995 177
310 102 19994 178
310.999 105 19994 180
311.995 104 19998 181
313 104 19995 181
313.992 104 19996 182
314.99 103 19996 181
315.999 102 19998 180
316.998 101 19995 178
317.997 103 19997 179
318.998 103 19995 178
319.998 101 19996 177
321 102 19996 177
321.995 101 19995 176
322.999 101 19994 176
323.988 102 19995 175
325 100 19992 173
325.993 101 19996 175
326.998 101 19994 175
328 99 19992 173
328.999 96 19995 170
329.996 93 19994 168
330.999 94 19993 168
331.999 93 19994 168
333 94 19996 168
333.988 93 19999 168
335 95 19994 168
335.998 95 19998 169
336.999 95 19997 170
338 97 19995 171
339 98 19997 171
340 96 19993 169
340.999 95 19995 167
342 93 19997 166
342.999 93 19996 168
343.999 94 19994 168
345 96 19994 171
345.998 95 19994 170
347 94 19999 171
347.999 94 19999 174
349 93 19996 173
349.999 93 19998 173
350.999 94 19995 172
351.999 93 19995 171
353 95 19994 171
353.998 95 19999 171
354.998 95 19994 171
355.997 98 19999 172
356.998 100 19995 175
358 100 19994 173
358.999 100 19996 172
359.995 99 19997 172
360.998 98 19995 172
361.997 99 19998 172
362.998 99 19995 172
363.998 98 19994 171
365 97 19998 172
366 94 19996 169
366.999 94 19995 169
368 94 19998 170
369 94 19994 171
369.998 93 19996 170
371 93 19989 171
372 93 19997 172
372.997 92 19997 171
373.99 92 19997 172
375 91 19998 171
375.998 90 19996 169
376.999 90 19995 169
378 90 19992 170
378.999 88 19995 171
379.999 87 19996 172
380.999 88 19994 171
381.998 89 19994 171
382.998 89 19997 173
384 90 19994 172
384.998 90 19995 173
386 90 19993 172
387 90 19998 174
387.995 90 19996 176
389 90 19994 176
389.997 89 19995 177
391 89 19995 178
391.997 90 19996 179
392.999 90 19997 179
393.999 89 19996 177
395 89 19998 178
395.989 88 19995 180
396.999 87 19989 182
398 86 19991 181
399 85 19997 180
400 86 19997 181
400.999 84 19993 184
401.993 85 19994 184
402.998 85 19998 186
403.999 85 19991 187
404.999 83 19992 186
405.999 82 19996 185
407 82 19990 185
407.999 82 19992 185
408.998 82 19996 187
410 82 19995 187
410.996 83 19994 188
411.999 82 19993 188
412.999 83 19994 188
413.996 83 19997 187
414.997 83 19997 187
415.995 84 19999 187
417 84 19995 187
417.998 84 19993 187
419 84 19996 185
419.998 85 19993 186
420.999 86 19995 188
421.998 86 19998 188
423 85 19993 189
424 83 19995 188
425 83 19993 187
426 82 19996 185
426.999 83 19996 185
427.995 84 19998 185
429 85 19991 183
429.994 86 19997 184
430.999 85 19988 185
431.999 87 19998 185
432.999 88 19992 185
433.999 88 19992 185
435 88 19995 186
435.999 89 19988 188
436.999 90 19997 189
437.996 91 20000 190
438.998 90 19994 190
439.999 91 19995 189
440.997 89 19999 187
441.994 90 19996 187
442.987 89 19999 185
444 88 19995 185
445 87 19997 185
445.996 87 19997 184
446.999 87 19997 184
447.999 86 19994 182
448.999 85 19992 180
449.999 87 19999 180
450.998 90 19996 181
452 90 19994 181
452.996 92 19995 182
453.998 88 19997 179
454.999 85 19992 178
456 84 19999 176
457 85 19993 179
457.998 86 19992 179
458.999 86 19992 178
459.997 87 19994 178
461 86 19998 177
461.998 88 19995 176
462.999 90 19994 176
463.999 91 19994 178
464.999 90 19994 178
465.999 90 19995 180
466.999 89 19996 181
468 90 19992 181
468.999 89 19997 183
470 87 19995 183
470.998 88 19995 182
471.998 89 19996 182
472.996 87 19997 181
473.996 88 19995 181
474.998 87 19997 180
476 87 19996 179
476.996 86 19998 178
477.998 84 19993 179
478.996 83 19996 178
479.997 83 19996 176
481 83 19997 177
481.999 83 19995 179
482.995 83 19996 178
484 84 19994 177
484.999 82 19995 179
486 83 19994 179
486.998 83 19997 178
488 85 19993 178
488.998 85 19995 178
489.999 86 19991 178
491 86 19999 178
491.998 87 19997 179
492.995 87 19992 179
493.995 88 19997 181
495 87 19996 181
495.997 91 19996 184
497 91 19996 185
498 89 19993 183
498.999 88 19992 182
499.999 88 19997 182
500.999 87 19996 182
501.996 86 19995 184
502.999 85 19997 184
504 87 19996 185
504.997 85 19996 183
506 83 19996 181
506.999 83 19991 181
507.999 82 19997 182
509 82 19995 183
509.998 83 19997 182
510.999 84 19997 182
512 83 19996 180
512.994 82 19998 180
514 82 19998 181
515 81 19996 180
515.998 81 19994 181
517 83 19996 182
518 85 19995 181
518.999 85 19996 184
519.999 84 19997 184
521 84 19994 184
521.998 85 19995 185
522.997 85 19997 183
523.998 87 19996 183
525 85 19997 182
526 89 19993 183
526.999 91 19993 187
528 91 19996 189
528.999 93 19996 189
530 96 19997 189
531 98 19992 191
532 96 19995 189
532.999 96 19996 188
533.999 95 19996 187
534.997 94 19993 188
535.998 94 19994 189
536.999 94 19997 192
537.999 95 19995 192
539 94 19992 191
539.995 94 19999 189
541 95 19994 189
541.998 94 19997 188
543 92 19994 187
543.995 93 19997 187
544.992 91 19996 185
545.995 92 19996 186
546.996 93 19992 187
547.999 93 19994 188
548.999 93 19994 187
550 91 19998 188
550.999 92 19997 190
552 94 19997 191
553 92 19992 191
554 93 19995 190
555 92 19995 189
556 92 19994 190
556.996 92 19995 191
557.998 94 19997 191
558.997 95 19997 191
560 95 19996 189
560.999 99 19997 190
561.999 100 19995 191
562.998 100 19996 190
563.995 100 19996 190
564.998 98 19998 189
566 98 19994 187
566.999 98 19999 189
567.995 97 19996 188
568.999 96 19996 187
570 95 19994 186
571 94 19999 186
571.999 94 19995 187
573 95 19994 186
573.998 98 19998 186
575 99 19988 186
575.999 96 19996 186
576.998 97 19994 186
577.995 94 19996 186
579 95 19992 187
579.999 96 19997 187
580.999 96 19993 189
581.998 96 19996 190
583 97 19995 192
583.996 97 19995 192
584.999 93 19996 190
585.999 91 19991 189
587 92 19994 190
587.998 92 19997 189
588.993 92 19997 189
589.999 92 19997 189
590.996 91 19997 191
591.996 92 19995 191
593 93 19995 191
593.999 95 19993 192
594.999 94 19994 192
595.999 95 19997 192
597 95 19996 192
597.998 95 19998 192
598.998 93 19994 190
600 93 19993 192
601 91 19996 191
601.996 94 19996 192
602.999 96 19997 194
604 97 19996 197
605 96 19992 195
605.999 95 19995 194
607 94 19994 193
607.999 94 19998 194
608.998 93 19996 191
609.999 93 19992 190
611 91 19996 189
611.996 91 19996 190
613 91 19997 192
614 92 19997 192
614.998 92 19997 190
616 92 19993 191
617 89 19994 188
617.998 87 19999 188
618.999 86 19998 188
619.992 86 19997 189
620.998 86 19994 189
622 88 19997 189
623 86 19998 187
623.998 87 19996 186
624.996 83 19995 183
625.999 82 19998 183
626.999 82 19998 182
627.991 81 19999 181
629 82 19996 183
629.997 81 19994 183
630.997 82 19995 186
631.998 84 19997 187
632.999 83 19997 187
633.998 84 19998 186
634.998 86 19996 187
635.999 86 19997 189
636.998 86 19997 189
637.997 85 19998 190
639 83 19997 189
639.997 85 19997 189
641 85 19994 187
641.997 87 19998 187
642.999 87 19996 187
644 88 19996 188
644.999 87 19995 190
645.998 87 19996 189
646.993 88 19996 189
648 90 19992 190
648.997 88 19994 191
649.999 88 19996 190
650.995 88 19997 190
652 88 19995 189
653 89 19999 188
654 90 19997 189
654.998 90 19998 189
655.999 91 19997 188
656.997 92 19997 188
657.999 91 19994 190
658.998 92 19998 191
660 91 19994 189
660.998 91 19997 190
661.998 91 19993 191
663 94 19996 192
663.999 95 19999 192
665 97 19996 192
666 98 19994 194
667 98 19995 193
667.999 98 19998 191
668.994 98 19997 190
669.999 100 19993 191
671 100 19991 193
671.999 100 20000 193
672.999 101 19997 194
674 102 19989 194
674.998 100 19997 192
675.999 100 19994 193
676.999 95 19991 191
677.997 95 19998 191
679 94 19994 190
680 93 19993 188
680.999 91 19993 187
681.999 91 19996 188
682.995 91 19999 189
683.999 90 19996 189
685 88 19993 188
685.999 89 19996 185
686.999 90 19995 184
687.996 89 19995 183
689 90 19991 184
689.999 87 19992 181
690.999 88 19994 181
691.998 86 19995 179
693 83 19994 176
694 84 19997 175
694.999 82 19992 174
695.997 83 19996 177
696.998 86 19992 179
697.999 85 19995 181
698.999 83 19988 181
699.999 80 19996 178
700.999 80 19994 179
701.999 81 19998 179
702.996 80 19996 180
703.999 80 19997 180
705 80 19992 181
705.996 79 19997 180
706.996 82 19995 181
707.999 82 19996 181
708.998 81 19997 182
709.997 82 19995 182
710.998 80 19996 181
711.999 82 19997 184
712.999 84 19997 186
713.991 85 19995 186
715 85 19992 185
715.997 86 19996 185
716.997 85 19997 183
717.999 85 19995 184
718.998 83 19997 182
719.999 85 19996 182
720.999 85 19996 184
722 84 19994 185
722.997 85 19998 187
724 86 19996 190
724.999 87 19997 190
725.999 87 19994 190
726.998 88 19995 189
727.996 88 19993 190
729 88 19999 190
729.999 89 19997 190
731 90 19995 191
731.997 91 19993 191
732.999 91 19996 188
733.999 90 19997 187
734.999 87 19998 187
735.999 88 19991 188
737 89 19992 188
738 89 19996 187
738.999 89 19996 188
739.999 88 19996 189
740.999 87 19994 188
741.999 84 19996 185
742.994 84 19997 185
743.998 85 19996 186
744.997 84 19998 184
745.998 84 19993 184
747 84 19998 186
747.999 84 19996 186
748.999 83 19993 184
749.999 85 19996 185
751 84 19999 184
751.996 86 19995 183
752.998 86 19993 182
753.998 85 19999 183
754.997 83 19995 180
755.996 84 19999 181
756.997 85 19994 181
757.998 86 19998 183
758.968 86 19998 184
759.999 85 19994 183
760.997 86 19997 183
761.999 86 19994 184
762.999 88 19993 185
764 87 19995 184
764.999 88 19995 186
766 88 19999 185
766.999 88 19993 185
767.999 88 19997 184
768.999 88 19996 182
770 87 19997 181
770.995 88 19995 182
771.992 88 19996 183
772.994 87 19994 180
773.995 87 19995 180
774.999 87 19998 181
775.999 87 19998 180
776.999 87 19999 179
777.998 81 19996 174
778.998 79 19996 171
780 78 19996 171
781 76 19996 170
781.998 76 19996 169
783 75 19993 169
783.999 76 19996 172
784.999 75 19997 173
785.999 75 19998 173
787 75 19996 174
787.998 73 19995 173
789 72 19996 172
790 72 19993 172
790.998 73 19997 172
791.998 74 19995 173
792.996 74 19996 174
793.998 73 19994 174
794.998 75 19996 176
796 75 19997 177
796.993 76 19998 177
797.998 77 19997 177
799 76 19996 176
799.998 75 20000 175
801 73 19994 172
801.999 71 19997 172
802.998 69 19998 171
803.998 69 19999 171
804.997 67 19994 170
805.997 68 19995 171
806.999 69 19995 172
807.995 71 19992 173
808.998 72 19999 173
810 73 19995 174
811 74 19993 173
811.995 73 19991 172
813 72 19998 172
813.999 73 19994 172
814.997 72 19999 173
815.998 72 19996 173
816.998 73 19997 175
818 74 19998 175
819 74 19994 174
819.996 77 19996 174
821 77 19996 176
821.995 76 19994 175
823 77 19992 174
824 77 19997 174
824.999 76 19995 172
825.998 78 19995 173
826.994 78 19996 174
827.998 79 19996 176
828.998 79 19995 177
830 80 19998 176
831 80 19994 176
831.999 79 19993 176
832.997 82 20000 176
833.999 83 19999 177
834.999 84 19996 177
835.998 85 20000 178
836.999 83 19993 176
837.999 81 19997 177
839 81 19997 177
839.998 81 19998 179
840.996 84 19997 179
842 87 19988 179
843 87 19999 180
843.999 87 19996 180
844.999 87 19997 180
845.998 87 19992 179
846.998 87 19997 181
847.997 86 19999 182
848.999 86 19999 182
850 85 19998 180
850.997 87 19994 181
851.997 88 19993 182
852.991 88 19999 182
853.998 89 19996 183
854.999 89 19994 184
855.997 89 19992 186
856.999 89 19995 188
857.998 87 19996 186
859 88 19992 186
860 90 19996 187
861 89 19992 185
861.998 89 19993 185
862.999 91 19994 185
863.998 92 19992 188
865 92 19996 189
865.998 92 19998 190
867 92 19997 190
867.997 94 19997 193
869 94 19996 193
869.999 94 19995 194
871 94 19995 193
871.987 93 19997 193
872.999 93 19996 193
873.998 94 19994 193
874.997 95 19996 193
876 96 19993 193
876.996 96 19996 192
878 95 19995 192
879 95 19989 193
879.997 93 19997 190
880.999 94 20000 192
882 92 19998 191
883 93 19996 190
883.998 94 19995 190
885 95 19996 189
885.999 97 19996 189
886.999 98 19997 188
887.996 98 19997 190
889 98 19997 190
890 96 19995 188
890.998 97 19995 189
891.998 99 19995 190
892.997 99 19998 190
893.999 100 19994 191
894.99 101 19998 190
895.999 102 19996 190
896.993 100 19996 189
897.995 98 19996 189
898.996 99 19994 191
899.998 100 19993 190
900.999 102 19996 189
901.999 101 19998 189
902.999 100 19996 188
904 99 19998 188
905 100 19994 188
905.999 101 19998 188
906.998 101 19997 188
907.998 98 19999 188
908.999 98 19997 188
910 100 19998 189
910.999 100 19993 188
912 99 19990 187
912.999 100 19998 187
914 99 19992 186
914.998 100 20000 185
915.999 100 19996 185
916.998 99 19997 187
918 101 19992 188
918.998 99 19998 186
919.999 99 19993 186
920.999 97 19996 183
921.998 97 20000 181
922.988 96 19996 180
923.999 94 19996 179
924.999 92 19996 178
925.997 90 19998 177
926.992 91 19996 178
927.998 90 19997 176
928.999 90 19996 176
929.998 88 19999 174
930.998 86 19997 172
932 86 19994 175
933 86 19996 174
934 87 19995 174
934.998 86 19996 173
935.999 87 19994 174
936.999 86 19998 173
937.991 85 19998 173
938.998 84 19994 174
939.999 84 19996 174
940.994 86 19996 176
942 84 19997 176
942.999 83 19996 176
943.999 82 19994 175
944.997 83 19998 175
946 80 19995 173
947 79 19993 173
947.995 79 19997 176
949 80 19994 176
950 84 19997 178
950.999 84 19997 178
952 84 19993 179
952.999 83 19997 178
953.999 85 19995 178
954.997 85 19997 179
956 86 19997 179
957 87 19991 179
957.997 87 19998 182
958.996 88 19995 184
959.998 90 19997 186
960.999 89 19996 186
962 89 19996 184
962.999 88 19997 182
963.996 89 19994 182
965 89 19994 183
965.989 87 19996 181
966.998 86 19997 182
967.999 85 19994 182
968.997 85 19994 182
970 84 19999 181
971 84 19997 181
971.999 83 19997 180
972.994 82 19997 179
974 84 19996 180
975 83 19997 179
976 83 19998 179
976.998 83 19996 181
978 87 19992 182
978.979 87 19998 182
979.999 84 19991 179
980.998 84 19996 182
981.999 84 19990 182
982.996 84 19997 184
983.997 82 19996 182
984.999 80 19995 181
985.996 81 19995 183
986.989 84 19998 185
988 85 19996 185
989 88 19996 185
989.999 89 19991 189
991 90 19995 188
991.998 90 19997 188
992.991 92 19996 189
993.999 95 19994 189
994.999 94 19997 191
995.998 95 19994 192
996.996 96 19996 194
998 96 19995 192
998.997 95 19996 192
999.999 95 19996 191
1000 95 19996 191
