0.999683 396 19997 396
1.99864 392 19996 392
2.99981 386 19995 386
3.99999 384 19996 384
4.9994 378 19996 378
5.99693 371 19997 371
6.9904 369 19991 369
7.99836 368 19996 368
8.99849 363 19996 365
9.99726 356 19992 358
10.9999 352 19996 354
11.9991 351 19998 354
12.9992 347 19997 351
13.9998 344 19996 348
14.9997 341 19994 345
15.999 336 19994 342
16.9997 332 19995 338
17.9996 331 19994 337
18.9997 330 19992 336
19.9982 326 19992 332
20.9993 325 19998 330
21.9998 324 19991 329
22.9985 318 19996 324
23.9978 315 19998 323
24.9996 313 19995 323
25.9996 312 19994 323
26.9946 310 19997 322
27.9996 307 19998 319
28.9965 304 19996 317
29.9973 300 19995 315
30.9993 299 19992 315
31.9972 297 19995 313
32.9992 292 19995 308
33.999 289 19995 306
34.9999 287 19998 305
35.9999 284 19991 302
36.9994 282 19995 301
37.9998 280 19997 297
39 277 19998 295
39.995 276 19999 294
40.9981 271 19996 290
41.9974 265 19997 284
42.9977 266 19993 286
43.9963 260 19995 281
44.9975 255 19998 277
45.9991 254 19997 279
46.9998 251 19997 277
47.9996 249 19988 275
48.9986 246 19996 274
49.9978 246 19997 273
50.9985 242 19995 270
51.9952 240 19998 269
52.9997 237 19992 269
53.9978 234 19995 267
54.9975 231 19999 265
55.9996 228 19993 265
56.9997 227 19995 264
57.9923 227 19995 264
58.9996 224 19995 261
59.9993 221 19996 260
60.9976 220 19994 259
61.9916 218 20000 257
62.9988 216 19997 254
63.9994 212 19995 250
64.9929 212 19999 251
65.9992 211 19997 253
66.9995 208 19997 252
67.9964 207 19998 253
68.9974 205 19999 252
69.9998 205 19998 253
70.9974 205 19994 252
71.9998 204 19993 253
72.9999 203 19994 253
73.9986 203 19989 252
74.9982 203 19998 252
75.9985 200 19992 251
76.9984 199 19996 251
77.9982 196 19996 249
78.9976 195 19996 251
79.9932 193 19999 249
80.9962 189 19995 248
81.998 188 19992 248
83 187 19991 249
83.9982 186 19991 248
84.9986 184 19997 246
85.9998 182 19999 243
86.999 180 19993 244
87.9999 179 19993 243
88.9998 178 19995 242
89.9978 178 19997 242
90.9988 180 19993 242
91.9999 180 19996 242
92.9976 177 19999 239
93.9985 179 19996 242
94.9998 177 19997 240
95.9995 175 19996 238
96.9997 173 19994 237
97.996 173 19998 238
98.9991 170 19993 237
99.9986 169 19991 235
100.999 169 19998 234
101.998 167 19995 232
103 166 19993 230
103.999 162 19996 226
105 161 19994 226
105.997 160 19994 226
107 159 19993 227
107.998 159 19996 229
108.998 156 19996 227
110 155 19995 227
110.999 154 19994 226
111.998 154 19991 225
112.995 152 19996 223
113.999 152 19996 224
114.993 154 19996 224
115.995 152 19996 223
116.995 151 19996 223
117.999 153 19996 224
118.999 154 19993 224
119.998 151 19997 220
120.998 150 19993 220
121.999 151 19998 221
122.999 150 20000 219
123.999 150 19997 217
124.994 150 19992 218
125.999 148 19998 216
126.997 147 19999 214
127.999 147 19993 214
128.998 145 19993 211
129.998 147 19997 214
131 148 19997 214
131.997 147 19993 214
132.995 146 19997 215
134 145 19997 213
134.997 141 19997 208
135.999 138 19992 206
136.997 134 19996 204
137.997 132 19998 203
138.998 132 19997 202
140 131 19998 203
140.999 132 19994 202
142 132 19999 204
143 131 19992 202
143.997 130 19997 202
145 130 19996 204
145.999 132 19993 204
146.998 131 19995 204
147.997 130 19995 202
148.999 129 19997 204
149.999 126 19995 201
151 127 19994 202
151.999 123 19997 198
153 122 19997 196
153.996 120 19999 195
154.993 118 19998 194
155.999 116 19995 192
156.997 116 19993 192
157.999 114 19994 192
158.991 115 19998 193
159.998 115 19997 194
160.999 116 19994 196
162 115 19995 194
162.999 113 19993 195
164 111 19990 193
165 109 19993 192
165.999 106 19994 189
166.997 106 19996 191
167.999 107 19995 194
169 105 19997 193
169.999 101 19998 190
170.999 99 19997 188
172 97 19991 189
172.997 97 19993 190
173.998 97 19997 190
175 97 19994 191
175.995 98 19998 190
176.997 96 19998 188
177.999 92 19993 186
178.996 93 19993 185
179.998 93 19996 186
181 94 19996 186
182 94 19994 185
182.998 93 19995 185
183.999 94 19998 185
184.999 96 19992 186
185.989 95 19997 186
186.998 94 19998 185
187.995 93 19998 184
188.996 94 19998 185
189.999 91 19996 182
190.999 91 19998 184
192 91 19996 184
193 92 19994 184
193.996 93 19997 184
194.994 95 19997 187
196 95 19992 189
196.999 94 19996 188
197.999 93 19994 186
199 92 19996 187
199.994 95 19998 187
201 93 19995 185
201.999 93 19994 187
202.996 91 19997 185
203.992 92 19997 185
204.997 92 19996 185
205.998 92 19996 184
206.998 92 19993 184
207.999 93 19999 184
209 91 19997 186
209.999 90 19993 184
211 88 19996 182
211.999 89 19995 184
212.995 89 19997 182
213.997 89 19998 180
215 88 19998 181
216 86 19995 181
216.999 86 19995 182
217.997 86 19996 183
218.997 86 19996 185
219.999 86 19995 186
220.997 86 19995 185
221.998 87 19996 187
222.996 86 19997 187
223.997 88 19998 188
224.999 88 19992 189
225.998 90 19996 189
227 92 19996 189
227.998 94 19998 190
229 95 19997 189
229.999 96 19995 189
230.999 96 19996 188
231.999 94 19996 187
233 94 19995 187
233.996 95 19999 186
234.996 97 19995 186
235.995 97 19998 186
236.999 97 19998 185
237.998 94 19993 182
239 94 19995 183
239.998 98 19999 185
240.992 96 19996 184
241.993 99 19999 184
242.997 99 19995 185
243.999 98 19995 186
244.988 101 19996 187
245.996 101 19999 187
246.997 102 19998 187
248 105 19991 189
249 105 19993 191
250 102 19996 192
251 101 19992 191
251.999 100 19995 189
252.999 98 19995 187
253.999 98 19998 187
255 98 19998 188
256 99 19992 190
257 100 19995 192
257.999 101 19995 190
258.998 102 19995 190
259.996 101 19994 189
260.999 99 19990 186
261.998 99 19996 187
263 99 19994 186
264 98 19997 185
264.997 97 19994 184
266 97 19997 186
266.998 95 19994 185
267.998 94 19994 185
268.998 94 19997 186
270 95 19996 187
270.997 97 19996 187
271.997 96 19998 185
272.997 97 19995 188
273.999 95 19997 187
274.994 96 19995 187
275.999 95 19991 187
277 95 19991 187
277.998 95 19995 188
278.999 95 19995 188
280 96 19997 189
280.998 95 19999 190
281.998 94 19995 188
283 95 19992 187
283.999 97 19995 187
285 97 19993 187
286 98 19993 187
286.995 95 19998 183
287.999 95 19995 184
289 93 19993 183
289.999 94 19997 183
290.996 94 19998 184
292 92 19997 181
293 90 19995 180
294 90 19995 182
295 90 19995 183
295.998 90 19997 184
296.999 90 19996 183
298 91 19998 184
298.999 89 19995 183
300 90 19998 182
301 89 19997 180
301.999 90 19997 180
303 90 19997 180
303.999 88 19995 179
304.993 89 19994 179
305.999 89 19998 179
307 90 19996 181
307.998 90 19995 180
308.999 89 19996 181
309.998 88 19995 179
310.999 89 19996 178
311.999 89 19990 181
312.999 88 19995 184
314 89 19998 186
314.997 89 19994 185
315.999 89 19997 184
316.998 90 19991 184
317.998 88 19988 180
318.998 88 19996 180
319.996 91 19993 180
320.999 89 19998 179
321.999 88 19994 179
322.999 88 19997 175
323.998 87 19996 176
324.994 86 19997 177
326 84 19994 175
326.998 84 19999 175
327.999 85 19994 175
328.997 87 19993 175
329.999 87 19996 175
331 86 19999 173
331.999 87 19994 174
332.999 88 19992 173
334 89 19996 174
335 90 19994 174
336 90 19996 177
336.998 92 19993 177
337.998 91 19997 176
339 91 19994 177
339.998 90 19997 177
341 90 19995 178
342 90 19993 177
342.999 89 19998 177
344 87 19995 176
344.999 87 19993 177
346 86 19997 177
346.998 85 19994 175
348 87 19990 175
348.998 87 19996 178
349.999 86 19997 176
351 85 19997 176
351.996 85 19995 177
352.99 84 19998 177
353.998 83 19993 176
354.998 81 19996 173
356 83 19995 175
356.998 83 19994 176
358 83 19999 176
358.999 83 19996 177
360 83 19996 178
361 82 19996 179
361.999 84 19995 180
362.996 81 19999 179
364 82 19993 180
364.997 84 19995 181
366 85 19999 182
367 87 19996 182
368 87 19997 181
369 86 19994 179
370 87 19992 178
371 85 19995 177
371.999 87 19998 177
372.997 86 19995 177
373.999 86 19994 177
375 86 19996 177
376 83 19995 174
377 85 19992 174
378 84 19994 172
378.997 84 19993 173
379.999 81 19999 171
381 81 19999 171
381.994 81 20000 172
382.999 82 19995 173
383.999 84 19996 172
384.999 82 19994 169
385.995 83 19996 170
386.99 84 19997 173
387.999 85 19995 175
388.999 85 19993 178
390 85 19996 178
391 85 20000 178
391.994 85 19995 177
392.997 87 19994 178
394 87 19993 180
394.997 87 19994 179
396 88 19997 178
396.999 90 19993 180
398 90 19996 180
398.999 89 19994 180
400 91 19995 182
400.999 91 19997 185
401.998 92 19991 184
403 93 19995 184
403.999 93 19994 184
405 94 19999 184
405.999 94 19997 183
406.997 94 19996 184
407.997 93 19996 185
408.998 95 19995 185
409.999 95 19996 185
410.998 95 19996 184
411.999 95 19992 186
412.999 94 19996 186
413.997 95 19994 187
414.999 96 19996 189
415.999 97 19994 190
416.996 97 19994 190
417.996 97 19998 188
418.998 99 19996 188
419.998 99 19992 187
420.999 96 19997 184
421.999 96 19992 183
422.993 97 19998 183
423.999 98 19997 183
424.999 98 19996 183
426 101 19995 183
426.996 99 19997 182
427.998 99 19997 182
428.998 100 19995 183
429.996 100 19994 182
430.993 101 19997 183
431.998 100 20000 181
432.999 101 19998 183
434 100 19996 183
434.998 99 19996 182
436 99 19997 183
436.997 102 19998 183
437.984 102 19997 183
438.994 102 19999 182
439.997 101 19996 182
440.997 100 19993 183
441.998 99 19996 181
442.997 99 19994 182
443.997 100 19993 182
444.999 102 19997 183
446 102 19993 181
446.997 101 20000 181
448 102 19997 181
448.998 103 19995 181
450 102 19999 181
451 101 19996 182
451.999 101 19993 184
452.996 100 19999 184
454 100 19994 186
454.997 99 19998 186
455.999 100 19997 186
456.999 99 19993 186
457.998 96 19995 182
459 96 19993 183
459.997 95 19994 184
461 96 19994 185
461.997 95 19995 183
462.998 97 19995 183
464 96 19993 184
464.997 96 19994 184
465.998 95 19994 184
466.999 95 19993 183
467.999 93 19994 182
469 93 19996 183
469.995 93 19995 182
470.994 96 19995 182
472 96 19993 181
472.999 97 19998 183
473.992 100 19996 185
474.994 102 19997 185
476 101 19993 185
476.996 99 19993 186
477.999 97 19991 185
478.998 99 19996 187
479.999 99 19996 186
480.999 101 19994 187
481.998 100 19995 188
482.999 101 19997 188
484 101 19999 188
485 100 19996 186
485.998 99 19994 186
486.998 101 19995 188
487.999 102 19998 188
488.998 102 19995 191
489.997 103 19995 191
490.999 103 19993 194
491.997 104 19992 193
492.993 105 19998 195
494 102 19994 194
494.995 104 19997 193
496 104 19996 194
496.999 104 19996 195
497.996 107 19996 195
498.999 106 19996 193
499.997 106 19994 193
500.996 108 19994 193
501.996 108 19998 193
502.999 107 19997 192
503.993 110 19997 193
504.999 109 19997 191
505.997 109 19993 191
506.998 106 19996 185
507.999 106 19996 184
508.993 106 19996 185
510 107 19996 188
511 109 19999 189
511.999 108 19995 189
512.998 111 19994 190
514 111 19994 190
514.999 113 19993 191
515.999 112 19991 191
517 109 19991 189
517.998 109 19994 191
518.999 107 19997 189
519.999 106 19999 187
520.997 104 19998 185
522 105 19992 186
522.995 105 19998 187
523.998 108 19999 187
524.999 107 19995 186
526 107 19995 188
526.996 103 19995 185
527.999 102 19994 186
528.999 101 19998 186
529.999 100 19998 186
531 100 19991 183
532 100 19992 181
532.981 97 20000 179
534 96 19994 178
534.999 96 19992 180
535.998 96 19994 180
536.998 97 19999 181
538 98 19995 184
538.998 99 19996 185
539.998 97 19998 184
540.997 98 19999 185
541.999 97 19995 185
542.998 98 19993 186
543.998 100 19995 186
545 98 19996 183
545.998 99 19992 184
547 98 19996 183
547.997 97 19995 183
549 98 19997 184
549.997 96 19997 182
551 95 19996 182
551.998 94 19993 180
552.998 95 19996 182
553.999 95 19999 183
555 94 19989 182
556 95 19996 181
557 94 19999 182
557.999 93 19995 180
558.999 93 19996 180
559.999 93 19993 182
560.999 92 19995 182
562 93 19997 185
563 90 19996 182
563.997 89 19999 182
564.999 89 19994 183
566 87 19986 183
566.997 86 19996 183
567.994 85 19999 182
568.999 85 19996 182
569.999 85 19994 183
571 84 19996 182
571.999 82 19997 180
572.996 78 19994 176
573.999 77 19996 176
575 75 19993 176
575.998 75 19992 177
576.994 75 19995 179
577.999 75 19996 180
578.994 77 19999 180
579.996 78 19995 181
580.999 77 19993 180
581.995 77 19997 179
582.988 78 19995 182
583.999 79 19992 182
585 80 19995 184
585.999 80 19993 185
587 82 19992 188
588 81 19996 188
588.999 82 19998 189
589.994 83 19992 189
590.999 82 19995 190
591.997 82 19996 190
592.998 81 19996 189
594 80 19993 189
594.999 81 19998 190
595.993 81 19994 190
596.998 81 19995 190
597.999 81 19993 189
598.999 80 19997 188
599.999 81 19994 190
600.995 82 19999 191
602 82 19996 190
603 85 19994 193
603.998 86 19998 192
605 87 19996 193
605.998 86 19993 194
606.996 84 19995 192
607.995 83 19997 192
608.999 83 19998 192
609.999 83 19998 192
611 84 19995 192
612 87 19996 194
612.999 88 19996 197
613.998 87 19996 196
614.999 87 19995 194
615.999 86 19995 193
616.999 88 19997 194
617.997 87 19998 191
619 85 19997 190
619.997 83 19994 188
620.998 84 19994 188
622 83 19992 188
622.996 84 19998 187
623.999 88 19993 188
624.996 90 19997 188
625.999 91 19995 190
627 90 19995 190
628 88 19998 189
629 87 19992 189
630 87 19998 189
631 89 19998 191
632 89 19994 191
633 90 19995 195
633.999 91 19993 195
634.999 91 19993 195
635.999 91 19995 196
637 91 20000 195
638 90 19997 195
639 89 19996 193
640 88 19995 192
640.999 89 19997 192
641.999 89 19997 194
643 89 19995 194
644 89 19996 195
644.999 89 19996 193
646 92 19995 196
646.999 92 19993 195
647.999 93 19996 195
648.995 92 19994 193
649.998 93 19995 194
651 94 19994 196
651.999 94 19996 197
653 94 19993 197
653.997 93 19996 198
654.999 94 19997 198
655.998 94 19998 195
656.998 95 19993 198
658 95 19994 198
658.997 93 19998 198
660 94 19992 196
660.995 95 19996 194
661.989 95 19997 194
663 95 19993 195
663.998 95 19996 195
664.996 95 19995 196
666 93 19997 195
666.999 94 19994 197
667.999 94 19997 197
668.999 96 19996 198
670 93 19993 195
670.998 94 19997 197
671.997 92 19996 196
672.998 92 19995 196
673.999 94 19996 196
674.999 94 19993 197
675.998 94 19994 197
676.999 94 19998 197
678 91 19994 196
679 93 19998 196
679.997 95 19997 198
680.998 95 19996 199
681.999 93 19995 196
683 97 19994 195
683.995 100 20000 196
684.998 100 19998 196
685.999 99 19995 196
686.999 98 19994 195
687.999 99 19997 197
688.998 99 19996 197
689.996 97 19996 197
690.998 98 19995 197
691.998 99 19996 198
692.998 98 19996 198
693.997 98 19996 197
695 99 19995 197
695.996 99 19996 196
697 98 19997 195
697.999 98 19995 195
698.998 99 19996 196
700 99 19999 197
700.997 98 19998 198
701.999 97 19990 196
702.999 99 19997 196
703.998 102 19999 195
704.999 100 19994 194
706 100 19993 193
706.999 101 19998 195
707.997 101 19997 196
708.999 101 19996 199
709.997 102 19997 199
710.991 103 19995 199
711.998 103 19997 199
713 101 19991 198
713.995 101 19998 197
715 100 19995 197
716 101 19996 198
716.996 100 19997 197
717.997 99 19996 199
719 97 19995 197
719.995 96 19995 198
720.999 98 19994 200
721.999 97 19998 197
722.999 97 19998 196
724 97 19998 195
725 98 19998 193
725.998 98 19996 194
726.999 100 19996 195
727.999 99 19995 196
728.997 99 19992 196
730 94 19993 191
730.999 91 19997 188
731.999 88 19994 185
733 86 19994 183
733.993 88 19997 182
734.997 88 19994 182
736 89 19993 183
736.998 88 19994 183
738 89 19997 184
738.998 91 19998 186
740 93 19998 186
740.999 92 19998 184
741.999 91 19997 183
743 90 19993 183
744 91 19995 182
744.998 91 19997 184
746 91 19998 182
746.998 89 19992 181
748 89 19996 181
748.999 89 19993 181
749.998 89 19999 180
750.999 91 19996 179
752 92 19996 180
752.999 93 19995 180
754 93 19994 180
754.996 94 19998 181
755.998 95 19996 183
756.992 95 19994 183
757.996 94 19994 183
758.997 94 19998 182
759.997 91 19995 180
760.999 92 19995 180
761.999 93 19997 181
762.987 95 19999 181
763.998 94 19996 181
764.999 97 19995 181
765.996 99 19999 182
766.997 99 19998 181
767.998 98 19995 180
768.999 96 19997 180
769.999 96 19994 179
770.992 95 19998 180
772 94 19997 181
772.998 95 19998 181
773.989 95 19997 181
774.994 93 19998 179
775.997 91 19992 178
776.99 91 19994 180
777.998 90 19996 181
778.994 90 19994 183
779.999 92 19997 185
781 92 19996 185
781.995 93 19996 184
782.999 93 19993 184
783.999 95 19999 182
784.999 91 19996 178
785.999 91 19995 179
786.997 91 19998 182
787.999 90 19996 183
788.998 90 19994 184
789.998 90 19995 184
790.998 90 19994 186
791.999 92 19995 189
793 91 19994 188
793.999 91 19999 190
795 93 19995 192
795.996 95 19998 191
796.999 94 19999 192
798 95 19996 190
798.995 96 19998 190
800 94 19995 188
800.994 93 19993 188
802 95 19996 188
802.999 95 19996 189
803.999 95 19996 189
804.999 96 19993 189
805.999 97 19994 191
807 97 19997 192
808 96 19995 192
808.996 96 19993 192
809.998 99 19998 194
810.999 101 19994 195
812 103 19994 195
812.999 102 19995 194
813.998 102 19996 194
814.998 102 19994 193
815.999 102 19994 194
816.998 101 19999 194
818 100 19995 195
818.999 101 19991 197
819.993 102 19995 198
820.993 103 19996 197
821.998 103 19994 199
823 102 19997 197
824 101 19997 196
825 101 20000 195
826 102 19997 195
827 103 19996 196
828 103 19994 197
829 102 19994 196
829.998 102 19993 197
830.999 102 19997 198
831.998 102 19995 197
832.999 101 19992 196
833.996 101 20000 194
835 104 19995 196
835.997 102 19997 195
836.999 102 19994 195
838 102 20000 194
838.998 103 19996 194
839.996 104 19996 194
840.999 104 20000 194
841.994 105 19995 194
842.999 104 19991 192
843.999 104 19998 195
844.999 105 19998 196
845.996 105 19997 199
846.999 106 19996 201
847.997 105 19995 200
849 106 19993 201
849.999 105 19995 201
850.997 107 19995 201
851.999 106 19992 200
852.998 106 19996 199
853.997 105 19996 201
855 105 19994 201
856 103 19998 199
857 104 19995 199
858 104 19995 199
858.999 102 19998 198
859.998 99 19995 195
860.999 100 19996 195
861.998 101 19999 194
862.995 100 19997 193
863.998 100 19998 193
864.999 101 19993 193
865.999 102 19995 193
867 102 19993 195
867.999 101 19997 195
868.995 100 19999 195
869.996 99 19998 192
870.999 100 19995 193
872 101 19998 192
872.999 103 19997 194
873.997 104 19996 197
875 103 19996 195
875.998 102 19997 194
876.99 102 19996 194
877.998 104 19999 196
878.994 104 19996 195
880 102 19996 194
880.994 101 19994 192
881.999 102 19994 192
882.999 104 19996 192
883.999 106 19994 193
884.991 107 19998 195
886 106 19994 196
886.999 105 19996 195
888 104 19996 196
889 103 19997 196
889.999 103 19994 194
890.997 102 19996 193
891.999 102 19992 196
892.997 106 19997 198
894 107 19996 199
894.999 106 19992 198
895.997 102 19996 196
896.995 103 19997 197
897.998 105 19998 196
898.998 103 19995 195
899.999 104 19993 195
900.998 102 19996 193
901.997 99 19998 190
902.998 97 19999 186
903.999 97 19995 188
904.997 93 19996 184
905.999 91 19995 184
906.996 90 19999 185
908 92 19991 183
908.999 92 19995 182
909.999 91 19995 183
911 92 19993 184
912 91 19995 184
913 92 19996 184
913.999 91 19992 186
914.998 89 19994 184
915.999 89 19994 185
916.997 88 19997 185
917.998 88 19992 186
918.998 86 19996 184
919.991 87 19998 183
920.999 89 19992 185
922 91 19993 185
923 92 19995 184
923.999 90 19993 184
925 89 19992 183
926 89 19995 186
926.995 91 19998 187
928 89 19999 187
928.997 89 19997 187
929.996 89 19998 189
930.997 89 19991 190
931.998 89 19997 190
932.998 90 19997 190
934 89 19997 190
934.999 86 19998 186
935.998 85 19997 185
936.999 84 19996 183
938 84 19995 182
938.998 82 19994 181
939.999 82 19996 183
940.999 81 19995 185
942 81 19994 186
943 79 19992 185
943.998 79 19995 184
944.998 78 19997 185
946 77 19995 185
947 79 19994 185
947.999 81 19996 185
948.999 81 19995 184
949.999 82 19994 185
951 82 19997 185
951.999 83 19997 186
952.998 84 19996 186
953.999 85 19992 186
954.998 86 19998 188
956 87 19995 189
956.999 89 19996 189
958 89 19995 190
958.996 90 19998 190
959.999 92 19998 191
960.996 93 19994 192
961.998 93 19997 192
962.997 92 19995 192
963.997 92 19996 192
965 92 19992 193
965.998 90 19996 192
966.999 89 19996 193
967.998 91 19995 194
968.999 90 19999 195
969.998 89 19997 195
971 87 19995 193
971.999 88 19996 194
972.998 90 19995 194
974 90 19994 193
974.999 88 19990 191
976 89 19990 194
977 90 19995 197
977.999 91 19996 198
979 91 19996 198
980 89 19996 196
981 88 19997 194
982 86 19995 192
982.997 86 19998 192
983.994 88 19996 194
985 87 19999 195
985.992 87 19993 196
987 87 19996 197
987.999 87 19997 199
988.998 86 19997 198
989.999 85 19992 197
991 87 19993 197
991.998 87 19994 198
992.998 87 19997 198
993.994 87 19993 198
995 89 19996 202
996 88 19999 200
996.999 89 19998 200
997.999 88 19997 200
999 88 19993 200
999.999 89 19991 203
1000 89 19992 203
