0.999784 398 19997 398
1.99782 394 19996 394
2.99875 390 19995 390
3.99939 388 19996 388
4.99703 384 19994 384
5.99977 378 19991 378
6.99661 375 19997 376
7.99884 369 19999 370
8.99853 362 19993 364
9.99795 358 19998 360
10.9979 355 19997 357
11.999 354 19997 356
12.996 351 19998 353
14 348 19993 350
14.9984 343 19998 347
16 341 19994 346
16.9997 339 19992 344
17.9946 338 19997 343
18.9992 337 19994 342
19.9977 332 19998 337
20.9996 325 19995 332
21.9993 322 19997 329
22.9996 320 19994 327
23.9997 317 19994 327
24.9961 314 19999 324
25.9978 313 19996 324
26.9908 310 20000 321
27.9973 309 19998 321
28.9984 302 19995 314
29.9991 301 19999 313
30.9951 296 19994 308
31.9993 296 19993 309
32.9996 291 19995 304
33.9996 286 19995 300
35 283 19993 298
35.9946 282 19995 297
36.9992 277 19998 294
37.9994 274 19996 292
38.9972 272 19995 291
39.9993 270 19996 290
40.9916 268 19997 288
41.996 268 19994 289
42.9987 265 19992 288
43.9996 263 19993 288
44.9992 261 19994 286
45.9992 261 19998 287
46.9947 258 19998 284
47.9983 253 19994 279
48.999 252 19994 279
49.9995 249 19995 276
50.9995 246 19993 273
51.9862 242 19999 269
52.9999 241 19995 269
53.9989 240 19995 269
54.9986 238 19998 267
55.996 235 19996 265
57 231 19998 261
57.9976 229 19995 259
58.9977 228 19996 259
59.9989 226 19997 257
60.9999 225 19996 256
61.9958 221 19999 253
62.9982 219 19998 251
63.9999 218 19998 252
64.9998 214 19996 248
65.9984 213 19995 247
66.9984 210 19996 245
67.9989 208 19997 241
68.9988 209 19998 241
69.995 208 19999 239
70.9992 209 19994 239
71.9961 209 19997 239
72.998 208 19993 238
73.9999 205 19992 237
74.9987 205 19994 238
75.997 202 19995 236
76.9996 201 19993 235
77.999 201 19993 235
78.998 200 19994 235
79.9986 199 19998 234
80.997 197 19999 234
81.9969 194 19996 232
82.9997 194 19997 231
83.9995 193 19995 230
84.9979 193 19997 231
85.9998 193 19992 232
86.9997 190 19997 229
87.9998 188 19992 224
88.9962 186 19996 224
90 184 19992 223
90.9997 183 19992 224
91.9944 183 19998 225
92.9927 183 19999 225
93.9989 183 19993 227
94.9992 182 19993 224
95.9999 179 19993 221
96.9991 179 19994 224
98 178 19996 224
98.9988 179 19995 224
99.9983 179 19995 223
100.999 178 19994 222
102 176 19996 220
102.997 175 20000 219
104 173 19995 218
104.999 170 19996 215
105.999 168 19992 213
106.998 166 19996 212
107.994 165 19994 214
108.998 162 19997 212
110 161 19995 210
111 160 19999 209
111.999 159 19996 208
112.998 158 19998 207
113.998 156 19994 206
114.997 156 19997 209
115.995 155 19993 210
116.999 154 19994 210
117.992 150 19996 206
118.999 147 20000 204
119.999 148 19992 206
120.998 145 19997 203
122 144 19996 203
122.999 145 19998 204
123.999 145 19992 203
125 144 19993 206
125.997 143 19998 205
127 142 19994 203
127.998 141 19995 201
128.997 140 19996 199
130 138 19994 197
130.998 135 19993 195
131.999 134 19998 194
132.997 133 19996 193
133.999 131 19996 192
135 131 19997 191
135.999 130 19991 192
136.995 131 19999 194
137.997 129 19993 194
138.999 129 19996 195
139.999 127 19989 193
140.996 128 19995 195
141.998 127 19996 193
142.999 128 19996 192
143.998 128 19996 191
144.995 127 19999 192
145.999 127 19998 190
147 125 19996 189
148 122 19993 186
148.998 121 19993 184
150 119 19994 185
150.994 120 19997 184
151.996 120 19998 183
153 119 19991 183
153.999 121 19995 184
154.997 124 19996 185
156 121 19997 184
156.995 121 19995 185
157.999 120 19990 185
158.998 119 19994 184
159.999 120 19997 185
160.996 118 19996 185
161.999 118 19997 184
163 117 19997 184
163.994 115 19996 183
165 111 19995 181
166 112 19996 182
166.999 110 19994 179
167.998 110 19999 182
168.999 108 19997 181
169.995 109 19999 182
170.997 111 19996 183
172 113 19995 183
172.999 113 19997 186
174 113 19996 186
174.999 112 19994 185
175.999 111 19995 185
176.995 110 19997 182
177.999 109 19996 182
178.999 109 19993 182
179.999 108 19994 182
180.998 106 19993 180
181.996 105 19997 179
182.996 105 19996 181
183.999 103 19997 183
184.997 103 19995 186
185.999 102 19997 186
186.998 102 19997 188
187.999 102 19996 192
188.995 101 19995 191
189.995 101 19996 190
190.999 99 19996 188
191.998 99 19998 188
192.999 100 19996 188
193.999 99 19998 189
195 99 19994 187
195.995 99 19996 190
196.999 98 19999 190
197.997 99 19997 191
198.996 99 19997 190
199.997 102 19997 190
200.999 102 19998 189
201.997 103 19997 191
203 104 19997 190
203.997 102 19998 191
204.998 101 19995 190
205.995 101 19997 190
207 101 19995 190
207.997 99 19992 188
208.999 98 19992 189
209.998 97 19997 188
211 97 19989 190
212 98 19995 191
212.999 100 19997 194
214 102 19995 196
214.998 103 19994 199
216 103 19996 200
216.999 103 19996 199
217.999 102 19996 202
219 102 19996 201
220 101 19994 199
220.999 102 19995 200
221.999 102 19997 200
222.999 103 19993 198
223.999 103 19990 199
224.994 102 19996 198
225.998 102 19998 198
226.998 104 19998 200
227.997 105 19994 202
228.999 105 19996 202
229.997 104 19992 201
230.997 104 19994 204
231.996 104 19997 205
232.999 102 19996 203
233.999 103 19994 202
234.999 102 19993 202
235.998 102 19996 203
236.998 104 19992 203
238 104 19995 203
238.997 105 20000 202
239.996 102 19997 203
241 103 19993 205
241.999 103 19996 204
242.999 104 19997 206
243.998 105 19997 206
244.997 103 19997 205
246 105 19995 205
247 106 19998 205
247.998 107 19997 204
248.995 107 19995 205
249.999 107 19996 207
251 107 19995 207
252 107 19995 208
252.997 109 19996 210
253.996 107 19997 208
255 108 19995 210
256 109 19996 210
257 111 19996 210
257.997 112 19998 209
258.997 110 19999 207
259.993 111 19996 208
261 112 19993 212
261.999 110 19995 212
263 111 19996 210
263.999 110 19997 208
264.999 108 19993 205
265.994 109 19994 207
266.999 107 19999 204
267.998 106 19991 201
268.997 105 19998 201
269.994 106 19996 199
270.997 108 19998 201
271.994 109 19998 201
272.999 109 19999 200
273.999 112 19995 200
274.996 112 19999 200
276 112 19995 200
276.998 113 19997 200
277.999 113 19995 201
278.995 110 19993 198
280 112 19994 199
280.998 111 19998 198
281.998 111 19991 200
282.997 110 19999 199
284 110 19996 200
284.999 110 19994 199
285.999 110 19997 199
286.999 111 19997 200
287.999 108 19992 198
289 109 19995 199
289.999 109 19995 200
291 110 19996 203
292 109 19999 202
293 108 19996 199
293.999 109 19993 200
295 108 19997 199
295.997 109 19999 200
296.999 110 19997 202
297.997 107 19996 199
298.998 106 19997 198
299.999 104 19997 197
300.999 104 19995 196
301.997 104 19994 195
302.999 106 19998 193
303.994 108 19999 194
304.999 108 19995 194
305.997 106 19993 192
307 108 19990 192
308 110 19996 194
309 110 19997 194
310 110 19995 195
311 109 19991 195
312 109 19992 194
313 108 19996 192
313.998 106 19997 192
315 104 19995 191
315.995 105 19998 192
317 104 19993 192
318 104 19996 192
318.999 105 19996 192
319.999 105 19993 191
320.988 103 19999 189
321.997 103 19996 189
323 102 19996 192
323.999 99 19998 190
324.999 102 19995 191
326 101 19992 190
326.999 103 19995 192
327.999 104 19998 193
329 105 19993 194
329.997 106 19991 198
330.992 107 19998 198
332 106 20000 197
332.997 105 19998 196
333.999 104 19994 196
334.999 105 19994 196
335.997 105 19996 196
336.996 105 19998 198
337.999 105 19996 198
339 105 19994 197
339.996 102 19997 196
340.997 103 19996 198
341.998 104 19996 199
343 105 19996 198
343.996 105 19998 198
344.999 104 19993 196
345.999 104 19992 198
347 104 19994 199
348 102 19996 198
348.998 103 19998 198
349.995 104 19996 200
351 102 19995 198
352 102 19997 197
353 106 19997 197
354 108 19993 197
355 107 19997 197
355.998 107 19995 197
356.999 108 19989 197
357.999 109 19996 197
358.995 107 19994 194
359.997 109 19996 193
361 109 19998 194
361.999 110 19997 197
362.999 108 19996 195
364 110 19991 196
364.999 111 19997 198
365.999 109 19995 196
367 110 19997 197
367.999 110 19993 197
369 111 19989 198
369.988 110 19997 197
370.999 111 19997 199
371.998 111 19995 199
372.999 112 19992 199
373.999 113 19994 198
374.999 112 19993 196
375.999 114 19997 197
376.996 115 19999 197
377.999 115 19997 199
378.998 113 19995 198
379.989 114 19996 198
380.998 115 19996 198
381.999 115 19996 198
383 114 19994 198
383.998 113 19996 199
384.998 112 19996 195
386 111 19993 194
386.993 110 19997 193
387.999 108 19997 191
389 110 19991 191
389.999 109 19995 190
391 111 19997 191
391.998 110 19998 192
393 110 19998 191
393.993 109 19995 189
394.999 107 19995 187
395.998 106 19993 186
397 106 19995 187
397.999 105 19992 188
398.999 105 19999 190
399.995 106 19998 189
401 105 19995 191
401.994 105 19995 193
402.999 106 19994 194
403.999 106 19996 196
405 106 19997 197
405.998 106 19997 197
406.992 106 19997 197
407.998 107 19996 198
408.999 107 19995 199
409.998 107 19996 200
410.999 107 19999 198
411.999 109 19995 200
412.997 106 19992 197
413.999 105 19993 198
414.999 105 19994 198
415.996 106 19996 198
417 106 19995 200
417.999 103 19998 197
419 102 19993 198
419.997 102 19998 197
420.999 102 19994 197
421.997 102 19996 197
422.998 103 19996 199
423.996 102 19998 196
424.999 102 19996 196
426 101 19995 195
427 104 19993 194
427.999 105 19996 194
428.993 103 19997 192
430 104 19996 193
430.999 104 19997 193
431.998 104 19994 193
432.997 103 19997 192
434 103 19996 194
434.999 104 19996 194
435.998 103 19991 193
436.998 103 19996 195
437.998 103 19996 197
438.996 103 19996 198
439.999 106 19997 197
440.999 105 20000 196
442 105 19997 197
443 104 19994 199
443.996 103 19993 199
444.997 101 19997 197
446 99 19997 196
446.999 98 19997 195
447.999 98 19996 194
448.996 99 19994 195
449.995 97 19995 194
451 98 19996 193
452 97 19996 191
452.999 96 19994 188
453.989 96 20000 190
454.999 96 19997 191
455.999 94 19995 188
456.999 95 19995 188
457.996 95 19998 188
458.987 94 19998 189
459.993 93 19998 188
461 92 19993 188
461.999 91 19995 187
462.998 93 19995 188
463.996 94 19997 188
464.996 92 19997 187
466 92 19990 190
467 91 19998 187
467.998 92 19995 188
468.999 93 19997 188
469.999 94 19992 189
471 94 19998 189
471.991 97 19997 192
473 96 19995 191
473.999 95 19998 190
474.998 96 19996 189
475.999 97 19994 188
476.999 96 19995 186
477.999 97 19996 187
478.997 97 19999 186
479.995 97 19999 186
481 95 19996 185
481.999 96 19996 187
482.999 96 19997 187
484 94 19994 186
485 94 19993 185
485.999 96 19997 184
486.998 95 19991 183
488 96 19996 184
489 95 19996 184
489.999 95 19997 185
490.999 93 19995 185
491.986 92 19994 186
492.997 94 19997 186
493.997 93 19997 187
495 94 19997 187
495.999 95 19989 188
497 94 19997 186
497.996 93 19998 185
499 94 19992 184
499.998 96 19998 184
501 94 19994 185
502 93 19993 184
503 92 19996 182
503.998 92 19994 184
505 92 19997 184
506 91 19994 183
506.998 91 19998 183
507.999 89 19996 182
508.998 92 19992 183
509.999 92 19996 186
511 93 19992 187
512 91 19994 184
512.997 90 19998 185
513.999 90 19995 185
514.999 91 19993 185
515.995 92 19995 186
517 91 19992 186
517.995 94 19996 186
518.999 92 19995 185
520 91 19995 187
520.998 91 19995 189
522 93 19992 190
523 94 19994 190
524 94 19996 191
524.994 95 19997 190
525.999 95 19987 190
526.999 95 19991 190
527.993 94 19995 188
528.997 92 19994 187
530 93 19998 187
531 97 19998 189
532 98 19993 191
533 102 19994 191
534 103 19994 191
534.999 104 19997 192
535.997 105 19998 192
536.999 106 19995 193
538 105 19996 193
538.998 106 19998 191
539.999 107 19997 191
540.999 105 19996 189
541.997 105 19996 189
542.999 104 19994 190
543.998 106 19993 190
544.997 105 19994 190
546 103 19995 191
546.995 104 19993 191
547.996 103 19998 193
549 104 19997 191
550 105 19998 192
551 105 19995 192
552 106 19993 192
552.999 104 19997 189
553.991 104 20000 190
555 102 19993 187
555.995 101 19998 185
556.998 100 19995 185
557.999 99 19995 185
558.999 97 19991 183
559.999 98 19995 185
560.998 98 19997 185
562 98 19995 188
563 98 19996 188
564 98 19993 188
565 96 19997 186
566 97 19993 187
566.998 96 19995 188
567.997 96 19991 189
568.998 96 19997 188
569.998 96 19993 188
570.999 99 19996 189
571.997 96 19994 186
573 96 19994 191
573.999 95 19999 192
574.997 95 19995 194
576 96 19998 195
576.996 95 19994 197
578 97 19997 197
578.999 98 19996 200
580 96 19995 199
580.994 98 19998 200
581.997 97 19994 200
582.989 97 19993 200
583.997 98 19995 199
584.998 100 19995 200
586 102 19995 203
586.999 101 19994 204
587.996 102 19995 204
589 102 19995 204
590 100 19996 202
591 99 19994 200
591.99 101 19998 201
592.999 98 19995 199
593.999 99 19996 200
594.996 96 19994 197
595.994 95 19997 194
596.998 93 19997 193
598 92 19996 192
598.999 92 19994 195
599.999 91 19998 194
600.999 91 19997 194
601.999 91 19994 196
602.997 88 19999 193
603.999 89 19996 194
604.999 88 19994 191
606 89 19996 191
606.993 89 19997 191
607.998 89 19998 192
609 87 19998 190
609.997 87 19992 189
610.996 85 19996 189
611.998 85 19994 191
612.998 85 19997 191
613.999 86 19993 191
614.996 85 19996 189
615.999 86 19994 190
616.996 86 19994 190
617.998 85 19996 191
618.998 85 19999 191
619.993 86 19995 193
620.996 86 19998 194
621.999 86 19994 192
622.993 86 19997 192
623.997 85 19997 191
624.999 85 19997 191
625.999 86 19996 192
626.999 86 19994 194
628 86 19995 195
629 85 19996 194
629.994 85 19997 194
630.997 90 19996 194
631.999 89 19998 193
632.998 90 19998 194
633.996 92 19998 195
634.999 92 19999 196
635.998 92 19996 198
637 94 19996 198
638 94 19998 202
638.995 93 19999 202
639.997 90 19998 200
640.999 91 19997 199
641.995 91 19997 202
642.999 91 19995 203
643.998 89 19999 202
644.999 88 19997 203
646 88 19992 203
647 85 19995 200
648 85 19995 204
649 87 19994 205
649.993 88 19998 205
650.998 88 19997 205
652 89 19996 207
652.999 89 19995 206
654 90 19995 206
654.999 92 19997 207
656 92 19998 207
657 92 19997 208
658 94 19993 208
658.993 93 19997 210
659.999 94 19997 211
661 93 19989 211
662 94 19995 209
663 94 19991 209
663.999 94 19995 210
664.998 95 19994 211
665.999 98 19992 211
666.999 99 19998 211
667.998 98 19995 210
668.998 96 19997 210
669.997 96 19995 210
670.999 94 19994 209
671.984 95 19995 208
672.994 97 19994 208
673.999 100 19996 209
674.999 100 19998 209
675.999 103 19995 211
676.991 102 19999 210
678 102 20000 210
678.996 103 19994 212
680 101 19991 210
681 102 19995 210
681.999 102 19996 210
682.999 104 19998 211
684 104 19996 213
684.998 99 19994 208
685.995 100 19992 209
686.997 103 19995 210
687.997 101 19995 209
688.998 103 19995 208
689.997 100 19995 204
691 99 19996 203
692 100 19992 204
692.997 98 19997 202
694 98 19996 202
694.989 96 19998 201
696 96 19996 202
697 98 19996 203
697.996 98 19996 203
698.999 97 19999 201
700 95 19992 200
700.996 95 19993 202
701.999 96 19992 205
702.999 96 19997 205
703.999 96 19993 207
704.998 96 19995 208
705.999 98 19993 210
706.998 100 19997 210
707.996 101 19996 210
709 97 19997 209
709.996 97 19995 210
711 97 19994 211
711.999 96 19996 210
712.994 97 19997 210
714 99 19999 212
714.997 100 19996 215
716 102 19995 217
717 102 19992 219
717.998 103 19998 219
718.996 102 19999 218
720 100 19995 214
721 101 19992 217
722 100 19997 217
722.998 102 19996 217
724 102 19994 218
724.995 104 19996 221
726 104 19993 221
726.999 104 19995 221
728 102 19996 223
728.998 102 19996 221
729.999 102 19996 221
730.999 103 19997 221
731.999 106 19992 223
732.998 104 20000 222
734 103 19998 220
734.999 104 19995 220
735.997 102 19994 217
736.999 105 19993 218
737.994 105 19998 217
739 103 19992 216
739.995 103 19996 215
740.993 104 19998 216
741.993 103 19999 217
742.999 103 19995 217
743.996 103 19995 219
745 106 19997 218
745.998 106 19998 217
747 104 19990 218
747.999 104 19997 219
749 107 19996 220
749.998 106 19997 220
750.999 106 19996 218
751.997 105 19995 213
752.996 105 19996 214
753.999 106 19996 215
754.998 108 19998 216
755.998 108 19999 215
756.999 106 19995 214
757.995 105 20000 213
758.999 101 19996 209
760 99 19992 210
761 99 19998 209
762 100 19998 209
762.999 100 19995 209
763.999 101 19998 211
764.999 99 19994 209
765.999 100 19993 208
767 101 19996 207
767.999 104 19998 208
768.998 104 19996 207
769.999 105 19996 207
771 102 19992 205
772 104 19997 206
773 103 19998 207
773.998 102 19995 205
774.998 104 19996 206
775.996 104 19999 206
777 103 19995 206
777.999 99 19996 204
778.999 98 19994 203
779.996 99 19996 202
780.999 99 19995 202
782 100 19996 203
783 99 19993 201
783.999 98 19990 201
784.998 97 19995 200
786 96 19997 199
786.997 95 19992 197
787.999 95 19998 198
788.998 96 19993 198
789.993 97 19999 198
790.999 98 19992 200
792 99 19992 200
792.998 99 19995 200
794 101 19995 203
794.998 99 19997 202
796 101 19997 202
796.999 101 19995 203
797.999 102 19995 204
798.994 100 20000 202
799.999 99 19998 200
800.998 98 19996 200
801.999 99 19996 200
802.996 94 19997 196
804 94 19997 194
805 94 19996 194
805.999 95 19995 194
806.996 95 19995 194
808 96 19992 197
808.998 97 19997 198
809.994 97 19997 198
810.999 96 19996 197
811.998 95 19991 197
812.996 95 19992 197
813.996 95 19998 198
814.999 96 19997 198
815.991 94 19997 197
816.995 96 19997 200
818 95 19992 197
818.999 96 19995 200
819.999 97 19997 199
820.999 98 19994 199
822 97 19997 199
823 96 19996 199
823.997 96 19996 199
825 96 19997 198
825.998 96 19996 197
826.995 96 19997 197
827.997 97 19994 198
829 97 19994 197
829.998 96 19998 199
830.999 94 19995 197
831.999 93 19994 195
832.993 93 19994 194
833.997 94 19997 195
834.997 97 19994 194
835.996 96 19996 195
837 95 19993 197
837.998 96 19995 197
838.999 97 19998 197
840 95 19997 196
840.999 95 19994 196
842 95 19995 197
843 95 19994 198
843.997 97 19995 197
844.997 97 19996 198
845.999 99 19996 199
847 99 19994 198
847.999 98 19996 197
848.996 97 19998 196
849.994 98 19996 196
850.995 97 19994 194
851.999 95 19993 192
853 94 19994 191
853.999 95 19997 192
854.999 94 19999 190
855.998 95 19995 189
856.995 96 19999 190
858 97 19994 190
858.998 97 19997 191
860 98 19997 191
860.998 98 19995 191
861.998 100 19999 190
863 98 19997 188
864 99 19995 188
864.999 98 19997 187
865.998 97 19992 188
866.993 97 19995 187
868 96 19993 187
868.999 94 19992 185
870 95 19995 186
871 95 19995 186
871.998 92 19996 181
873 93 19996 181
873.999 92 19999 183
874.999 96 19995 185
875.991 96 19997 185
876.994 95 19994 184
877.997 96 19997 185
878.999 95 19996 185
879.998 96 19999 183
880.997 98 19996 185
881.993 96 19999 184
882.996 96 19996 183
883.999 98 19993 182
884.999 97 19997 184
886 97 19997 183
887 97 19992 183
887.999 98 19998 182
888.998 96 19996 181
889.996 98 19998 180
890.999 98 19995 181
892 98 19995 181
893 99 19997 181
893.997 99 19997 183
894.999 99 19994 183
896 100 19992 183
896.995 100 19997 186
898 100 19995 186
899 100 19996 186
899.997 100 20000 185
901 98 19995 187
901.998 98 19996 187
902.998 97 19995 187
904 99 19995 188
904.997 98 19998 189
906 98 19997 189
906.999 96 19996 187
907.998 92 19996 182
909 90 19997 182
910 89 19994 182
910.996 90 19998 182
911.998 87 19997 180
912.999 86 19994 179
913.999 87 19996 180
914.999 88 19993 182
915.999 88 19999 184
917 89 19992 184
917.998 87 19997 182
918.998 86 19998 181
920 86 19991 186
920.996 85 19996 185
921.998 85 19995 184
923 86 19994 184
923.999 86 19988 184
925 85 19994 183
925.997 85 19999 184
927 83 19997 184
927.994 83 19993 184
928.994 87 19994 182
929.996 89 19995 183
930.995 91 19995 184
931.998 89 19996 183
932.997 89 19994 182
933.999 89 19997 181
935 87 19997 181
936 87 19995 181
937 87 19995 184
938 88 19997 184
938.999 86 19997 184
940 88 19994 182
940.999 85 19993 181
942 85 19996 184
943 87 19996 186
943.999 87 19996 186
944.999 87 19995 186
945.998 89 19997 187
946.997 90 19993 188
947.995 91 20000 189
948.999 93 19997 189
949.999 91 19997 190
951 91 19994 193
951.999 92 19998 193
953 91 19992 194
953.999 93 19996 196
955 91 19994 194
955.999 90 19998 192
957 89 19996 191
957.995 88 19994 190
958.998 89 19995 190
960 86 19994 188
960.994 86 19996 188
961.999 86 19998 188
962.995 87 19999 189
964 89 19996 190
964.996 90 19995 190
966 92 19995 190
967 91 19992 189
967.999 93 19995 189
968.999 92 19992 188
970 94 19997 190
970.999 92 19994 190
971.996 92 19995 190
972.996 92 19998 190
973.999 93 19995 189
974.998 97 19996 189
975.999 97 19993 189
977 97 19991 190
977.999 97 19995 189
978.999 98 19993 190
979.999 98 19996 191
981 99 19998 191
981.999 99 19994 192
982.999 99 19998 193
983.996 98 19994 191
984.997 98 19996 195
986 98 19993 197
986.999 98 19994 198
987.996 101 19996 199
988.998 101 20000 198
989.997 101 19998 199
990.999 102 19996 198
991.998 101 19996 199
992.999 101 19999 197
993.998 100 19994 197
994.998 100 19996 199
995.995 100 19990 200
996.999 100 19995 201
998 101 19993 204
998.999 100 19998 203
999.997 102 20000 203
1000 102 19999 203
