0.997219 399 19997 399
1.9998 395 19995 395
2.99997 391 19995 391
3.99798 388 19997 388
4.9993 383 19993 383
5.99884 378 19991 379
6.99529 377 19998 378
7.99938 373 19993 374
8.99932 367 19996 368
9.995 362 19997 363
10.996 357 19995 358
12 352 19997 353
12.9995 346 19998 348
13.9985 340 19994 343
14.9967 339 19996 342
15.9982 335 19995 339
16.9986 329 19998 334
17.9994 327 19996 331
18.9991 325 19996 329
19.998 323 19994 327
20.9988 320 19996 325
22 318 19993 325
22.9997 315 19993 322
23.9944 315 19994 324
24.998 310 19994 320
25.9991 307 19997 318
26.9994 303 19993 315
27.9982 301 19999 314
28.9992 295 19992 309
29.9996 295 19996 310
30.9976 291 19994 307
31.9981 288 19995 304
32.9969 284 19994 302
33.9954 281 19995 300
34.9991 280 19998 299
35.9995 276 19999 297
36.9996 276 19993 297
37.9864 272 19996 294
38.9996 272 19994 295
39.9992 271 19994 294
40.9984 270 19996 294
41.9972 268 19992 295
42.9999 267 19995 294
43.9936 264 19998 292
44.9994 261 19994 290
45.9996 258 19996 288
46.9996 256 19993 288
47.9985 254 19997 286
48.9972 253 19998 285
49.9988 251 19998 282
50.9961 250 19999 283
51.9976 247 19997 281
52.9977 245 19995 281
53.9999 244 19994 282
55 241 19998 280
55.998 238 19998 277
56.9996 237 19998 277
58 235 19996 275
58.9974 234 19998 273
59.9971 233 19994 269
61 231 19994 270
61.9988 230 19994 270
62.9985 227 19996 269
63.9984 227 19997 270
64.9995 222 19992 265
65.9988 222 19998 265
67 221 19993 264
67.9999 221 19994 264
68.9975 222 19997 266
69.996 221 20000 264
71 221 19999 262
71.9979 218 19998 259
72.9999 218 19996 261
73.9971 216 19993 261
74.9984 212 19991 259
75.9995 211 19994 259
76.9988 207 19998 255
77.9991 206 19997 254
78.9992 205 19996 254
79.999 204 19996 252
80.9997 201 19999 249
81.998 196 19995 245
82.9985 194 19998 244
83.9969 191 19994 242
84.9979 190 19996 242
85.9961 190 19997 241
86.9994 187 19997 240
88 188 19997 240
88.9999 187 19995 239
89.9998 185 19993 234
90.9989 182 19993 233
91.9995 182 19995 233
92.9988 183 19996 233
93.9975 180 19999 230
94.9995 179 19998 230
95.9987 174 19997 225
96.9966 174 19998 223
97.9965 173 19998 222
98.9971 173 19994 221
99.9988 173 19991 223
100.999 173 19994 223
101.999 174 19993 225
102.999 173 19992 225
103.999 171 19992 222
105 168 19997 219
105.996 168 19996 220
107 168 19993 220
107.997 166 19993 219
108.999 167 19995 219
109.995 163 19998 216
110.999 161 19997 216
111.999 159 19994 215
112.996 156 19997 214
113.999 157 19990 214
114.999 157 19997 215
115.999 156 19999 215
116.999 156 19998 217
118 154 19997 217
118.998 154 19996 218
119.999 150 19995 214
120.998 150 19996 216
121.999 150 19994 217
122.998 148 20000 215
123.998 148 19996 216
124.998 148 19992 216
125.999 145 19999 213
126.995 144 19995 214
128 144 19996 213
128.998 142 19996 211
129.999 142 19993 209
130.999 143 19993 208
131.998 142 19995 206
133 142 19996 206
134 138 19995 203
134.995 136 19997 201
135.999 136 19995 202
136.996 136 19996 203
138 134 19997 202
138.997 132 19999 200
140 130 19995 198
140.998 132 19995 199
141.999 132 19993 201
142.999 128 19995 197
143.998 126 19998 195
144.998 126 19995 194
145.999 126 19993 196
146.998 124 19996 193
147.999 123 19995 193
148.993 122 19997 192
149.998 121 19996 193
150.995 120 19998 192
151.999 120 19995 192
152.998 120 19997 193
154 118 19993 191
154.999 117 19995 192
156 119 19995 192
156.998 119 19995 192
158 119 19998 194
158.999 118 19996 193
160 118 19997 193
161 114 19999 191
161.995 112 19997 188
162.996 110 19994 189
163.998 109 19998 190
164.999 109 19995 190
165.999 109 19995 191
166.999 110 19995 190
168 110 19994 190
169 110 19991 192
169.997 109 19992 192
170.995 106 19998 190
171.998 107 19994 190
172.99 108 19997 191
173.999 108 19998 193
175 107 19994 192
176 107 19995 191
176.998 107 19993 191
177.997 108 19991 191
178.998 110 19996 190
179.999 110 19995 190
180.998 111 19998 191
181.998 111 19996 192
182.999 109 19992 192
184 106 19990 192
184.996 109 19996 190
185.998 108 19998 191
186.999 111 19994 191
187.999 110 19992 191
189 110 19996 191
189.996 109 19992 192
190.999 111 19998 194
191.997 111 19996 194
192.986 107 19998 190
193.997 108 19994 192
195 106 19994 192
195.997 105 19994 191
196.998 103 19996 190
197.999 104 19996 189
198.998 105 19993 190
199.999 107 19995 190
200.999 106 19996 189
201.998 106 19996 191
202.999 105 19996 191
203.993 103 19998 190
204.999 103 19992 191
206 104 19997 195
206.994 106 19996 195
208 105 19997 194
208.999 106 19996 195
209.998 107 19993 195
210.998 105 19996 195
211.997 107 19997 197
212.999 108 19994 198
213.998 109 19998 200
214.999 108 19998 199
216 108 19995 198
216.999 107 19995 199
218 108 19994 198
218.995 107 19997 197
220 106 19995 194
220.999 105 19995 193
221.999 105 19994 192
222.994 105 19998 193
223.998 103 19995 192
225 103 19996 191
225.997 103 19995 191
226.999 102 19997 190
227.999 101 19991 188
229 101 19992 192
229.998 101 19996 191
230.997 101 19996 194
231.999 100 19994 193
233 102 19993 192
233.999 102 19997 194
235 101 19994 193
235.993 101 19998 195
236.997 104 19996 195
237.996 104 19997 194
238.999 104 19993 194
239.998 105 19996 194
240.994 105 19998 195
241.999 108 19992 194
243 109 19993 195
244 109 19992 194
245 109 19996 195
246 110 19994 197
246.998 110 19998 196
248 111 19996 196
248.999 110 19998 195
249.997 110 19999 193
251 108 19997 190
252 110 19990 191
252.999 108 19993 194
253.995 108 19997 193
254.999 109 19993 193
255.999 111 19996 193
257 112 19995 191
257.997 113 19995 192
258.996 114 19995 193
259.998 113 20000 192
261 113 19995 191
261.996 112 19999 189
262.999 111 19993 187
263.999 110 19996 187
264.996 110 19996 189
265.999 107 19994 188
266.997 106 19996 187
267.994 107 19994 186
268.998 105 19994 184
269.997 106 19993 183
270.998 106 19996 182
271.998 108 19996 183
272.999 108 19997 181
273.998 108 19995 181
274.998 111 19997 181
275.999 112 19995 182
276.997 111 19996 181
277.998 110 19993 180
278.998 110 19994 178
280 108 19998 176
280.994 110 19996 175
281.996 108 19998 174
283 107 19995 173
284 109 19996 174
284.997 109 19993 172
286 106 19994 169
286.998 105 19995 171
288 106 19992 172
289 107 19997 173
289.998 107 19989 174
290.999 108 19996 173
292 107 19999 173
293 107 19997 171
294 107 19994 171
294.999 107 19995 170
295.999 108 19996 171
296.997 107 19994 170
298 106 19998 169
298.996 106 20000 169
300 104 19996 167
301 103 19996 167
301.997 102 19995 166
302.998 100 19996 166
303.998 101 19998 166
304.998 100 19997 166
305.995 98 19998 163
307 99 19996 162
308 94 19989 158
308.998 93 19998 157
309.999 93 19997 157
311 93 19997 156
312 95 19998 155
312.998 94 19998 154
313.998 95 19999 155
314.999 95 19997 155
315.998 94 19994 154
316.997 95 19997 156
317.999 96 19992 159
318.994 97 19998 160
320 99 19996 162
320.999 100 19992 163
321.999 98 19995 161
322.999 97 19994 160
323.999 94 19996 158
324.998 94 19996 159
325.997 94 19992 160
327 94 19995 160
327.999 93 19994 162
328.994 94 19998 163
329.997 95 19998 162
331 96 19994 163
332 94 19994 161
332.991 93 19998 162
333.996 91 19999 161
334.999 92 19997 161
336 94 19997 162
336.999 95 19994 163
338 94 19994 162
338.999 94 19996 162
340 94 19996 164
341 90 19998 160
341.999 89 19993 160
343 90 19997 159
343.995 89 19998 157
345 92 19996 160
345.999 92 19997 161
346.995 92 19996 161
347.998 93 19999 161
348.996 94 19996 160
350 93 19994 162
350.998 93 19996 161
352 94 19997 161
352.996 95 19995 161
353.999 95 19996 160
354.998 94 19996 159
355.999 94 19996 158
356.998 93 19993 159
357.993 94 19997 161
358.999 95 19993 162
359.998 94 19993 161
361 95 19995 164
361.999 96 19996 163
363 95 19993 165
363.992 96 19998 163
364.997 97 19994 165
365.999 97 19995 166
366.997 97 19993 166
367.995 95 19997 165
368.999 94 19998 167
370 95 19998 166
370.994 95 19998 168
371.995 94 19999 167
373 94 19997 167
373.998 94 19997 167
375 94 19996 169
375.995 94 19999 170
376.994 93 19999 168
377.999 93 19994 167
378.998 93 19994 169
379.997 92 19998 168
380.996 89 19995 165
381.996 89 19997 165
383 89 19996 165
384 90 19998 165
385 89 19996 165
386 89 19996 165
387 88 19996 165
387.996 87 19997 164
388.999 86 19992 165
390 85 19997 166
391 86 19995 168
392 85 19994 166
392.989 84 19999 166
394 83 19998 168
394.999 82 19996 167
396 82 19994 169
396.999 83 19998 169
397.999 83 19993 171
399 83 19997 173
399.996 84 19998 173
400.999 83 19997 172
401.999 84 19993 174
403 83 19992 174
403.999 84 19993 173
405 84 19991 173
406 85 19994 174
406.99 85 19997 174
407.998 85 19996 175
409 83 19995 174
409.998 83 19998 173
410.999 86 19996 173
412 87 19992 173
412.999 88 19993 175
414 89 19995 176
415 87 19996 175
415.999 87 19997 175
416.996 86 19996 174
418 86 19993 173
418.999 86 19997 172
419.999 86 19997 172
420.998 84 19997 171
422 84 19996 171
422.997 85 19997 171
423.997 85 19991 173
424.999 86 19994 172
426 83 19997 170
426.998 85 19992 170
428 84 19997 170
429 84 19998 172
430 84 19995 173
431 83 19998 172
431.999 81 19993 170
432.999 82 19999 171
433.998 82 19995 172
434.999 82 19997 170
435.999 81 19994 169
436.999 82 19998 170
438 82 19994 172
438.998 83 19998 172
440 83 19999 171
440.998 84 19996 172
441.999 84 19993 171
443 84 19996 170
443.996 84 19997 170
444.999 84 19997 170
445.999 84 19999 169
447 88 19996 170
448 89 19996 175
448.999 90 19996 176
450 92 19993 177
451 93 19995 180
451.999 92 19997 183
452.997 92 19995 183
454 93 19992 183
455 91 19994 182
455.999 91 19997 181
457 93 19995 181
457.998 93 19996 181
458.99 93 19998 182
460 91 19994 181
460.996 92 19997 182
462 94 19997 180
462.997 95 19995 180
463.999 93 19995 178
465 95 19997 179
465.997 96 19996 180
466.999 95 19993 177
468 93 19993 176
469 94 19995 175
469.998 93 19998 174
470.998 93 19998 175
471.999 95 19997 174
473 95 19997 176
473.998 95 19998 178
474.999 95 19994 181
476 96 19994 181
477 93 19993 178
477.998 93 19996 177
478.998 92 19997 176
480 91 19993 176
480.996 90 19997 176
482 90 19995 177
482.999 92 19994 177
484 92 19995 181
484.999 93 19996 182
485.996 94 19994 182
487 94 19996 182
488 94 19992 184
489 93 19997 183
490 92 19992 181
490.999 92 19995 182
491.999 91 19993 182
492.987 92 19999 181
493.999 91 19994 183
494.999 90 19996 182
496 90 19998 181
497 91 19994 180
498 92 19993 179
498.999 93 19992 179
499.999 92 19996 178
501 92 19995 180
501.998 92 19994 180
502.995 92 19994 179
503.999 93 19995 179
504.998 93 19992 181
505.996 93 19998 181
506.992 93 19998 184
507.999 94 19993 185
508.997 94 19994 185
509.996 96 19997 184
511 97 19997 184
511.998 96 19996 183
512.999 93 19996 181
513.999 91 19996 180
514.996 89 19995 177
515.998 88 19995 175
517 88 19996 177
517.999 88 19998 176
519 89 19997 175
519.999 88 19995 175
521 86 19997 174
521.994 87 19996 174
522.998 88 19993 175
523.998 89 19993 175
525 89 19998 173
525.995 88 19997 173
526.999 88 19995 174
528 88 19993 172
529 88 19993 176
529.996 89 19996 176
530.998 88 19999 176
531.999 87 19994 176
533 86 19995 176
533.999 88 19996 176
534.999 88 19996 175
535.999 86 19997 175
537 86 19992 175
538 83 19994 175
539 84 19996 177
539.999 84 19997 177
540.999 86 19991 179
542 84 19998 178
542.998 84 19995 181
543.999 86 19993 180
544.998 86 19995 180
546 86 19995 180
547 86 19993 182
547.999 86 19996 185
548.999 87 19996 185
549.999 87 19996 184
550.998 85 19992 182
551.999 86 19996 183
552.998 85 19994 183
553.997 85 19992 182
554.997 85 19997 182
555.997 84 19995 182
556.996 82 19997 183
557.995 83 19995 185
558.998 85 19995 186
559.996 85 19993 187
561 85 19996 187
561.999 85 19995 189
563 84 19992 190
563.994 82 19999 188
564.999 81 19994 188
566 80 19992 187
567 78 19994 186
568 77 19994 184
568.996 77 19996 184
570 77 19993 185
570.997 78 19995 187
572 78 19992 187
572.998 78 19994 187
574 77 19997 187
575 76 19994 185
576 76 19995 187
577 78 19998 188
578 80 19994 190
579 80 19994 190
579.999 81 19989 191
581 81 19993 190
581.999 78 19998 189
583 78 19996 189
583.999 79 19996 189
584.999 81 19996 189
585.99 81 19996 189
587 82 19995 188
587.999 83 19994 187
588.999 83 19994 186
589.999 82 19996 186
590.997 84 19993 189
591.999 83 19996 188
592.998 85 19996 191
593.999 86 19996 191
594.998 84 19997 190
596 84 19995 191
596.997 83 19998 195
598 80 19994 193
598.999 79 19994 193
599.994 79 19993 193
600.999 80 19997 193
601.998 81 19997 194
602.997 83 19993 195
603.999 83 19994 195
605 84 19997 196
606 84 19997 196
606.999 85 19998 196
607.987 86 19998 196
608.999 86 19994 195
609.999 86 19994 196
610.998 88 19996 197
612 88 19992 197
612.999 89 19999 198
613.999 89 19991 198
614.999 90 19996 198
615.999 93 19997 199
616.998 94 19995 201
617.998 96 19995 203
619 96 19994 204
619.999 96 19997 205
621 97 19995 208
621.989 97 19998 208
622.996 97 19998 210
624 96 19996 210
624.996 94 19998 208
625.998 93 19996 207
627 92 19994 207
627.994 96 19998 208
628.995 96 19996 208
629.997 97 19997 209
630.997 97 19998 211
632 98 19997 211
633 98 19997 213
633.997 94 19996 211
635 94 19997 211
636 94 19998 213
637 94 19996 213
637.998 93 19998 212
638.998 93 19994 214
640 94 19987 213
640.999 94 19994 212
642 92 19991 208
643 92 19994 209
644 91 19997 210
644.995 88 19996 207
646 86 19996 205
646.999 86 19997 205
647.998 84 19995 204
649 84 19994 204
650 84 19993 205
651 85 19995 205
651.997 85 19994 207
652.999 85 19996 206
654 87 19992 207
655 88 19996 209
656 90 19997 210
656.996 91 19992 210
657.999 95 19998 211
658.994 95 19999 210
659.999 97 19995 211
660.998 98 19995 211
661.995 99 19996 212
662.997 99 19998 211
663.999 98 19994 211
665 97 19997 210
665.999 96 19996 209
667 95 19995 210
667.999 93 19994 209
668.996 92 19996 208
669.999 91 19998 207
670.999 92 19993 209
671.998 92 19996 211
672.999 92 19994 212
673.996 94 19998 212
675 95 19994 213
675.996 95 19996 211
676.999 93 19997 208
677.999 91 19996 207
678.999 92 19994 209
679.999 92 19995 209
680.999 94 19997 209
681.998 93 19995 207
682.999 92 19996 203
684 94 19996 203
684.994 93 19996 201
685.999 95 19996 200
686.997 95 19998 199
688 98 19992 201
688.997 97 19995 200
689.998 96 19995 200
690.997 97 19996 201
691.998 98 19992 201
692.999 99 19990 201
693.999 100 19992 200
694.996 101 19995 199
696 101 19993 199
696.999 100 19995 197
697.997 102 19994 198
698.999 102 19995 197
700 102 19994 197
701 101 19995 197
701.999 101 19997 196
703 100 19995 195
703.997 100 19998 195
704.997 100 19997 197
705.999 99 19996 198
706.998 101 19994 201
707.994 102 19994 201
708.999 99 19992 201
710 98 19994 200
711 99 19997 201
712 99 19992 202
713 96 19997 199
713.997 95 19996 198
715 95 19991 199
715.997 95 19992 198
716.999 97 19997 197
717.998 98 19996 200
719 99 19998 199
720 98 19997 199
720.999 99 19996 199
721.998 99 19999 202
722.995 101 19995 202
723.998 101 19999 202
725 101 19993 202
725.999 99 19993 203
727 99 19994 203
728 99 19996 205
728.997 100 19994 204
730 100 19997 205
730.999 99 19993 206
731.998 98 19994 205
732.999 96 19995 202
733.996 96 19994 201
735 96 19993 202
735.999 99 19996 202
736.996 101 20000 204
738 103 19994 205
738.999 101 19999 202
739.995 103 19994 201
741 103 19992 204
742 105 19996 204
742.999 107 19993 205
743.998 107 19997 206
744.996 108 19994 207
745.993 109 19997 208
746.999 109 19995 207
747.998 111 19997 208
748.999 110 19995 208
749.999 110 19994 208
751 110 19992 209
751.999 109 19995 210
752.998 108 19995 208
753.998 108 19993 207
754.997 108 19995 208
755.999 108 19995 208
756.999 107 19997 208
757.995 107 19995 211
759 109 19996 210
759.998 111 19996 209
761 107 19994 205
761.999 105 19998 203
762.999 105 19995 203
763.998 103 19995 201
764.999 103 19996 203
766 102 19995 201
766.998 103 19996 201
767.997 104 19998 201
768.99 102 19997 200
769.998 105 19995 201
770.999 106 19994 201
771.999 103 19994 201
773 103 19997 202
774 103 19994 202
774.997 104 19996 201
776 106 19993 203
776.997 106 19996 202
778 106 19995 200
778.999 106 19995 198
780 110 19996 198
781 110 19998 197
781.998 108 19994 196
782.998 108 19996 197
783.993 109 19999 197
784.999 110 19997 199
785.992 111 19998 199
787 111 19993 201
787.999 112 19997 207
788.998 110 19998 207
789.995 110 19997 207
790.999 109 19998 206
792 108 19996 206
792.994 107 20000 205
793.999 107 19998 205
794.998 106 19995 205
795.999 106 19995 207
797 105 19999 205
797.997 104 19999 204
799 103 20000 202
799.998 103 19997 202
800.999 103 19996 203
801.999 102 19995 202
802.992 103 19995 203
804 101 19999 201
805 99 19994 200
805.998 99 19998 200
806.999 100 19995 200
808 102 19996 201
808.999 102 19995 201
810 103 19995 201
811 103 19995 202
811.999 104 19998 202
813 105 19994 203
814 106 19997 207
815 106 19993 209
815.999 105 19996 209
816.999 104 19994 208
817.997 104 19995 209
818.998 104 19994 209
819.995 105 19999 211
820.999 106 19995 210
821.999 106 19993 211
823 107 19997 211
824 105 19996 211
824.999 106 19995 213
825.998 104 19999 211
826.999 106 19996 212
827.994 107 19991 211
829 108 19997 212
829.999 108 19997 214
830.999 107 19993 212
831.998 107 19997 214
832.999 109 19996 215
834 111 19994 215
834.999 109 19994 212
835.997 110 19994 213
836.998 110 19995 211
837.996 111 19998 210
838.997 108 19996 207
839.998 109 19996 207
840.998 111 19998 209
842 112 19992 210
843 113 19994 209
843.996 115 19995 209
844.996 112 19995 209
845.998 110 19998 208
846.996 112 19999 207
847.999 113 19998 207
848.998 113 19996 206
849.999 113 19999 207
850.998 114 19997 208
851.999 113 19995 208
852.997 114 19997 208
854 112 19998 207
854.999 110 19995 207
856 108 19998 206
857 107 19996 208
857.992 107 19999 209
858.998 107 19997 206
859.999 106 19998 205
860.998 106 19997 206
861.994 106 19999 205
862.998 108 19997 205
864 107 19992 205
864.993 108 19996 206
865.995 109 19997 206
866.999 109 19998 205
867.998 108 19995 204
868.998 109 19997 205
869.998 107 19995 200
870.998 105 19999 198
871.999 106 19996 200
872.996 106 19995 199
873.997 107 19997 200
874.998 109 19994 201
876 110 19995 202
876.997 109 19998 203
877.996 108 19997 202
879 109 19996 204
879.989 109 19998 206
880.998 107 19998 204
881.997 108 19998 204
882.995 108 19995 205
883.999 108 19994 205
884.999 106 19998 201
885.997 105 19998 202
886.996 106 19996 203
887.985 107 20000 202
888.999 108 19992 205
889.999 108 19994 205
891 109 19994 206
892 109 19991 207
892.995 108 19997 207
893.994 109 19996 208
895 110 19995 206
896 113 19995 208
896.999 111 19996 204
897.998 111 19998 204
899 111 19998 204
899.999 113 19998 205
900.998 114 19996 206
902 113 19994 206
903 113 19997 206
904 117 19995 207
904.998 116 19997 206
905.999 115 19996 207
907 115 19996 208
907.998 114 19999 207
908.995 114 19994 208
909.999 112 19994 207
910.999 112 19995 208
911.999 110 19994 208
912.999 111 19992 208
913.999 111 19998 209
915 111 19991 210
915.999 110 19998 208
916.996 110 19993 206
918 110 19995 206
919 112 19994 207
920 111 19996 208
920.999 109 19998 206
921.998 109 19998 206
922.999 110 19996 208
923.999 108 19993 207
925 108 19995 207
925.999 109 19999 208
926.998 108 19995 209
927.999 106 19995 209
928.997 107 19997 209
929.999 106 19995 208
930.997 108 19997 209
931.998 106 19992 208
932.996 107 19997 212
933.998 106 19992 211
934.999 105 19997 211
935.997 106 19996 211
937 106 19996 212
937.999 106 19995 215
938.986 108 19999 214
939.997 111 19991 215
941 108 19997 217
941.999 108 19991 216
942.998 107 19998 217
943.999 106 19992 216
944.998 107 19998 216
945.998 106 19994 214
946.996 107 19997 215
947.997 107 19993 214
949 105 19994 213
949.998 104 19994 211
950.999 105 19997 212
951.999 102 19996 208
952.996 101 19997 209
953.999 102 19993 210
954.999 103 19994 210
955.995 103 19999 211
956.999 103 19995 209
958 104 19994 211
958.999 104 19995 209
960 104 19993 209
960.999 105 19998 209
961.996 105 19994 210
962.997 106 19996 212
963.996 107 19998 213
964.997 107 19998 213
965.999 109 19995 214
967 109 19995 214
967.998 109 19995 212
968.998 109 19997 211
969.998 112 19996 215
970.997 112 19997 215
971.997 110 19997 212
973 110 19997 212
973.999 112 19995 213
974.999 110 19995 210
976 111 19997 210
976.998 108 19995 207
977.999 109 19997 207
978.997 104 19999 202
980 106 19993 202
980.998 106 19998 204
981.999 106 19992 204
982.998 107 19997 205
984 107 19998 206
985 108 19994 205
986 108 19993 206
987 109 19990 207
987.996 109 19996 207
988.998 111 19998 209
989.998 110 19996 209
990.999 111 19998 211
991.999 110 19996 211
993 109 19994 212
993.996 110 19995 212
994.999 110 19994 213
995.999 108 19993 211
996.996 106 19996 209
997.998 105 19996 210
999 105 19998 211
1000 107 19989 211
1000 107 19988 211
