0.993638 396 19998 396
1.99777 393 19996 393
2.99791 392 19999 392
3.99794 383 19999 384
4.99951 378 19993 379
5.99907 377 19995 378
6.99962 372 19997 373
7.99757 365 19997 366
8.99988 360 19995 361
9.99999 356 19994 357
10.9989 354 19996 355
11.9998 353 19996 354
12.9955 347 19998 348
13.9999 342 19993 344
14.9975 339 19997 341
15.9992 335 19995 339
16.998 330 19995 334
17.9998 325 19996 329
18.9994 322 19995 326
19.9984 321 19996 325
20.9982 317 19996 323
21.9997 316 19994 325
22.9916 313 19998 323
23.9935 307 19998 317
24.9997 305 19997 316
25.9984 300 19998 311
26.9999 296 19999 308
27.9982 293 19994 306
28.9981 293 19996 306
29.9985 287 19997 302
30.9994 286 19995 301
31.9999 282 19995 298
32.9975 281 19997 297
33.9997 278 19994 294
34.9991 276 19999 293
35.9976 273 19998 293
36.9983 273 19995 292
37.9982 270 19997 290
38.9896 266 19996 287
39.9982 266 19998 287
40.9991 264 19995 285
41.9978 263 19998 286
42.9999 261 19993 284
43.9999 260 19996 286
44.9968 257 19999 287
45.9996 256 19995 285
46.998 251 19996 280
47.998 246 19994 278
48.9992 247 19997 279
49.9986 243 19992 275
50.9986 243 20000 276
51.9971 240 19994 276
53 238 19996 275
53.9996 237 19995 275
54.9994 233 19996 272
55.9989 230 19995 269
56.999 228 19998 268
57.999 227 19996 266
58.9991 226 19996 267
59.9968 226 19996 267
60.9984 223 19996 265
61.9995 223 19998 265
62.9966 222 20000 264
63.9932 222 19994 264
64.9983 218 19998 260
65.9898 216 19996 257
67 214 19998 254
67.9995 212 19998 251
68.9988 210 19999 249
69.9994 207 19995 248
70.9989 205 19997 247
71.9993 205 19995 247
73 201 19997 243
73.9997 199 19995 242
74.9966 198 19994 243
75.9991 194 19997 239
76.9986 192 19992 238
77.9965 190 19998 236
78.9988 190 19998 237
79.9997 189 19995 236
80.9964 188 19999 234
81.9998 187 19992 234
82.9988 188 19997 233
83.9935 184 19998 230
84.9988 182 19998 230
85.9998 181 19995 230
87 181 19994 231
87.9973 181 19996 234
88.9994 178 19993 231
89.9938 177 19990 230
90.9988 176 19997 229
91.9991 173 19997 228
92.9956 174 19997 228
93.9993 176 19994 229
94.9961 175 19996 227
95.9976 173 19999 225
96.9979 171 19997 223
97.9952 169 19992 221
98.9998 168 19997 222
99.9996 169 19990 224
100.999 170 19994 224
101.999 171 19994 224
102.999 170 19995 223
103.997 172 19997 224
104.999 171 19989 225
106 169 19996 224
106.997 166 19995 222
107.994 168 19998 223
108.996 167 19995 222
109.998 166 19997 222
110.999 166 19995 221
111.996 165 19997 219
113 164 19997 218
113.997 166 19997 218
115 165 19995 217
115.999 165 19994 218
116.996 161 19999 214
117.997 161 19996 214
118.994 163 19996 216
120 160 19992 213
120.999 159 19995 211
121.998 158 19994 212
123 157 19997 212
123.998 156 19996 212
124.998 155 19994 211
125.997 154 19996 211
127 154 19997 211
127.998 153 19998 211
128.999 153 19996 209
129.997 151 19992 209
130.997 148 19997 209
131.998 149 19996 209
132.999 149 19994 210
133.997 147 19996 210
134.999 147 19994 210
135.997 146 19998 209
136.995 146 19997 212
137.999 144 19993 209
139 146 19999 210
139.999 146 19995 211
140.999 144 19995 209
142 144 19995 209
142.999 141 19998 207
143.996 140 19993 206
144.999 140 19996 208
146 138 19997 206
147 137 19995 204
147.999 139 19995 203
149 137 19999 201
149.999 139 19998 201
150.992 135 19998 198
151.997 134 19995 197
152.999 136 19991 197
154 136 19996 197
154.995 136 19997 197
155.999 134 19991 196
156.998 132 19995 195
158 130 19993 193
159 129 19995 193
159.991 129 19996 195
160.999 127 19997 194
161.997 128 19995 195
162.999 128 19991 194
163.996 128 19994 194
164.998 128 19997 194
165.997 129 20000 194
167 129 19994 194
167.998 129 19998 194
169 129 19995 194
170 130 19991 195
170.997 129 19997 194
171.998 128 19995 193
172.998 131 19998 193
174 129 19994 193
174.998 127 19995 192
175.997 126 19994 190
176.992 124 19994 189
177.998 124 19995 188
178.996 121 19990 186
179.998 122 19996 185
180.997 119 19996 182
181.999 118 19994 183
182.999 119 19995 185
184 119 19993 183
185 119 19993 183
185.999 119 19999 182
186.998 117 19993 180
187.999 115 19993 179
188.996 113 19997 177
189.994 110 19996 174
190.999 113 19992 175
191.997 113 19994 177
193 112 19997 177
193.997 113 19997 176
194.998 112 19998 176
196 114 19998 176
196.994 114 19998 176
197.999 113 19999 175
199 112 19993 174
199.995 111 19995 174
200.999 113 19991 177
202 112 19991 175
202.998 112 19996 175
203.999 112 19996 175
205 108 19992 172
205.999 106 19991 172
206.999 105 19993 173
208 105 19991 174
209 104 19997 172
210 103 19996 172
211 103 19994 173
211.999 103 19998 174
212.999 104 19999 174
213.999 105 19995 174
214.998 105 19995 174
215.999 106 19994 175
216.998 106 19996 176
217.999 106 19990 177
218.998 106 19995 178
219.997 105 19997 178
221 106 19995 180
221.999 108 19993 181
222.999 109 19997 181
223.998 110 19995 183
225 111 19995 187
225.999 109 19995 186
226.997 106 19994 184
228 103 19996 183
228.998 105 19995 183
230 102 19995 181
231 100 19997 180
231.998 99 19997 179
232.999 100 19997 180
233.998 99 19998 179
235 99 19999 178
235.999 99 19993 180
237 101 19994 181
237.998 101 19998 182
238.998 100 19998 183
239.998 99 19996 183
240.999 101 19994 182
241.999 101 19995 181
242.999 100 19995 180
244 99 19991 182
244.999 99 19994 183
245.999 101 19996 183
247 101 19997 181
247.999 102 19999 181
248.997 102 19998 179
249.999 100 19996 177
250.999 98 19996 176
251.998 97 19991 175
252.995 97 19995 175
253.999 97 19997 173
255 95 19998 170
255.999 95 19997 170
256.999 95 19998 173
258 95 19994 173
258.998 95 19993 174
259.999 96 19995 176
261 96 19994 177
261.999 96 19993 177
262.998 95 19995 176
263.996 96 19995 176
265 96 19994 175
265.998 95 19997 174
266.995 96 19994 175
268 96 19999 176
269 98 19996 177
269.999 98 19993 177
270.997 98 19999 178
271.998 98 19996 178
272.992 97 19996 176
273.999 97 19996 177
274.999 98 19996 176
275.999 97 19998 176
276.998 96 19996 175
277.998 94 19996 173
278.999 95 19994 175
279.998 96 19996 175
281 94 19996 174
281.999 93 19998 172
282.998 95 19997 172
284 91 19991 170
285 88 19999 169
286 90 19997 172
286.997 89 19993 172
287.999 87 19995 170
288.999 88 19997 170
289.996 89 19996 170
290.998 89 19997 171
291.999 90 19994 172
292.999 91 19996 172
293.993 92 19996 175
294.994 92 19998 177
296 94 19994 178
296.998 95 19996 178
297.999 94 19998 177
298.998 96 19993 179
299.999 95 19992 178
300.997 97 19994 178
302 97 19996 181
302.998 96 19998 180
303.998 95 19993 180
304.998 94 19994 179
305.997 94 19995 178
306.999 94 19997 178
307.999 94 19997 176
308.999 95 19993 176
309.995 96 19997 177
311 94 19993 176
311.997 95 19995 176
312.998 92 19994 174
313.999 93 19996 175
314.999 92 19995 174
316 92 19995 174
317 94 19996 174
318 93 19998 175
318.995 91 19998 176
320 93 19994 177
320.998 94 19995 179
321.999 90 19994 176
322.999 91 19990 175
323.998 91 19993 174
325 91 19998 174
326 90 19994 173
327 89 19997 172
328 91 19991 173
328.999 93 19994 175
329.999 93 19994 176
330.999 93 19999 176
331.998 95 19995 177
332.996 95 19994 180
333.999 94 19995 180
334.999 92 19999 178
335.998 92 19993 176
337 90 19993 175
337.998 89 19996 176
338.999 89 19997 177
339.993 89 19997 177
340.999 88 19997 177
341.994 88 19996 178
343 89 19993 178
344 85 19998 174
344.999 85 19993 176
345.997 86 19997 176
346.999 86 19997 177
347.999 86 19997 177
348.999 84 19994 174
349.998 83 19991 173
351 84 19996 174
351.994 85 19993 176
352.994 85 19997 176
354 82 19997 172
354.997 82 19999 172
355.999 83 19998 174
356.999 84 19997 175
358 85 19995 174
358.997 84 19995 174
359.998 84 19996 174
361 86 19997 175
362 87 19997 174
363 88 19996 174
363.998 88 19996 174
364.999 86 19996 173
365.998 85 19995 173
366.998 83 19992 172
367.998 84 19995 171
369 85 19998 172
369.992 85 19997 174
371 84 19998 171
371.999 83 19998 173
372.999 83 19993 174
374 84 19997 174
374.999 84 19991 175
375.997 85 19998 175
376.995 86 19994 175
377.997 86 20000 175
379 85 19997 174
380 85 19999 175
381 86 19994 177
381.995 85 19995 177
382.999 88 19997 176
384 88 19992 178
384.995 84 19995 175
385.997 85 19997 177
386.995 84 19999 176
387.996 81 19994 174
388.999 81 19996 174
389.997 81 19993 174
391 79 19993 173
391.999 80 19998 175
392.999 80 19998 176
393.999 81 19993 179
394.999 79 19997 177
395.999 80 19996 177
396.99 80 20000 176
398 81 19994 176
398.998 80 19996 175
399.997 80 19998 176
400.998 81 19996 177
401.999 81 19996 179
402.999 81 19996 183
404 80 19994 182
404.997 78 19996 180
405.999 79 19995 180
406.998 80 19999 181
408 80 19996 181
408.999 82 19999 182
409.998 83 19992 183
410.998 81 19996 182
412 81 19998 183
412.991 82 19995 186
414 82 19992 187
414.998 84 19997 185
416 83 19999 185
416.999 83 19994 187
417.994 82 19999 186
419 82 19994 185
419.999 81 19997 186
420.995 82 19998 186
421.997 82 19995 187
422.999 83 19997 186
424 84 19994 185
424.999 83 19996 184
426 81 19997 182
426.998 79 19997 179
427.997 80 19997 179
428.995 83 19997 181
429.993 83 19998 180
430.999 82 19997 180
431.995 81 19997 179
432.999 80 19997 180
434 80 19993 179
435 79 19994 179
435.997 78 19992 179
436.988 78 19997 181
438 78 19997 179
438.999 75 19998 178
440 75 19996 179
441 77 19995 179
442 78 19994 181
442.997 80 19993 181
443.999 81 19991 182
444.999 80 19998 183
446 79 19991 182
447 80 19992 184
448 80 19996 184
448.989 80 19999 183
450 79 19998 183
450.999 81 19996 185
451.999 80 19998 184
452.999 83 19994 184
454 85 19993 185
454.998 86 19995 186
455.999 85 19997 186
456.998 83 19996 185
458 83 19997 184
459 84 19992 183
459.998 85 19996 183
461 86 19997 184
461.998 89 19995 184
462.999 89 19994 182
463.996 91 19997 183
464.991 92 19998 184
465.998 91 20000 184
466.998 93 19998 184
467.999 94 19994 182
468.997 95 19995 182
469.999 95 19996 182
470.999 95 19995 183
471.998 95 19995 183
473 95 19996 182
474 94 19992 181
474.998 95 19998 181
475.999 95 19994 182
476.994 94 19995 181
477.998 94 19998 181
479 93 19995 181
480 92 19994 181
480.999 92 19994 180
481.999 92 19997 179
483 90 19994 179
483.997 92 19997 179
485 92 19995 180
485.999 92 19999 180
486.997 92 19995 180
488 89 19996 182
489 87 19998 181
489.998 87 19997 183
490.998 86 19995 182
491.999 84 19996 180
493 85 19994 181
493.998 84 19992 181
494.998 84 19996 182
495.999 83 19995 183
496.998 83 19995 185
497.992 82 19995 185
498.999 85 19997 187
500 84 19997 187
500.999 86 19995 187
501.997 84 19993 184
502.999 84 19995 186
503.998 84 19999 185
504.996 86 19996 186
505.999 86 20000 186
506.997 86 19997 187
507.995 85 19995 188
508.997 86 19996 188
509.998 86 19997 188
510.999 85 19992 188
512 86 19999 188
512.999 85 19994 187
513.999 85 19995 188
514.999 86 19998 190
515.999 86 19998 190
516.999 87 19998 190
517.999 89 19997 190
518.999 87 19995 189
520 87 19991 189
520.998 86 19996 188
521.998 86 19998 189
522.999 87 19998 189
523.999 87 19997 190
524.999 89 19998 191
525.995 88 19992 191
526.999 87 19995 189
528 86 19992 189
528.997 87 19998 189
529.997 86 19997 188
531 86 19997 189
531.999 88 19997 192
532.993 88 19997 191
534 87 19996 191
534.999 88 19994 191
535.996 88 19998 192
537 90 19992 193
537.998 89 19998 192
539 89 19996 192
539.994 89 19997 191
540.994 90 19997 193
541.999 90 19996 193
542.998 89 19998 192
544 88 19994 192
544.999 88 19996 194
545.999 91 19996 195
546.997 91 19996 195
547.997 91 19995 195
548.999 91 19993 195
549.999 91 19997 195
550.999 90 19996 196
551.997 87 19997 194
553 86 19993 193
554 87 19994 193
554.998 85 20000 190
555.997 86 19996 192
556.998 89 20000 192
558 90 19993 192
558.999 91 19992 194
559.997 91 19995 195
560.999 89 19998 195
561.999 88 19996 195
563 89 19990 194
563.999 85 19997 191
564.999 83 19994 188
565.999 85 19994 190
566.994 84 19996 189
568 84 19998 188
568.998 82 19995 187
569.999 83 19994 190
570.999 82 19998 189
571.995 84 19995 189
572.996 84 19998 189
573.994 84 19997 189
575 83 20000 187
575.999 84 19991 187
576.998 83 19996 187
578 82 19994 188
578.995 81 19997 186
579.996 81 19996 189
581 82 19993 190
581.999 82 19997 190
582.996 83 19995 192
583.999 84 19997 192
584.999 85 19995 193
585.995 87 20000 193
586.999 89 19995 195
587.999 88 19996 194
589 89 19999 195
589.999 89 19995 198
591 90 19995 198
592 89 19994 197
593 90 19992 198
593.998 90 19995 200
594.999 91 19998 201
595.998 92 19995 202
596.996 90 19998 199
598 90 19994 199
598.999 90 19996 199
599.998 89 19997 199
601 89 19996 199
602 89 19993 199
603 89 19997 198
603.999 90 19994 198
604.994 89 19998 198
605.999 88 19995 198
606.999 89 19995 199
607.999 88 19997 201
609 88 19996 202
609.999 89 19999 202
610.997 90 19998 202
611.999 91 19997 203
613 94 19997 203
614 96 19996 203
615 97 19998 203
615.995 97 19997 203
616.998 97 19988 205
617.997 97 19999 205
618.994 96 19999 201
619.996 96 19994 201
620.997 94 19996 200
622 94 19995 201
623 95 19995 203
623.998 95 19996 203
625 95 19995 204
625.999 94 19996 204
626.997 96 19997 206
627.998 96 19992 207
628.996 95 19994 208
629.999 94 19996 208
630.998 94 19994 207
631.998 93 19999 206
632.995 93 19997 206
634 93 19997 206
634.998 94 19993 207
635.995 96 19993 207
636.999 95 19994 205
637.999 96 19995 206
638.998 96 19996 206
639.998 98 19993 206
641 99 19998 208
641.999 99 19992 208
643 99 19996 209
643.999 99 19994 213
644.998 102 19997 212
645.999 103 19996 211
646.999 106 19996 211
648 108 19998 211
648.998 108 19996 210
649.985 108 19996 210
650.999 109 19997 212
651.995 109 19996 211
652.998 109 20000 211
653.999 108 19995 212
654.997 107 19997 210
655.997 106 19996 210
656.999 107 19996 210
657.999 107 19996 209
659 108 19994 210
659.999 105 19999 207
660.997 103 19995 206
662 102 19997 205
662.999 102 19995 206
663.993 102 19997 206
664.999 101 19990 204
665.999 102 19996 204
666.999 101 19998 203
667.999 101 19998 204
668.997 99 19994 203
669.998 100 19995 203
670.998 100 19997 204
671.999 98 19994 202
672.996 99 19997 202
673.999 99 19993 201
674.995 101 19993 203
676 100 19994 203
676.992 99 19995 201
677.998 96 19996 203
678.999 96 19992 201
679.996 97 19996 201
680.998 97 19994 201
682 97 19995 201
683 96 19994 200
683.996 96 19997 199
684.998 98 19995 199
685.999 97 19991 198
686.998 96 19994 196
688 94 19993 194
688.999 95 19996 196
689.998 95 19995 197
691 94 19995 196
692 93 19997 195
692.999 94 19998 196
694 95 19995 199
694.999 94 19997 198
695.998 94 19995 199
696.999 93 19997 200
697.999 94 19999 201
698.998 95 19997 201
699.999 94 19998 200
700.995 94 19997 201
701.999 95 19998 200
702.999 93 19997 199
703.995 96 19999 201
704.999 95 19991 200
705.997 95 19996 202
707 96 20000 204
707.999 96 19997 203
708.997 97 19997 206
710 96 19996 205
710.998 94 19997 202
712 96 19988 204
713 98 19995 204
714 99 19990 206
714.998 98 19997 204
716 99 19998 203
716.994 98 19996 204
717.996 98 19993 205
718.998 100 19997 206
719.997 104 19996 206
721 106 19996 206
721.997 104 19991 206
722.999 103 19997 205
723.998 101 19997 204
725 98 19996 200
726 99 19992 200
726.999 99 19993 201
727.999 98 19992 200
728.998 101 19996 201
729.989 101 19998 204
730.999 102 19995 205
731.998 102 19996 206
733 102 19996 208
733.997 102 19996 207
734.999 102 19995 205
735.999 104 19994 205
736.994 104 19996 207
737.999 106 19997 207
738.999 105 19994 208
740 103 19993 206
741 104 19990 207
742 102 19994 204
742.994 102 19996 202
743.998 102 19996 205
744.999 101 19992 204
745.998 102 19994 204
746.999 100 19998 203
748 101 19994 206
748.987 101 19997 208
749.999 99 19995 205
750.999 96 19991 203
752 94 19995 202
752.996 95 19997 202
754 96 19993 203
755 97 19991 204
755.999 98 19994 204
756.996 101 19998 204
757.995 102 19999 203
759 103 19999 205
759.999 102 19994 205
760.999 102 19992 206
761.998 102 19994 207
762.994 105 19996 210
764 104 19993 210
764.998 104 19998 213
766 105 19997 213
766.997 106 19993 213
767.999 106 19995 214
769 104 19994 212
769.999 103 19995 210
770.999 106 19991 210
771.999 103 19998 207
772.998 103 19995 207
773.998 104 19995 209
774.999 103 19998 210
776 103 19996 208
776.999 102 19998 208
777.999 101 19996 210
779 102 19994 210
780 104 19997 209
780.998 104 19995 207
781.999 104 19998 206
782.999 102 19997 204
784 103 19997 204
784.999 103 19999 205
785.999 104 19995 205
786.999 104 19993 205
788 106 19993 205
788.996 107 19998 205
789.991 110 19997 210
790.995 109 19996 209
791.997 109 19991 209
792.997 109 19996 209
793.999 108 19993 209
795 110 19995 209
795.999 110 19990 210
796.999 112 19994 210
797.999 111 19997 210
799 111 19996 210
800 112 19995 210
800.997 109 20000 209
801.998 109 19997 209
803 108 19998 211
803.999 107 19996 211
804.998 108 19996 211
805.998 109 19998 211
806.997 109 19998 211
807.999 110 19998 213
808.996 107 19997 210
810 104 19996 208
810.999 105 19996 208
812 104 19997 210
812.997 106 19995 211
813.996 106 19991 212
815 107 19996 212
815.999 107 19996 212
816.999 108 19995 213
817.996 107 19996 213
819 106 19995 212
819.999 105 19996 213
820.996 103 19993 210
821.997 101 19995 209
822.995 101 19996 211
823.993 101 19997 211
824.997 101 19994 211
825.997 102 19994 213
826.998 101 19997 210
828 101 19993 211
828.996 98 19998 208
829.998 99 19992 208
830.999 101 19996 211
832 101 19996 214
833 99 19995 213
833.999 98 19997 215
835 97 19998 214
835.997 96 19999 213
836.998 95 19996 211
837.993 94 19992 213
838.999 95 19993 212
839.999 96 19996 214
840.999 98 19997 217
841.997 99 19997 222
843 96 19994 218
843.999 95 19994 221
844.999 94 19997 219
846 96 19995 218
846.997 99 19994 219
848 99 19995 220
848.998 99 19998 221
849.996 98 19994 219
850.985 98 19999 218
852 99 19992 219
852.999 98 19993 218
853.996 99 19996 217
854.993 98 19996 217
856 97 19998 216
856.998 96 19994 217
857.998 96 19997 217
858.998 97 19992 216
859.999 97 19994 216
861 96 19996 217
861.999 96 19996 217
862.996 96 19994 216
863.996 98 19999 216
864.996 98 19994 216
865.998 99 19996 219
866.999 99 19994 219
867.998 99 19998 220
868.998 100 19998 219
870 100 19998 221
870.992 102 19993 222
872 103 19993 221
873 101 19998 219
873.999 100 19999 218
875 99 19993 217
875.999 99 19995 216
876.999 100 19997 221
877.999 102 19997 219
878.996 100 19998 218
879.998 101 19993 218
880.996 102 19998 219
881.999 101 19998 220
882.997 100 19995 221
883.999 101 19997 220
885 104 19995 220
885.998 106 19991 221
886.998 104 19993 219
887.998 105 19995 223
889 105 20000 223
889.999 105 19998 223
890.997 106 19994 225
891.999 106 19996 226
893 106 19995 225
894 105 19993 224
895 108 19996 224
895.999 109 19996 224
896.997 108 19996 224
897.997 110 19996 223
898.995 106 19988 220
899.999 107 19996 220
900.996 109 19999 221
901.997 106 19994 220
902.997 109 19996 221
903.994 109 19996 223
904.999 110 19997 222
906 108 19996 221
907 105 19997 219
908 104 19996 217
908.996 104 19997 216
909.993 102 19994 215
910.997 102 19994 215
912 104 19993 216
912.998 104 19998 216
914 102 19993 217
914.999 101 19994 214
915.999 102 19996 215
916.998 100 19997 214
918 101 19997 213
918.996 101 19996 213
920 105 19997 215
920.998 102 19995 213
921.998 103 19995 214
922.999 103 19995 212
923.999 102 19995 211
924.999 104 19996 212
925.998 104 19998 212
926.999 103 19995 211
927.998 104 19997 212
928.999 103 19995 212
930 103 19994 210
930.988 104 19997 209
931.993 103 19995 210
932.997 101 19997 209
933.984 99 19999 207
934.998 97 19996 206
935.997 95 19998 204
936.999 96 19991 204
937.999 95 19991 203
939 96 19999 204
939.998 97 19994 207
940.999 97 19994 207
942 98 19994 208
942.998 99 19998 210
944 100 19996 210
944.998 98 19993 208
946 96 19998 207
946.998 96 19997 206
947.999 98 19993 206
948.997 98 19996 205
949.996 102 19995 208
950.999 102 19995 210
951.997 104 19997 210
953 104 19994 213
954 105 19997 212
954.998 105 19997 211
955.999 106 19994 211
957 107 19995 212
957.997 107 19996 209
958.998 108 19996 209
960 107 19997 209
960.997 107 19996 210
961.997 108 19996 209
962.998 110 19999 209
963.996 110 19995 209
964.997 109 20000 207
965.998 109 19997 206
966.996 109 19995 205
967.999 110 19995 206
968.999 110 19998 208
969.995 108 19997 207
971 105 19997 206
972 106 19995 206
972.999 109 19996 206
973.999 108 19997 207
974.975 109 19997 206
975.998 111 20000 205
976.998 111 19998 207
977.997 111 19996 208
979 108 19997 205
979.999 109 19990 205
980.998 110 19996 205
981.99 111 19998 205
983 112 19995 206
983.999 110 19995 204
984.993 109 19998 203
985.999 111 19999 203
986.991 111 19998 203
987.999 112 19996 203
988.994 112 19991 203
989.997 112 19998 204
990.999 112 19995 204
992 111 19997 203
992.999 110 19988 202
993.999 111 19993 203
994.998 112 19999 204
996 112 19998 205
996.998 111 19997 204
998 111 19995 205
998.997 110 19997 204
999.999 110 19996 204
1000 110 19995 204
