0.994512 392 19996 392
1.99672 389 19996 389
2.99825 387 19997 387
3.99916 381 19996 381
4.9958 380 19992 380
5.99978 379 19995 379
6.9998 375 19998 376
7.99736 370 19996 372
8.99937 368 19991 370
9.99829 364 19997 366
10.9992 362 19999 364
11.9969 358 19996 360
12.9991 357 19997 360
13.9984 351 19992 354
14.9998 349 19993 352
15.9975 346 19996 350
16.9993 342 19996 347
17.9988 338 19996 343
18.9928 332 19996 338
19.9963 330 19996 336
20.9984 325 19997 333
21.9989 315 19992 324
22.9984 313 19996 322
23.9998 313 19997 323
24.9986 311 19991 321
25.9998 309 19994 319
26.9996 305 19997 317
27.9988 303 19996 317
28.9997 298 19996 314
29.9995 294 19991 311
30.9932 292 19994 310
31.999 287 19994 305
32.9988 285 19997 302
33.9993 281 19995 298
34.9968 277 19993 294
35.9995 276 19997 293
36.9994 276 19996 294
37.9965 276 19997 296
38.9998 273 19995 294
39.9997 265 19998 289
40.9979 264 19995 288
41.9957 262 19997 288
42.9977 259 19998 286
43.9986 256 19996 285
44.9978 251 19992 280
45.9992 245 19997 277
46.9998 242 19995 276
47.9989 242 19993 277
48.9962 242 19994 277
49.996 241 19995 277
50.9998 237 19996 275
51.9985 230 19997 267
52.9992 228 19998 265
53.9998 226 19994 263
54.9999 221 19996 258
55.9993 219 19986 256
56.9988 220 19993 257
57.9981 217 19995 255
58.9999 215 19995 255
59.9965 216 19994 254
60.9973 213 19998 252
61.9992 212 19994 253
62.9996 213 19995 254
63.9992 213 19992 254
64.9964 213 19994 253
65.9999 212 19993 253
66.9943 209 19998 251
67.9997 207 19997 250
68.9989 205 19994 248
69.9992 201 19992 246
70.9997 202 19997 249
71.9983 200 19997 247
72.9982 199 19994 248
73.9989 198 19994 247
74.9994 194 19996 243
75.9973 194 19999 242
76.9976 193 19995 242
77.998 194 19995 242
78.9975 195 19998 241
79.9948 193 19998 239
80.9976 193 19992 240
81.9996 189 19997 236
82.9951 189 19994 236
83.9982 187 19997 236
84.9998 184 19996 235
85.9985 182 19994 232
86.9992 182 19991 231
87.9984 181 19998 231
88.998 179 19994 229
89.999 177 19998 226
90.9987 178 19994 227
91.9999 178 19991 226
92.9984 177 19998 225
93.999 175 19997 223
94.9988 170 19995 220
96 169 19995 220
96.9959 166 19996 218
97.9955 162 19997 214
98.998 161 19993 212
99.9982 161 19997 211
100.998 161 19998 210
101.999 159 19995 209
103 156 19994 206
103.999 157 19996 206
104.999 154 19999 203
106 152 19997 203
107 149 19993 200
108 148 19997 199
108.996 146 19996 197
109.996 146 19996 198
110.997 145 19995 198
111.991 145 19998 199
113 144 19991 201
113.999 145 19996 203
114.997 143 19997 203
115.989 146 19998 206
116.999 146 19996 207
117.999 144 19993 206
119 144 19995 204
119.999 140 19994 201
120.998 138 19997 200
122 137 19995 197
122.998 137 19996 197
124 136 19998 195
124.996 134 19996 192
125.996 134 19998 194
126.998 136 19994 196
127.998 135 19997 195
128.996 134 19995 195
129.998 131 19990 192
130.999 131 19992 188
131.999 130 19998 189
132.999 128 19995 187
133.999 127 19995 189
135 126 19998 189
135.999 125 19999 189
136.993 124 19995 188
138 124 19996 189
138.999 121 19994 188
140 121 19995 188
140.999 120 19995 186
142 122 19996 187
142.999 123 19992 188
143.999 123 19996 188
145 120 19994 185
146 120 19996 184
147 118 19999 186
148 118 19997 187
148.997 115 19995 184
149.994 115 19999 184
150.995 113 19998 182
151.998 110 19996 179
152.994 108 19995 179
153.992 107 19996 178
155 106 19995 177
156 104 19994 176
157 106 19996 176
157.998 107 19996 177
158.999 108 19993 178
159.999 109 19997 178
160.999 110 19993 180
161.999 111 19995 181
163 110 19994 182
163.998 109 19997 183
164.999 109 19994 186
165.999 108 19993 184
167 108 19995 183
168 108 19994 184
169 108 19997 185
169.999 109 19996 186
170.997 109 19996 186
171.999 108 19998 186
172.998 106 19992 185
173.999 105 19995 184
174.998 103 19994 182
175.998 103 19994 184
176.999 98 19995 179
177.997 97 19993 179
179 98 19998 182
179.997 98 19996 184
180.998 98 19999 184
181.999 98 20000 183
183 97 19994 183
184 98 19995 184
184.996 99 19994 183
185.998 100 19998 183
187 98 19997 183
187.998 97 19998 182
189 96 19995 183
189.999 96 19996 182
190.998 95 19997 181
192 97 19995 181
193 95 19994 180
193.999 95 19995 183
195 96 19996 185
195.999 97 19997 187
197 95 19994 187
197.999 97 19994 188
198.998 97 19997 187
199.997 95 19995 185
200.998 94 19996 183
201.999 93 19995 183
202.999 91 19994 184
203.999 91 19993 183
205 94 19997 186
206 96 19995 185
206.997 94 19999 183
207.999 92 19996 181
208.994 91 19992 180
209.994 92 19997 181
210.999 92 19995 181
211.999 92 19997 182
212.998 91 19996 181
213.992 92 19994 181
214.998 89 19994 178
215.997 89 19996 178
217 90 19996 180
217.999 91 19999 181
218.993 91 19997 182
219.999 92 19995 184
220.997 93 19997 184
222 90 19997 183
222.995 89 19996 183
223.999 92 19996 183
224.992 92 19996 183
225.999 93 19998 183
226.998 94 19991 184
227.999 93 19996 183
229 93 19995 185
230 96 19993 186
230.999 96 19995 186
231.998 95 19995 185
232.999 93 19996 182
233.999 94 19993 181
235 95 19995 180
236 95 19994 182
237 95 19996 183
237.998 95 19995 182
238.995 94 19997 181
239.992 93 19996 181
240.998 93 19996 183
241.999 92 19994 185
242.999 91 19995 183
243.999 89 19997 183
244.997 90 19994 186
245.998 91 19998 188
247 91 19996 186
247.999 91 19996 186
248.999 91 19996 187
249.997 91 19996 187
251 90 19995 185
251.999 89 19996 185
253 88 19995 184
253.998 88 19993 183
254.996 90 19997 186
255.999 91 19993 185
256.999 91 19998 183
257.999 92 19997 183
258.999 92 19996 183
259.988 92 19997 183
260.997 94 19996 183
261.999 94 19994 182
262.997 95 19994 180
263.997 97 19996 181
264.997 93 19996 178
266 94 19991 177
267 93 19998 176
267.998 92 19994 176
268.999 93 19997 176
269.999 93 19991 176
271 93 19995 175
271.996 92 19994 174
272.999 92 19998 174
273.996 90 19994 172
274.997 87 19995 169
275.999 87 19997 171
276.996 84 19996 168
277.998 84 19996 169
278.999 85 19993 170
279.999 86 19997 171
280.999 83 19999 169
281.998 85 19989 170
282.997 87 19996 173
284 85 19996 170
284.997 84 19995 169
286 82 19993 166
286.999 84 19995 169
287.998 85 19992 170
288.999 84 19998 170
289.999 83 19994 171
290.998 83 19994 171
292 83 19998 170
292.998 84 19996 171
294 85 19998 171
294.999 87 19993 169
295.999 87 19999 168
296.999 90 19994 168
297.997 93 19994 170
298.998 93 19996 170
299.999 92 19998 170
301 92 19996 172
301.997 93 19993 174
302.998 94 19994 175
303.991 95 19998 174
304.999 95 19994 172
305.999 93 19995 170
306.994 94 19997 170
308 95 19995 170
308.998 95 20000 170
309.996 94 19993 172
311 95 19995 176
312 95 19995 176
312.997 92 19997 174
314 91 19991 172
314.999 93 19997 173
315.997 94 19995 174
316.99 93 19994 175
317.999 94 19992 176
318.996 94 19998 176
320 93 19994 177
321 94 19997 176
321.999 94 19994 176
322.999 96 19991 175
323.999 95 19991 175
325 95 19995 174
325.997 97 19995 173
326.998 96 19995 174
327.998 98 19996 172
328.999 96 19996 172
329.983 95 19998 173
331 95 19993 172
331.997 95 19997 172
332.999 94 19989 171
333.999 94 19994 173
334.999 94 19997 173
336 94 19994 171
336.996 94 19998 171
337.999 94 19996 171
338.998 92 19995 169
339.995 90 19996 171
340.999 91 19999 172
341.996 90 19997 171
342.994 91 20000 171
343.992 91 19999 172
344.998 91 19997 175
345.999 90 19995 174
347 90 19998 175
347.999 91 19995 176
348.998 90 19997 177
349.999 90 19992 178
350.999 90 19998 178
352 89 19995 179
353 93 19996 181
353.997 92 19997 181
354.999 90 20000 179
355.999 90 19996 180
356.999 91 19998 182
357.997 92 19996 182
358.998 91 19991 183
359.999 92 19995 183
360.999 93 19997 181
361.998 93 19993 181
362.994 93 19999 182
364 93 19996 183
364.999 93 19995 186
366 93 19996 186
366.998 94 19994 186
368 95 19995 188
368.999 95 19993 188
369.998 94 19997 186
370.998 93 19996 186
372 93 19994 187
373 93 19993 187
373.998 92 19995 185
375 93 19999 185
376 93 19994 185
376.996 93 19995 185
377.997 93 19996 184
378.992 93 19995 185
379.999 93 19996 187
380.997 94 19996 188
381.99 95 19997 188
382.997 96 19998 189
383.999 98 19996 190
384.999 97 19997 190
385.998 97 19993 191
386.999 96 19997 190
388 96 19997 190
389 95 19995 191
389.998 93 19997 188
390.998 93 19994 188
392 92 19995 186
392.996 92 19998 188
393.992 92 19995 190
394.999 92 19998 193
395.999 92 19996 193
397 91 19995 196
397.998 91 19996 196
398.999 89 19995 193
400 92 19997 193
401 94 19993 193
402 93 19997 192
402.999 95 19997 190
403.998 94 19992 190
404.996 95 19997 191
405.999 94 19994 190
406.998 95 19997 190
407.999 95 19994 190
408.999 94 19993 189
410 94 19996 188
410.999 94 19994 187
412 93 19996 187
412.997 92 19997 187
413.999 93 19993 188
415 93 19994 190
415.999 89 19998 186
416.999 91 19995 186
417.999 89 19994 185
418.995 88 19997 186
419.998 82 19996 180
420.997 83 19998 181
421.999 85 19995 181
422.999 85 19997 182
424 85 19991 181
424.994 82 19997 180
425.999 83 19995 181
426.999 82 19998 181
427.998 84 19996 183
428.998 83 19997 185
429.999 83 19994 186
430.999 83 19995 186
432 82 19993 185
432.997 81 19997 186
433.997 85 19993 187
434.999 85 19995 187
435.998 83 19999 187
436.996 82 19997 189
437.999 85 19992 188
438.999 86 19997 189
439.996 86 19991 189
441 86 19997 188
442 87 19992 190
442.999 87 19996 191
444 88 19994 191
445 91 19996 193
445.998 90 19995 192
447 92 19997 193
447.999 93 19995 193
448.999 93 19995 196
449.998 93 19999 197
451 93 19994 197
451.999 93 19998 199
452.997 94 19994 197
454 94 19994 197
454.999 92 19999 194
455.997 89 19997 192
456.999 88 19997 190
458 87 19997 191
458.999 87 19994 188
459.999 88 19993 189
460.999 87 19989 190
461.997 86 19993 189
462.999 84 19992 187
463.998 83 19997 186
464.999 82 19991 186
466 80 19994 184
466.999 79 19993 185
467.998 80 19992 185
468.995 80 19995 185
470 79 19992 184
471 80 19994 185
472 80 19988 188
472.997 82 19994 191
473.998 83 19997 190
474.995 82 19995 191
475.997 81 19996 190
477 79 19999 189
477.998 80 19996 191
479 79 19992 190
480 80 19997 191
480.998 78 19996 191
481.999 78 19999 191
482.999 79 19997 194
484 77 19993 192
484.996 74 19996 189
485.998 73 19998 189
487 73 19993 187
487.993 76 19996 189
488.997 75 19997 189
489.999 75 19997 189
490.998 75 19994 188
492 76 19994 190
493 77 19998 191
493.997 77 19997 190
495 79 19993 190
496 79 19995 190
496.998 79 19994 190
497.998 79 19996 191
498.999 80 19996 190
499.998 78 19995 189
500.999 78 19997 191
502 77 19994 190
502.997 77 19994 189
503.998 78 19997 194
504.997 80 19997 193
506 82 19997 192
506.996 82 19996 191
507.998 83 19996 190
509 85 19998 193
509.998 87 19994 194
510.997 87 19993 193
511.999 88 19993 194
512.998 90 19995 191
513.998 92 19991 195
515 91 19997 194
515.999 91 19995 194
516.997 91 19995 195
517.997 93 19994 196
519 94 19995 195
519.993 96 19994 195
520.999 97 19998 196
522 99 19995 197
522.998 99 20000 198
523.999 100 19994 197
524.995 99 19995 196
525.999 99 19997 195
526.999 98 19995 198
527.998 97 19997 199
528.999 97 19992 199
529.997 98 19996 199
530.992 101 20000 199
532 101 19997 201
532.999 98 19998 198
534 96 19996 198
535 96 19993 198
535.999 95 19990 196
537 91 19993 192
537.999 91 19997 191
538.996 93 19994 193
540 93 19991 194
540.999 93 19997 192
542 97 19996 193
542.999 97 19994 194
543.998 97 19996 196
544.995 97 19997 197
545.999 97 19990 196
546.997 95 19997 196
547.999 98 19994 197
549 98 19996 196
550 102 19995 199
550.999 103 19992 199
551.998 103 19992 202
552.995 100 19996 200
554 98 19995 200
555 98 19994 199
556 95 19995 197
556.996 95 19998 196
557.999 96 19998 197
558.998 96 19998 195
559.997 96 19992 198
560.994 97 19998 199
561.996 95 19996 199
563 98 19992 200
564 95 19997 196
565 98 19994 197
565.999 97 19994 197
566.998 96 19994 197
567.999 98 19996 200
568.999 96 19990 196
570 96 19994 196
570.998 97 19995 197
571.998 95 19998 197
573 93 19997 196
574 90 19995 194
575 93 19993 199
575.997 93 19997 200
576.999 92 19991 198
578 92 19995 200
578.998 92 19996 199
579.998 91 19996 200
580.999 91 19996 202
581.983 94 19994 203
583 97 19996 205
584 94 19994 202
584.996 96 19997 201
585.995 96 19998 202
586.999 94 19994 200
587.996 91 19997 199
588.997 93 19995 197
589.994 94 19998 199
590.998 94 19994 199
591.997 95 19997 200
592.998 95 19997 200
593.998 95 19996 205
594.998 92 19996 202
595.994 91 19993 201
596.997 92 19994 204
597.999 93 19996 204
598.998 97 19997 206
600 98 19994 208
600.999 99 19996 209
602 98 19995 208
602.998 98 19997 209
603.997 98 19992 209
604.996 100 19997 209
605.994 101 19998 208
607 102 19996 208
608 101 19995 208
608.995 101 19994 209
609.997 101 19997 209
611 103 19997 211
611.996 103 19995 211
612.998 104 19994 212
613.999 105 19994 213
614.997 105 19996 213
615.999 103 19991 211
616.999 105 19995 210
618 104 19996 209
618.998 105 19994 207
620 106 19995 208
620.998 102 19997 206
621.995 101 19993 206
622.999 101 19993 209
623.999 100 19995 208
624.998 100 19998 207
625.999 100 19995 206
626.999 101 19997 208
628 101 19990 209
628.998 105 19996 209
630 105 19996 208
630.998 108 19996 209
632 109 19996 212
632.999 110 19992 209
634 110 19996 210
635 110 19997 210
635.999 111 19990 211
636.997 110 19993 211
637.999 111 19998 211
638.999 111 19996 210
640 110 19995 211
640.997 110 19995 210
641.999 109 19994 209
642.996 108 19996 207
644 107 19996 206
645 107 20000 207
645.999 111 19996 207
647 109 19994 204
647.999 109 19998 202
648.999 110 19997 202
649.997 111 19997 200
650.999 108 19996 197
651.992 109 19998 197
652.999 108 19996 198
653.998 108 19995 198
655 103 19997 192
655.999 102 19995 190
657 101 19994 189
657.998 102 19999 189
658.999 100 19994 187
660 103 19995 187
660.997 103 19997 187
662 104 19996 189
663 104 19993 191
664 103 19997 190
664.999 102 19993 190
665.998 102 19993 191
666.996 103 19997 190
668 103 19997 192
668.997 104 19995 193
669.999 103 19998 192
671 101 19994 190
672 101 19994 191
673 101 19995 191
673.998 98 19997 188
674.999 100 19992 191
675.997 102 19997 194
676.996 100 19995 194
677.998 102 19995 195
678.996 102 20000 195
679.999 101 19995 195
680.993 102 19995 197
681.999 102 19999 196
683 101 19993 196
683.993 101 19998 196
684.998 99 19994 194
686 97 19997 194
686.997 98 19997 193
688 99 19995 194
689 100 19994 195
689.999 99 19994 196
690.999 99 19996 196
691.998 99 19998 195
692.999 99 19994 193
693.994 95 19997 192
694.999 94 19998 191
695.997 94 19999 192
696.999 91 19998 190
697.997 92 19993 190
698.997 90 19997 190
700 89 19992 191
700.998 88 19994 192
701.999 89 19989 192
702.998 91 19999 192
703.998 89 19996 192
704.999 89 19997 192
705.999 90 19997 192
707 90 19995 192
707.998 86 19997 190
708.999 86 19998 190
709.997 84 19994 189
710.999 85 19995 190
712 85 19994 190
712.999 85 19994 191
714 84 19990 191
715 85 19997 191
715.999 85 19997 191
717 84 19995 192
717.998 86 19995 192
718.999 87 19994 191
719.999 86 19993 192
720.989 87 19997 191
722 88 19997 192
723 89 19993 192
723.998 90 19996 193
724.999 90 19994 193
726 87 19994 191
726.997 88 19996 195
727.999 90 19994 197
728.999 89 19993 198
729.996 92 19995 198
730.999 93 19994 198
732 93 19995 201
733 94 19996 202
734 95 19997 201
735 95 19995 201
736 95 19997 202
736.998 95 19993 202
737.997 97 19996 203
739 98 19997 207
739.999 99 19992 207
740.993 100 19997 207
742 100 19994 208
742.997 103 19995 207
744 102 19997 206
744.994 103 19995 206
746 103 19994 209
746.997 102 19996 208
748 103 19997 207
748.998 102 19997 206
750 100 19998 205
751 100 19996 208
752 103 19993 209
753 101 19998 208
754 100 19997 208
754.997 98 19993 206
755.996 100 19996 206
756.995 99 19998 204
758 103 19994 205
758.999 104 19996 202
759.998 104 19998 204
760.997 104 19996 206
761.997 104 19996 204
762.999 106 19991 204
763.988 106 19998 204
764.997 105 19995 206
765.994 107 19996 205
767 108 19995 206
768 108 19994 207
768.999 106 19996 203
769.989 105 19995 203
771 104 19999 204
771.999 104 19995 205
772.999 105 19989 208
773.997 106 19992 208
774.999 104 19999 207
775.997 104 19990 208
776.996 102 19993 208
777.998 99 19994 204
779 98 19997 205
779.999 97 19994 202
780.998 97 19994 202
781.998 96 19996 201
782.999 95 19994 201
783.998 94 19998 200
784.999 95 19993 200
785.999 99 19998 203
786.999 102 19999 204
787.998 103 19993 206
788.994 104 19997 206
790 103 19997 209
790.999 101 19997 206
791.998 100 19992 205
792.998 97 19996 202
793.998 96 19995 200
794.996 100 19998 199
796 100 19995 199
796.999 100 19993 200
798 100 19990 200
798.996 103 20000 200
800 104 19996 201
800.998 105 19995 202
801.999 104 19997 202
803 103 19997 201
803.999 101 19990 201
804.997 98 19994 199
805.996 96 19993 197
806.999 98 19992 196
807.999 100 19996 196
808.999 102 19998 199
810 102 19995 200
810.999 102 19995 199
812 102 19994 199
812.998 102 19993 198
814 104 19992 199
815 106 19997 198
815.999 106 19995 198
817 105 19997 199
817.997 105 19997 200
818.996 105 19999 199
819.999 107 19993 203
820.999 106 19998 202
821.999 106 19997 202
823 106 19994 202
823.997 105 19994 201
824.998 105 19993 201
825.997 105 19996 201
826.998 105 19997 202
827.997 105 19998 202
828.995 106 20000 202
829.998 108 19992 202
831 107 19994 202
831.999 109 19995 203
833 106 19994 200
834 104 19991 198
834.998 104 19998 196
835.999 102 19996 194
836.994 102 19994 195
837.996 103 19996 195
838.999 102 19990 195
840 102 19992 195
840.999 101 19996 194
841.999 99 19994 193
842.995 99 19998 191
843.999 100 19998 191
844.998 100 19996 191
845.998 99 19994 192
847 100 19996 191
847.999 99 19996 189
848.997 98 19998 190
850 98 19995 189
851 100 19997 189
852 102 19999 188
852.997 101 19996 188
854 102 19994 188
854.999 103 19993 188
856 101 19995 187
856.999 100 19995 187
858 101 19994 189
858.999 98 19992 187
859.998 95 19996 184
861 96 19996 185
861.998 97 19997 184
863 97 19996 184
864 97 19992 183
865 97 19997 183
865.999 98 19997 186
866.995 98 20000 185
867.999 100 19997 185
868.999 101 19993 185
870 100 19995 184
870.993 101 19996 184
872 100 19997 182
873 99 19996 179
874 97 19999 179
875 99 19996 180
875.993 96 19999 177
876.995 95 19997 176
878 95 19995 177
878.999 94 19994 179
879.998 94 19997 179
881 93 19991 178
881.995 93 19996 179
883 95 19997 181
883.999 95 19998 181
884.999 95 19992 182
886 96 19997 183
886.999 98 19995 181
887.998 97 19999 179
889 99 19996 180
889.995 99 19995 180
890.995 101 19996 184
891.998 102 19999 185
892.998 104 19995 183
893.998 100 19996 178
895 99 19998 180
896 99 19997 180
896.999 99 19995 181
897.996 100 19997 182
898.999 100 19993 182
899.999 101 19996 181
901 101 19996 181
902 100 19996 179
902.999 99 19999 179
903.999 99 19994 178
904.999 100 19996 177
906 98 19996 177
907 98 19997 177
907.997 97 19999 177
908.998 96 19994 176
909.999 98 19996 175
910.993 97 19995 177
912 97 19996 176
912.997 98 19997 176
914 95 19997 173
914.99 93 19998 170
916 93 19994 169
916.997 95 19996 169
917.999 93 19995 169
918.994 93 19993 169
920 94 19993 170
920.992 93 19999 169
921.999 93 19996 171
922.997 92 19996 169
923.993 91 19995 168
925 90 19996 169
925.998 90 19997 171
926.999 89 19996 172
927.999 90 19996 171
928.993 88 19994 171
929.999 87 19995 171
931 87 19999 170
931.999 88 19995 172
932.999 89 19994 171
933.999 88 19999 170
934.999 88 19995 170
935.998 88 19999 169
936.999 89 19996 169
937.998 89 19996 169
938.997 91 19995 169
939.999 91 19993 169
941 92 19996 168
941.999 92 19998 168
942.999 93 19997 170
943.998 93 19997 170
944.997 92 19998 168
946 90 19994 167
947 88 19993 166
948 88 19994 166
949 87 19997 165
950 88 19997 169
950.995 88 19997 170
951.999 88 19997 169
952.999 88 19998 170
953.998 87 19994 170
954.994 88 19998 171
956 87 19992 172
957 86 19996 171
957.999 86 19995 170
958.994 86 19997 171
959.999 84 19997 170
960.998 85 19997 172
962 85 19995 169
963 83 19993 170
963.995 83 19996 172
964.999 85 19995 174
965.998 85 19995 173
966.995 84 19999 171
967.998 85 19997 172
968.999 85 19996 172
969.999 84 19993 171
971 84 19996 170
971.999 84 19996 172
972.999 82 19995 171
973.997 80 19996 169
975 81 19995 171
975.995 81 20000 172
976.999 80 19993 172
978 80 19994 172
978.997 80 19998 171
980 80 19994 173
980.999 79 19993 172
981.995 81 19994 173
982.999 80 19994 174
984 81 19997 174
984.996 81 19998 174
985.999 81 19996 174
986.996 81 19998 175
987.999 82 19995 176
988.999 84 19997 176
990 84 19995 177
990.999 84 19996 176
991.999 85 19997 175
992.999 86 19995 176
994 85 19997 176
994.999 87 19996 176
995.998 89 19994 176
997 90 19994 176
998 90 19992 178
999 89 19993 177
1000 90 19997 177
1000 90 19997 177
