0.999789 397 19996 397
1.99996 395 19992 395
2.99933 388 19996 388
3.99599 386 19993 386
4.99642 382 19998 382
5.99762 380 19996 380
6.9986 377 19994 377
7.99743 375 19996 375
8.99686 374 19997 374
9.999 370 19993 370
10.9966 368 19996 370
11.9936 366 19997 368
12.9986 362 19996 364
13.9996 360 19994 362
14.9985 357 19992 360
15.9983 352 19995 355
16.9992 346 19997 349
17.9948 344 19996 347
18.9963 341 19997 345
19.9993 339 19999 343
20.9968 335 19997 339
21.9998 329 19992 333
22.9998 325 19996 329
23.9993 320 19995 324
24.9984 319 19996 324
25.9957 318 19993 326
26.9997 316 19993 324
27.9983 314 19995 324
28.9987 310 19999 321
29.9988 307 19996 318
30.9983 303 19998 317
31.9984 299 19992 313
32.9999 296 19996 310
33.9997 294 19994 307
35 291 19997 303
35.9999 290 19998 302
36.9997 290 19997 301
37.9994 287 19994 298
38.9929 286 19993 296
39.9992 287 19993 297
40.9976 286 19994 298
41.9982 283 19998 295
42.9911 279 19995 291
43.9988 276 19997 290
44.9969 276 19996 291
45.999 273 19995 287
47 265 19997 279
47.9976 263 19996 277
48.9965 257 19999 271
49.9981 253 19997 267
50.9989 252 19995 265
51.9986 250 19999 265
53 249 19993 263
53.9974 246 19995 261
54.9998 245 19997 263
55.9989 240 19998 261
56.9983 235 19992 258
57.9999 234 19991 256
58.9987 233 19999 255
59.9989 230 19995 253
60.9998 224 19994 249
61.9978 224 19997 249
62.9977 222 19995 250
63.9978 221 19996 249
64.9993 217 19999 244
65.9986 216 19995 242
66.9996 215 19996 241
67.9995 211 19998 238
68.9998 212 19995 240
69.9932 212 19998 241
70.9964 208 19995 239
71.9996 205 19995 236
72.9996 204 19994 236
73.999 203 19995 238
74.9959 204 19996 238
75.9993 203 19994 237
76.996 202 19997 236
77.9998 194 19994 231
78.9999 192 19994 230
79.9982 189 19994 228
80.998 189 19997 227
81.9993 189 19991 228
82.9959 185 19997 224
83.9996 183 19995 223
84.9998 179 19996 220
85.9978 177 19996 220
86.9999 174 19990 219
87.9995 172 19996 218
88.9965 171 19997 217
89.9998 170 19993 218
90.9997 171 19996 218
91.9997 169 19999 217
93 167 19999 215
93.997 164 19995 214
94.9992 165 19994 213
95.9999 165 19992 213
96.9963 166 19996 213
97.9979 166 19994 216
98.9973 161 19994 211
99.9988 161 19994 213
101 157 19994 210
102 157 19996 212
102.994 153 19995 210
103.999 153 19999 212
104.999 154 19995 214
105.999 154 19995 215
107 154 19994 215
107.999 153 19996 214
109 154 19999 214
110 154 19996 216
110.997 152 19995 215
111.997 150 19992 216
112.999 148 19995 216
113.998 149 19995 218
114.998 149 19997 217
115.999 147 19995 217
116.998 146 19999 217
118 146 19997 217
118.998 143 19996 214
120 142 19994 213
121 141 19992 211
121.997 139 19996 209
122.998 139 19996 210
123.997 138 19999 209
124.994 137 19993 209
126 136 19998 211
127 134 19990 209
127.998 132 19995 208
128.999 132 19995 210
129.999 130 19994 209
130.999 130 19993 212
131.999 131 19993 215
133 130 19993 214
134 132 19996 213
134.993 134 19996 214
136 136 19997 216
136.999 133 19996 214
137.997 135 19996 213
139 135 19994 213
139.993 133 19998 212
141 133 19997 212
141.998 133 19998 212
142.999 134 19996 217
144 134 19993 217
145 134 19996 218
145.998 131 19998 215
147 132 19995 215
147.998 133 19992 217
148.992 133 19996 218
150 134 19998 219
150.998 131 19995 219
151.997 131 19993 217
152.999 132 19997 217
153.998 131 20000 216
154.99 131 19993 219
155.999 130 19995 220
157 128 19996 218
157.999 128 19991 221
158.997 129 19998 222
160 130 19994 221
160.993 129 19997 220
161.999 127 19995 218
162.999 128 19996 218
163.999 129 19997 219
164.999 127 19995 217
165.996 125 19998 214
166.996 124 19995 212
167.997 125 19997 212
168.986 125 20000 212
169.998 126 19992 212
170.999 126 19992 211
171.999 127 19996 211
172.999 126 19995 211
173.995 124 19996 208
174.997 125 19997 209
175.997 122 19994 205
176.999 123 19993 207
177.999 123 19994 208
178.998 122 19997 208
179.999 120 19994 208
180.997 120 19995 210
182 119 20000 209
182.997 117 19995 208
183.996 117 19996 211
185 117 19993 209
185.995 117 19996 210
187 116 19994 208
187.999 116 19995 210
188.999 117 19996 209
189.994 117 19998 208
190.998 115 19997 206
191.999 113 19996 206
193 113 19995 207
193.998 113 19993 205
195 110 19990 203
195.999 108 19994 202
196.998 108 19994 202
197.997 108 19997 203
198.998 105 19995 201
199.999 105 19997 200
200.998 106 19994 199
201.999 107 19995 199
202.997 107 19999 199
203.997 106 19997 199
204.998 105 19997 198
205.998 104 19993 199
206.982 104 19995 202
207.998 104 19997 202
208.997 105 19997 202
209.997 108 19995 202
210.996 107 20000 201
211.997 108 19994 203
213 108 19991 205
214 109 19997 206
214.999 109 19996 207
215.998 109 19996 208
216.999 109 19992 206
217.999 107 19994 204
218.994 107 19998 203
220 109 19989 204
221 108 19996 204
222 109 19998 206
223 109 19998 206
224 109 19990 205
225 111 19995 204
225.998 111 19997 202
227 111 19995 204
227.993 112 19994 204
228.998 110 19996 202
230 110 19997 203
230.998 110 19989 205
232 111 19991 206
232.998 111 19998 205
233.999 110 19995 203
234.999 113 19997 204
235.997 112 19998 203
237 110 19995 201
237.996 112 19995 201
238.998 112 19992 202
239.999 111 19995 202
240.999 111 19993 203
242 110 19997 203
243 108 19997 202
244 107 19997 202
244.998 105 19993 199
245.999 105 19989 198
246.996 106 19995 202
248 106 19995 201
248.998 106 19994 202
249.998 107 19999 204
250.998 106 19995 204
251.995 105 19998 203
252.993 108 19996 206
253.999 111 19996 206
255 111 19995 207
255.997 111 19995 208
256.998 109 19999 207
258 108 19994 206
259 107 19996 205
259.999 105 19995 204
261 102 19994 203
261.998 101 19996 201
262.999 100 19996 201
263.999 96 19993 199
264.999 98 19991 200
265.998 98 19996 200
267 97 19997 201
267.998 97 19995 200
268.998 98 19996 200
269.999 97 19992 202
270.999 98 19991 202
271.998 97 19994 202
273 97 19995 204
273.998 96 19995 205
274.999 96 19994 207
275.999 96 19995 208
276.998 100 19992 208
277.991 102 19994 209
278.999 102 19994 209
279.994 101 19992 209
280.998 101 19997 208
281.999 102 19996 208
282.999 101 19998 210
283.999 100 19993 209
284.989 101 19995 209
286 101 19998 208
286.999 99 19993 208
288 99 19996 208
288.999 98 19996 206
289.999 99 19995 206
291 100 19995 208
291.998 101 19996 208
292.999 101 19995 207
294 102 19996 207
294.999 103 19997 206
295.994 103 19995 207
296.987 103 19997 206
297.999 101 19998 204
298.999 101 19995 204
299.998 100 19993 206
300.999 99 19993 204
301.998 99 19996 205
302.999 102 19999 206
304 102 19998 206
304.999 102 19994 205
306 100 19994 204
306.997 100 19993 206
308 101 19994 208
308.999 99 19994 206
310 99 19991 207
310.998 99 19995 207
311.998 98 19996 204
313 98 19996 203
313.998 97 19995 202
315 99 19995 204
316 97 19995 203
316.994 98 19995 205
317.999 100 19997 208
319 100 19994 208
319.999 100 19995 209
320.999 100 19997 210
321.999 100 19998 208
322.999 99 19996 207
323.998 101 19998 208
324.999 100 19998 208
326 100 19995 208
326.997 101 19996 208
327.999 102 19993 207
329 102 19998 206
330 101 19997 205
330.995 102 19997 204
331.999 102 19992 204
333 103 19997 205
334 107 19994 206
335 104 19996 202
335.999 104 19994 202
337 105 19993 201
337.999 105 19995 201
338.999 105 20000 203
339.999 105 19994 202
341 106 19995 204
342 104 19991 202
343 101 19992 197
344 102 19991 198
344.997 102 19997 198
345.994 102 19999 198
347 104 19996 198
347.996 104 19995 201
348.998 102 19999 196
349.998 103 19994 197
350.997 101 19994 194
351.996 102 19996 194
352.999 100 19997 193
353.996 99 19994 192
354.998 99 19996 191
356 98 19995 190
357 97 19997 190
358 97 19995 191
359 95 19993 188
359.999 93 19997 186
361 93 19996 188
361.996 94 19994 190
362.998 93 19998 189
363.998 92 19998 188
365 87 19992 184
365.998 88 19999 184
367 89 19994 184
367.996 89 19999 184
368.999 89 19995 183
369.999 86 19997 181
370.999 86 19992 181
372 87 19995 183
373 88 19994 184
373.999 88 19994 186
374.99 87 19998 184
375.998 88 19988 186
376.998 89 19998 187
377.999 89 19995 187
378.997 91 19995 188
379.999 92 19988 190
380.999 90 19998 189
381.999 93 19995 190
382.998 94 19994 187
384 94 19994 190
385 94 19989 194
385.997 93 19997 194
386.998 92 19991 194
387.993 91 19997 192
388.995 91 19994 193
389.998 91 19996 193
390.997 92 19995 195
391.999 88 19995 191
392.998 89 20000 192
393.999 92 19994 193
394.999 92 19995 194
395.995 90 19997 194
396.998 90 19994 194
397.999 88 19994 193
399 87 19995 191
399.999 87 19996 193
401 87 19997 193
401.998 87 19996 192
403 87 19995 193
403.998 89 19993 193
404.997 88 19998 192
405.998 87 19998 192
407 91 19994 193
408 92 19988 194
408.999 93 19995 194
409.991 92 19996 195
410.997 92 19993 193
411.997 92 19992 194
412.992 92 19998 194
413.999 90 19992 192
414.995 91 19994 193
416 90 19996 195
416.997 88 19996 193
417.996 87 19998 192
418.999 89 19997 192
419.997 89 19992 190
420.999 90 19998 190
421.999 89 19995 189
422.998 87 19997 187
423.997 85 19997 186
424.999 84 19993 185
425.996 83 20000 186
427 84 19996 185
428 83 19993 185
428.997 82 19998 182
429.998 82 19995 186
430.996 83 19996 187
431.999 82 19992 187
433 84 19997 187
434 82 19996 188
435 83 19993 189
435.999 83 19996 190
437 84 19998 191
437.999 85 19997 192
438.999 85 19992 194
439.995 84 19993 190
441 84 19993 193
442 83 19991 192
442.997 83 19992 192
444 82 19994 195
444.998 83 19993 197
446 83 19994 197
446.999 85 19993 198
447.999 87 19995 199
449 86 19999 197
450 85 19997 196
450.991 85 19996 196
451.999 86 19995 197
453 86 19997 197
453.998 87 19997 197
454.999 84 19995 196
456 84 19992 198
457 82 19994 196
457.998 84 19995 194
459 84 19993 194
459.999 84 19996 192
460.998 83 19996 190
461.998 84 19996 188
462.999 84 19997 188
463.997 84 19995 189
465 85 19996 189
465.999 86 19993 190
466.997 86 19996 190
467.999 86 19992 192
468.999 85 19996 191
470 86 19992 192
470.999 88 19995 193
471.999 88 19996 193
472.998 87 19996 193
473.994 88 19997 193
474.999 88 19996 193
475.995 86 19995 193
476.997 87 19999 193
477.998 86 19997 193
478.998 85 19996 191
479.999 87 19993 191
480.999 88 19996 191
481.997 89 19998 192
483 89 19999 191
484 90 19993 190
484.998 89 19996 191
485.999 89 19995 192
486.999 88 19994 190
487.996 88 19997 189
488.999 86 19996 185
489.999 85 19997 186
490.998 84 19997 186
491.998 87 19998 186
492.997 85 19995 186
493.996 84 19998 187
494.997 84 19991 188
495.996 83 19995 187
497 85 19994 188
498 84 19993 189
498.995 83 19991 189
499.997 82 19999 188
500.999 83 19998 189
502 83 19994 190
502.999 84 19994 191
504 85 19996 191
504.999 86 19996 190
506 87 19995 189
506.998 90 19998 192
507.998 89 19997 190
508.997 89 19996 193
509.999 89 19994 194
511 89 19993 194
512 87 19996 192
512.999 87 19995 194
514 86 19998 193
515 88 19997 195
516 90 19993 197
516.998 92 19994 197
518 92 19997 200
518.998 93 19996 201
519.999 93 19999 202
521 94 19994 203
521.999 92 19995 203
522.999 91 19993 201
524 90 19993 201
524.999 90 19994 200
526 91 19997 201
526.997 91 19995 201
527.999 91 19995 200
528.999 91 19996 199
530 91 19992 200
530.999 91 19995 199
531.999 90 19995 199
532.999 91 19997 199
533.999 91 19996 201
534.995 94 19998 204
535.991 93 19997 204
537 92 19994 204
537.998 92 19998 208
538.998 96 19991 209
539.998 101 19994 210
540.999 105 19996 210
542 106 19990 209
542.999 105 19998 208
544 105 19995 208
544.999 104 19997 207
545.999 105 19999 207
546.998 105 19997 208
548 105 19994 209
548.999 103 19996 206
549.995 98 19994 201
550.996 98 19995 202
551.999 99 19991 203
552.999 97 19995 206
553.998 97 19999 209
554.999 97 19993 209
555.999 97 19990 208
556.999 97 19996 207
558 99 19994 208
558.998 99 19992 211
559.999 101 19997 212
560.997 98 19999 210
561.999 96 19997 210
563 93 19992 207
563.999 93 19995 206
565 93 19994 206
565.995 93 19997 205
566.999 93 19993 205
567.999 93 19996 206
568.998 90 19996 203
569.999 91 19992 201
571 95 19992 199
572 93 19997 199
573 94 19996 201
574 99 19995 201
574.999 97 19996 199
576 99 19997 201
576.998 99 19996 201
577.996 98 20000 202
579 98 19994 203
579.999 101 19997 203
580.995 99 19995 202
581.997 100 19997 201
582.997 102 20000 203
583.999 103 19993 203
585 102 19994 205
585.999 101 19994 205
586.998 102 19993 206
587.999 106 19998 206
588.999 104 19996 207
589.999 105 19995 208
591 105 19992 207
591.993 104 19996 208
592.998 105 19992 207
593.998 106 19996 207
594.995 107 19996 208
596 108 19997 207
597 109 19995 208
597.999 110 19997 209
598.999 111 19996 209
599.997 111 19997 209
601 110 19995 209
601.999 110 19995 210
603 108 19997 208
603.998 107 19997 208
604.999 109 19992 208
605.999 109 19994 208
606.998 112 19996 210
608 115 19991 210
609 113 19994 208
609.996 110 19988 206
610.997 109 19998 204
611.994 110 19995 204
613 112 19995 205
614 112 19992 205
614.999 109 19998 202
615.997 106 19996 201
616.998 105 19998 202
617.998 105 19996 204
619 105 19995 204
619.999 106 19997 204
621 106 19998 207
622 106 19994 207
622.997 108 19997 207
623.998 109 19996 208
625 109 19998 209
626 109 19998 208
626.998 112 19996 209
627.999 112 19993 210
629 111 19992 210
629.998 112 19995 210
631 111 19998 210
631.998 112 19996 210
632.998 113 19994 210
633.997 112 19997 211
635 109 19996 209
635.994 110 19997 210
636.998 110 19996 210
637.998 111 19992 209
639 110 19995 209
639.997 109 19992 210
640.999 108 19997 208
641.999 107 19992 208
643 107 19996 208
644 108 19996 207
644.997 107 19992 206
645.999 107 19995 208
646.999 108 19991 210
647.997 107 19996 210
649 107 19992 208
649.999 105 19995 205
650.999 104 19994 206
652 103 19993 206
653 102 19996 208
653.995 106 19999 209
654.999 102 19993 203
655.998 100 19996 201
656.999 101 19997 201
658 104 19999 201
658.998 104 19997 200
659.998 103 19992 199
660.997 103 19997 199
662 102 19998 198
663 102 19993 200
663.999 103 19991 202
664.995 102 19998 201
665.998 102 19995 201
666.998 102 19997 202
667.999 102 19992 204
669 102 19998 205
669.999 104 19996 207
670.998 103 19992 207
671.999 103 19997 208
673 104 19998 208
674 102 19991 207
675 103 19990 207
675.994 101 19997 206
676.995 100 19996 205
678 99 19995 206
679 99 19998 206
680 99 19995 206
680.999 99 19996 206
681.999 98 19993 206
682.998 98 19995 206
684 100 19998 208
684.997 100 19991 206
686 102 19993 208
686.993 102 19996 208
688 104 19993 208
689 103 19994 208
689.998 103 19995 208
690.999 101 19994 206
691.991 103 19998 208
693 103 19993 208
693.999 102 19997 208
694.998 102 19994 209
696 102 19997 209
696.999 102 19993 209
697.998 101 19994 209
699 101 19995 208
699.996 103 19999 209
700.999 102 19992 209
701.999 101 19997 211
702.999 101 19997 214
703.994 102 19998 214
704.999 102 19993 213
706 102 19994 213
706.999 100 19996 210
708 101 19994 211
708.998 102 19997 210
710 103 19992 210
710.999 101 19995 208
711.999 103 19995 211
712.998 103 19991 210
713.997 103 19996 209
714.999 103 19997 209
716 102 19997 207
716.998 102 19999 206
717.998 104 19995 206
718.999 105 19997 207
720 106 19994 207
721 106 19993 208
721.998 110 19994 210
722.997 110 19999 210
723.999 110 19997 209
725 110 19995 208
725.997 109 19996 208
726.995 110 20000 209
727.997 109 19999 208
729 108 19995 207
729.999 109 20000 209
730.999 108 19999 208
731.999 108 19993 210
732.995 107 20000 211
733.995 106 19999 211
735 103 19998 207
735.999 104 19994 210
737 103 19996 209
737.999 105 19995 210
739 104 19997 212
739.999 106 19996 212
740.997 106 19998 212
741.999 106 19993 212
742.999 105 19991 212
744 104 19995 211
744.998 106 19995 213
745.999 106 19997 214
746.997 112 19995 214
747.998 114 19996 214
749 116 19994 215
749.996 116 19995 216
750.999 115 19995 218
751.999 117 19997 218
753 118 19993 219
753.997 118 19996 217
754.997 117 19998 217
755.999 117 19996 218
756.997 117 19994 218
757.998 116 19997 218
758.998 115 19996 217
760 114 19994 215
761 114 19997 215
761.998 113 19996 216
762.999 114 19993 215
763.999 115 19995 213
764.995 115 19998 213
765.998 117 19996 215
767 114 19995 211
767.999 115 19995 211
769 113 19998 209
770 113 19992 208
770.998 114 19997 210
771.999 113 19995 211
772.999 116 19997 212
773.999 116 19994 212
774.993 116 19997 213
775.999 117 19993 214
777 117 19997 215
777.997 116 19991 215
778.998 118 19995 216
779.999 118 19993 216
780.995 118 19998 217
782 121 19998 219
782.999 121 19993 219
783.998 121 19992 217
784.999 120 19994 216
786 120 19991 214
786.999 122 19998 213
788 121 19997 212
788.992 123 19995 212
790 124 19995 212
790.999 123 19998 210
791.999 122 19995 210
792.999 121 19997 210
793.998 122 19996 212
794.995 124 19999 212
795.995 127 19996 213
796.995 125 19997 212
797.998 125 19995 211
798.999 124 19992 209
799.998 123 19994 208
800.998 122 19997 208
801.996 122 19996 207
802.998 121 19998 206
803.996 121 19995 205
804.998 120 19995 205
805.992 123 19995 204
806.996 121 19999 203
807.996 118 19992 201
808.996 115 19997 198
809.998 119 19996 200
811 121 19996 200
811.999 120 19995 199
812.995 119 19993 199
813.999 120 19999 199
814.999 121 19996 201
815.999 121 19998 202
816.999 121 19994 203
817.999 121 19999 203
818.999 119 19996 201
819.999 120 19994 201
820.997 120 19997 203
822 120 19993 204
822.998 119 19997 203
824 117 19998 203
825 118 19996 203
825.999 121 19995 205
827 121 19992 207
828 119 19998 205
829 119 19995 207
829.999 116 19996 206
830.996 119 19998 206
832 117 19996 204
833 119 19992 206
834 120 19999 206
834.997 118 19996 204
836 117 19995 203
836.998 114 19992 203
837.997 113 19995 201
838.998 114 19997 202
839.999 114 19997 202
840.998 115 19993 201
841.997 114 19998 199
842.992 115 19995 199
844 115 19996 199
844.997 116 19993 200
845.999 116 19996 199
847 116 19993 198
848 115 19993 197
849 114 19997 199
849.996 111 19994 197
850.994 112 19997 198
852 110 19993 196
853 111 19993 196
854 110 19996 195
855 109 19999 194
855.997 108 19993 194
856.999 109 19994 195
858 108 19994 196
858.998 107 19992 196
859.983 106 20000 195
860.995 105 19998 196
861.999 105 20000 194
862.999 102 19994 192
863.999 102 19999 191
865 104 19994 190
865.998 105 19999 189
866.999 104 19995 189
867.998 106 19997 190
868.996 109 19994 191
869.999 105 19994 188
871 106 19995 191
871.998 106 19995 191
873 105 19998 189
874 106 19993 189
874.996 106 19993 188
876 107 19993 187
876.995 108 19997 187
877.999 108 19996 189
878.999 108 19993 191
879.999 107 19994 190
881 105 19996 188
881.995 105 19994 187
883 107 19994 187
883.997 107 19998 187
885 106 19996 186
885.998 107 19998 186
886.999 106 19996 185
888 106 19998 184
889 105 19994 183
889.999 105 19998 182
891 104 19991 180
891.999 101 19994 177
893 99 19996 176
893.999 97 19995 176
895 95 19996 178
895.993 93 19995 177
896.998 93 19997 175
897.986 92 19997 174
898.999 91 19998 173
900 92 19993 173
900.999 92 19998 173
901.996 90 19999 171
902.998 90 19996 172
904 90 19994 172
904.998 90 19995 171
905.982 90 20000 169
906.998 91 19995 169
907.993 92 19998 169
908.999 90 19994 167
910 88 19992 166
910.999 89 19996 168
911.997 88 19993 168
912.999 88 19993 168
914 89 19996 168
914.997 87 19997 167
916 86 19997 166
916.999 86 19995 169
917.989 86 19997 169
918.999 85 19996 170
919.998 86 19995 169
920.999 87 19997 171
921.997 88 19997 172
922.999 87 19997 171
923.991 87 19995 176
924.998 85 19997 174
926 86 19994 174
926.998 86 19997 173
927.995 85 19996 173
928.999 83 19994 171
929.999 82 19997 171
931 82 19994 170
932 81 19995 169
932.999 81 19995 169
933.997 82 19996 169
934.996 80 19995 168
935.999 80 19997 169
936.999 80 19994 169
937.998 80 19998 169
939 81 19994 171
940 81 19991 171
940.998 80 19996 170
941.996 83 19996 172
942.999 84 19997 174
944 84 19994 176
944.999 82 19996 174
945.999 81 19997 175
946.999 81 19992 174
948 82 19994 174
948.995 82 20000 175
950 83 19998 176
950.999 84 19994 177
952 85 19996 177
953 83 19995 176
954 81 19993 176
954.999 83 19997 179
955.999 80 19997 176
956.997 79 19998 174
958 78 19997 176
959 78 19994 176
959.996 82 19995 178
960.998 82 19998 178
961.999 82 19997 177
962.999 82 19993 177
964 83 19994 178
965 83 19995 178
965.996 82 19996 177
966.995 82 19998 179
967.999 84 19993 180
968.99 85 19994 183
970 85 19997 183
970.997 86 19995 184
972 87 19993 187
972.997 87 19995 188
973.997 86 19997 187
974.997 86 19994 189
975.997 82 19996 186
976.997 83 19998 186
977.999 86 19993 187
978.997 87 19997 188
979.999 88 19997 189
981 88 19996 190
981.999 91 19999 193
982.998 91 19995 193
984 92 19997 194
984.999 92 19995 197
985.999 93 19996 199
987 95 19994 200
987.999 95 19995 201
989 97 19994 202
989.988 96 19998 200
990.999 98 19996 201
992 97 19995 200
993 97 19991 201
993.999 100 19994 203
994.998 98 19993 203
996 99 19995 203
996.998 97 19996 201
997.996 97 19996 201
998.997 96 19994 200
1000 94 19994 198
1000 94 19995 198
