0.999863 399 19991 399
1.99948 398 19995 398
2.99246 396 19994 396
3.99922 391 19990 391
4.9971 386 19998 386
5.99974 382 19998 382
6.99993 380 19999 380
7.99783 378 19998 378
8.99988 374 19993 374
9.9992 372 19994 372
10.9997 372 19996 372
11.9972 371 19996 371
12.997 364 19997 364
13.996 361 19995 361
14.998 359 19998 359
15.9984 353 19994 354
16.9935 349 19996 351
17.9999 348 19994 351
18.9985 345 19996 348
19.9968 340 19997 343
20.9995 340 19999 343
21.9952 334 19995 338
22.9991 332 19998 337
24 329 19993 336
24.9976 327 19994 335
25.9994 321 19995 329
26.9997 317 19998 327
27.9994 316 19998 325
28.9979 315 19995 324
29.9995 314 19995 322
30.9998 310 19996 319
31.9983 309 19998 318
33 304 19989 315
33.9998 303 19997 315
34.9992 303 19997 315
35.9986 301 19995 314
36.9958 299 20000 311
38 296 19995 309
38.999 295 19994 309
39.9993 292 19994 307
41 288 19995 303
41.9989 287 19998 303
42.9983 284 19997 300
43.9987 279 19995 296
44.9961 274 19995 294
45.9991 274 19995 295
46.9999 272 19996 292
47.9967 271 19996 293
48.999 269 19999 292
49.9982 265 19995 291
50.998 262 19994 290
51.9952 256 19999 285
52.9972 252 19993 281
53.999 248 19994 279
54.9996 249 19995 279
55.997 248 19997 278
56.9999 247 19995 277
57.9999 245 19993 277
58.9999 245 19994 278
59.997 244 19995 275
60.9999 244 19998 279
61.996 244 19994 280
62.9992 241 19995 277
63.9987 241 19997 277
64.9969 237 19996 275
65.999 237 19997 275
66.9987 237 19993 274
67.999 233 19995 270
68.9987 230 19991 267
69.9971 228 19997 266
70.9927 225 19995 263
71.9998 222 19993 260
72.9934 220 19998 259
73.9992 220 19996 259
74.9969 217 19995 256
75.9984 213 19995 254
76.9998 209 19996 249
77.9996 205 19996 246
78.9974 202 19999 244
79.9989 201 19996 243
80.998 198 19997 239
81.9997 196 19998 237
82.9995 192 19995 234
83.9955 191 19997 234
84.9984 191 20000 234
85.9998 187 19999 231
86.999 184 19997 229
87.9989 185 19992 229
88.9997 184 19995 229
89.9982 184 19997 229
90.998 184 19990 229
91.9997 185 19996 229
92.9965 187 19999 229
93.9998 184 19996 227
94.9997 184 19995 227
95.9947 183 19998 227
96.998 182 19993 227
97.9992 180 19997 225
98.9997 180 19996 225
99.9999 179 19996 225
100.999 179 19997 225
102 179 19991 226
102.998 179 19996 228
103.998 179 19998 228
105 179 19992 227
105.992 177 19998 227
106.999 177 19997 226
108 175 19996 225
108.998 173 19995 222
110 173 19998 224
110.996 171 19990 222
111.998 170 19997 222
112.999 169 19997 223
114 167 19997 220
114.994 164 19996 219
115.997 162 19995 218
116.996 161 19998 219
117.998 162 19996 219
118.996 161 19996 218
119.999 162 19993 219
121 161 19995 220
122 158 19996 217
123 156 19994 217
124 155 19996 216
124.999 156 19997 219
125.994 153 19995 217
126.998 154 19996 217
127.996 154 19998 217
129 154 19995 217
129.998 152 19999 218
131 152 19995 218
132 150 19992 219
132.999 148 19998 219
133.999 144 19994 216
134.993 144 19994 218
136 142 19996 218
136.996 143 19998 216
137.998 142 19995 216
139 143 19997 219
139.998 145 19998 219
140.995 143 19997 218
141.997 143 19999 218
143 141 19992 216
143.999 139 19998 213
144.998 138 19995 213
145.999 139 19996 215
147 139 19996 219
147.995 139 19997 219
148.999 139 19995 218
149.999 140 19995 219
150.997 140 19999 219
151.998 139 19998 218
152.997 138 19998 216
154 136 19994 214
154.996 133 19996 213
155.996 132 19998 213
157 132 19997 213
157.999 130 19993 212
159 130 19990 211
159.999 131 19994 212
161 129 19998 210
161.999 127 19996 210
162.997 129 19997 211
163.998 129 19996 213
164.995 127 19997 210
165.998 127 19998 210
167 128 19994 211
167.997 128 19997 211
168.998 126 19994 210
169.999 124 19999 210
170.996 123 19992 211
171.999 124 19997 212
173 123 19995 212
173.999 123 19996 210
174.994 122 19997 210
175.999 123 19994 208
176.998 121 19997 207
177.997 119 20000 204
178.995 118 19997 202
179.999 117 19994 202
180.999 116 19997 202
182 116 19994 203
182.999 113 19996 199
183.999 115 20000 199
184.998 114 19997 198
186 115 19995 200
186.999 117 19993 202
187.992 118 19995 204
189 119 19998 204
189.998 119 19996 204
191 118 19995 205
191.999 117 19996 203
192.999 118 19994 205
193.995 118 19994 205
194.998 118 19996 202
195.999 118 19993 203
196.998 117 19993 202
197.998 116 19997 204
198.997 116 19996 204
200 117 19992 205
201 116 19995 205
201.999 114 19996 203
203 114 19995 202
204 113 19993 201
204.997 112 19991 200
206 112 19989 200
206.994 116 19994 201
207.993 117 19996 201
208.997 118 19996 205
209.998 116 19994 203
210.999 115 19993 205
211.999 115 19995 204
212.998 115 19993 204
214 114 19997 204
215 113 19995 206
215.995 113 19995 208
216.999 112 19996 207
217.999 113 19995 207
218.997 113 19996 207
220 110 19995 201
221 109 19990 204
221.997 108 19997 203
222.996 105 19999 200
223.998 107 19998 201
224.996 107 19997 199
226 106 19995 198
227 107 19998 199
227.999 107 19994 200
228.998 107 19996 199
230 105 19996 197
230.997 105 19995 196
232 104 19998 195
232.997 105 19995 196
234 104 19999 195
235 105 19992 196
236 104 19992 193
237 102 19995 194
238 103 19996 194
239 101 19995 194
239.998 100 19993 196
241 100 19996 196
242 99 19995 197
242.992 99 19996 196
243.999 98 19993 197
244.999 97 19994 194
245.998 95 19996 192
246.997 95 19997 191
248 94 19993 190
248.998 95 19998 191
250 95 19997 192
250.999 93 19996 190
252 93 19996 189
252.998 91 19992 188
253.994 89 19993 189
254.999 90 19993 190
256 93 19997 191
256.999 93 19994 188
257.999 90 19998 186
258.999 91 19996 186
259.996 92 19995 187
260.998 93 19994 186
262 93 19992 186
263 93 19997 185
264 92 19988 184
264.999 92 19993 184
265.997 92 19995 183
266.999 94 19996 183
267.999 95 19995 183
269 94 19994 183
269.998 90 19995 179
270.999 88 19996 178
271.999 87 19994 177
272.996 87 19993 178
273.999 87 19996 177
274.999 87 19995 178
276 86 19993 179
276.997 86 19997 178
278 86 19993 178
278.995 87 19998 177
279.998 87 19996 177
281 86 19999 175
281.998 83 19995 172
283 83 19996 171
284 85 19994 171
284.997 84 19999 170
286 83 19996 172
286.999 82 19997 171
287.997 81 19996 170
289 84 19996 169
289.996 84 19999 169
290.999 85 19997 170
292 83 19999 169
292.999 83 19993 171
293.999 82 19999 172
294.998 82 19997 173
295.999 84 19998 176
296.998 84 19997 176
297.999 83 19997 177
299 83 19998 179
299.997 86 19997 178
300.997 86 19999 179
301.998 87 19996 180
303 86 19993 178
303.999 87 19995 177
304.998 89 19991 177
305.991 89 20000 176
306.997 88 19998 176
307.999 88 19995 178
308.999 89 19994 178
309.997 90 19998 178
310.996 92 19998 179
311.999 90 19994 178
313 91 19995 178
313.999 90 19993 178
315 90 19996 179
316 90 19997 180
316.999 92 19995 181
317.999 92 19995 180
318.999 92 19995 180
320 93 19995 180
320.999 92 19996 179
322 91 19997 178
323 93 19998 180
323.999 94 19996 180
324.999 97 19990 182
325.999 97 19996 182
327 97 19995 182
327.998 95 19995 181
328.993 95 19997 181
330 96 19992 181
330.999 96 20000 181
332 93 19995 178
333 93 19993 181
333.999 92 19998 181
334.999 93 19999 181
336 93 19991 179
337 95 19995 181
337.999 95 19998 180
338.995 95 19997 181
339.999 95 19994 182
341 94 19990 182
341.999 94 19995 182
342.997 94 19997 181
343.998 93 19997 180
344.995 93 19996 180
345.999 93 19994 180
346.996 91 19996 179
348 89 19992 177
348.995 88 19997 176
350 88 19993 177
350.999 87 19997 177
352 87 19994 178
352.996 87 19997 179
353.999 86 19993 179
354.995 85 19997 179
356 84 19996 179
356.997 85 19998 181
358 84 19995 182
358.999 83 19995 182
360 83 19995 183
360.999 81 19996 181
362 83 19999 181
362.999 81 19991 180
363.996 81 19994 179
364.999 83 19994 180
366 83 19997 179
367 85 19996 182
367.999 85 19993 183
368.999 86 19997 183
369.999 86 19997 183
370.999 85 19997 183
371.999 87 19994 185
372.999 87 19993 184
373.999 87 19996 184
374.999 87 19995 184
375.998 86 19996 184
376.998 85 19999 183
378 85 19995 186
378.998 85 19997 187
379.999 87 19996 188
381 87 19990 187
382 87 19997 188
383 86 19993 187
384 89 19995 189
385 88 19994 188
385.996 86 19996 185
387 86 19995 186
387.999 86 19992 186
388.997 86 19997 185
390 84 19991 184
390.999 85 19993 184
391.998 85 19992 184
392.997 85 19993 184
393.999 86 19996 186
394.998 85 19995 186
395.999 85 19994 186
397 88 19997 187
397.998 88 19992 188
399 89 19997 190
399.999 88 19994 189
400.995 88 19998 190
401.996 88 19997 189
402.991 88 19996 189
403.999 89 19997 190
404.997 91 19993 190
405.994 90 19996 189
406.998 90 19990 187
407.996 90 19998 187
409 88 19996 185
409.999 88 19994 188
410.999 88 19998 190
411.999 87 19995 190
412.998 86 19997 189
413.996 85 19998 190
414.999 85 19993 189
415.999 88 19995 190
417 87 19996 191
417.998 87 19994 191
418.998 87 19995 191
420 87 19996 192
420.995 91 19999 193
421.995 91 19993 194
423 91 19997 193
423.998 90 19995 193
424.999 89 19997 193
425.999 90 19998 194
426.996 90 19994 194
427.999 89 19993 197
429 89 19995 197
429.999 90 19998 199
430.999 90 19997 200
431.995 87 19998 198
432.998 87 19998 198
433.999 89 19994 199
435 91 19993 199
436 90 19993 198
436.999 91 19997 197
437.991 91 19999 196
438.999 90 19993 195
439.996 90 19995 196
440.994 90 19997 193
441.998 90 19994 191
443 86 19990 189
443.999 87 19993 189
445 87 19996 189
445.994 87 19999 189
446.998 87 19995 188
447.997 88 19997 189
449 89 19999 190
450 89 19993 193
451 90 19996 193
452 90 19995 193
452.997 92 19998 194
453.993 93 19995 194
454.999 91 19993 191
455.995 93 19996 192
456.996 89 19996 188
457.997 88 19997 187
459 89 19996 187
459.999 90 19991 186
460.999 91 19998 187
461.994 95 19999 189
462.999 96 19996 190
464 96 19998 191
464.999 97 19995 195
465.999 92 19996 191
467 95 19998 191
467.998 96 19993 190
469 97 19995 191
469.998 97 19996 191
470.999 97 19992 192
472 93 19993 188
472.998 91 19995 188
473.996 91 19997 192
474.999 92 19995 193
475.999 93 19990 192
476.998 93 19996 191
478 92 19998 192
478.999 93 19997 192
480 93 19998 188
481 93 19996 190
481.998 93 19995 190
482.998 94 19995 191
484 94 19999 192
484.998 95 19998 192
485.999 95 19994 193
486.998 94 19995 193
487.998 93 19995 192
488.998 92 19996 192
489.999 91 19991 191
491 90 19992 192
492 90 19998 194
492.997 88 19998 193
493.995 88 19999 194
494.999 86 19995 192
495.993 86 19995 192
496.997 85 19996 193
497.997 84 19996 193
498.996 83 19994 192
499.998 81 19998 190
500.999 82 19995 190
502 83 19995 189
502.993 83 19998 189
503.997 82 19995 188
505 85 19996 187
505.998 87 19995 189
506.987 87 19996 190
507.999 87 19995 188
508.998 86 19996 186
509.997 86 19996 188
511 86 19990 187
511.999 87 19996 186
512.998 85 19993 184
513.997 85 19997 184
515 86 19996 186
516 84 19998 186
516.994 82 19998 184
518 85 19995 184
518.995 82 19994 181
520 82 19994 180
520.998 82 19997 179
522 81 19995 177
522.999 79 19997 175
523.999 79 19998 179
524.998 82 19994 178
525.999 83 19993 179
526.999 81 19998 176
527.998 80 19995 176
529 80 19996 176
530 80 19997 175
530.999 78 19998 174
531.998 80 19995 174
532.997 82 19996 175
533.998 83 19996 177
534.993 83 19999 180
535.998 82 19997 179
536.994 83 19997 180
538 82 19994 182
538.998 83 19998 185
539.998 84 19996 184
541 84 19995 185
541.998 86 19996 186
542.999 86 19998 187
544 87 19993 188
545 87 19995 188
545.996 85 19998 186
547 85 19991 186
547.994 84 19998 186
548.998 85 19996 187
549.997 85 19998 188
551 85 19998 188
551.997 84 19995 187
552.999 84 19994 188
553.997 86 19997 189
554.998 88 19996 189
555.999 89 19996 190
556.998 89 19995 192
557.999 89 19997 195
559 91 19998 197
560 91 19997 196
560.997 91 19999 195
562 92 19994 195
562.999 90 19993 193
563.991 92 19999 192
564.999 92 19995 193
565.999 93 19994 193
566.998 92 19999 192
567.999 91 19996 192
569 91 19998 192
570 90 19998 189
570.998 90 19998 193
571.998 91 19993 196
573 89 19995 193
573.999 90 19999 195
574.999 89 19993 194
575.998 88 19998 194
576.999 88 19991 194
577.998 88 19993 195
578.999 88 19992 196
579.999 87 19994 195
581 87 19995 196
581.998 85 19997 196
582.999 86 19994 197
583.999 86 19994 196
584.996 86 19996 194
586 87 19994 196
587 87 19996 197
588 88 19994 197
588.999 89 19995 198
589.993 88 19995 199
590.999 89 19992 199
592 92 19992 199
592.999 92 19998 198
594 92 19991 198
594.996 94 19997 200
596 93 19997 200
597 95 19991 200
598 96 19996 200
598.999 96 19992 199
599.994 97 19998 201
600.999 97 19998 201
602 97 19995 200
602.998 96 19994 199
604 93 19997 197
605 93 19997 197
606 94 19993 199
607 95 19998 199
607.999 96 19997 199
608.999 92 19996 198
609.995 94 19994 199
611 95 19994 200
611.996 94 19996 201
612.999 95 19995 201
613.999 94 19995 203
614.999 97 19995 203
615.998 98 19994 202
616.998 96 19996 201
618 94 19997 198
618.999 96 19990 200
620 96 19995 198
621 96 19994 201
622 97 19992 200
623 95 19995 198
624 95 19996 200
624.999 97 19992 200
625.995 98 19993 200
626.994 97 20000 199
627.997 97 19995 200
628.996 98 19992 199
629.999 97 19995 200
630.998 97 19997 201
631.999 97 19993 201
632.999 99 19997 202
634 99 19991 204
634.998 101 19999 203
635.999 101 19995 203
636.997 102 19996 203
637.999 104 19997 202
638.999 103 19997 202
640 103 19995 201
640.998 105 19998 201
642 106 19991 200
643 108 19997 200
643.998 107 19996 199
644.999 107 19995 201
646 107 19994 203
646.999 109 19998 203
647.989 111 19998 202
648.998 109 19997 199
650 108 19995 198
650.997 111 19992 197
651.998 112 19998 198
652.997 111 19998 198
654 113 19997 199
655 116 19996 199
655.999 116 19996 200
656.993 117 19997 202
657.994 118 19997 203
659 117 19991 202
659.999 116 19994 201
660.997 115 19993 202
661.997 112 19994 199
662.996 112 19995 198
663.999 112 19995 199
664.999 112 19998 200
666 112 19996 201
666.997 112 19996 200
667.999 112 19996 200
669 110 19998 199
670 110 19991 200
670.996 110 19997 200
671.999 111 19994 200
673 109 19996 199
673.995 108 19996 201
674.999 109 19995 202
676 110 19996 204
676.999 111 19994 205
678 113 19997 204
678.998 113 19995 205
679.997 113 19994 206
680.996 113 19999 205
681.998 113 19998 205
682.998 115 19998 205
683.999 116 19995 204
684.999 115 19996 204
685.996 113 19996 202
686.999 113 19995 202
687.997 112 19996 201
688.998 114 19998 202
690 113 19997 202
691 112 19993 202
691.999 111 19997 200
692.999 113 19993 201
694 114 19993 203
694.999 113 19994 205
695.998 113 19992 206
696.999 112 19999 207
697.996 112 19994 206
698.997 112 19998 204
699.999 110 19993 204
700.999 109 19997 203
701.998 108 19998 202
702.991 109 19997 202
703.999 108 19993 201
704.999 108 19995 200
706 108 19995 202
706.998 108 19993 205
707.998 109 19998 205
708.999 110 19998 205
710 107 19997 202
710.997 106 19997 201
712 105 19998 204
712.998 104 19995 203
713.999 103 19998 205
714.995 103 19993 207
715.999 104 19995 208
716.997 104 19992 208
718 103 19994 209
718.991 106 19995 209
719.998 105 19995 208
721 105 19995 208
721.997 104 19995 209
723 104 19996 210
723.997 103 19995 209
725 102 19998 207
725.997 104 19996 208
726.997 107 19993 208
727.998 108 19998 209
729 110 19996 210
729.997 110 19998 211
731 110 19998 214
731.995 110 20000 217
732.997 109 19996 217
733.996 109 19997 216
734.996 108 19997 217
736 110 19996 218
736.998 108 19992 219
737.997 108 19995 219
738.999 103 19996 213
739.997 104 19997 212
740.998 104 19992 211
741.998 104 19995 211
742.998 106 19998 211
743.999 108 19993 213
745 106 19997 211
745.998 107 19995 212
746.994 107 19996 212
747.999 109 19999 212
749 108 19995 211
749.994 108 19995 211
750.999 106 19996 209
751.999 105 19997 209
752.997 105 19999 208
753.997 106 19999 208
754.997 107 19993 208
755.997 105 19997 207
757 104 19997 207
757.998 104 19998 209
758.998 105 19996 210
759.998 105 19993 210
760.999 106 19997 211
761.998 108 19997 212
763 106 19998 208
764 104 19993 207
764.995 104 19997 211
765.99 105 19998 212
766.998 107 19997 213
768 107 19997 215
768.995 106 19995 214
769.999 104 19997 215
771 103 19992 215
771.998 104 19998 216
772.995 104 20000 217
773.999 107 19997 218
774.998 107 19993 219
775.996 108 19994 218
776.998 106 19996 218
777.996 108 19994 217
778.999 106 19997 215
779.998 105 19998 215
781 104 19993 215
781.997 107 19993 215
782.998 109 19995 214
783.999 107 19997 212
785 108 19991 214
785.994 107 19999 214
787 105 19994 212
788 106 19995 212
789 104 19993 210
789.996 102 19996 211
790.996 103 19997 211
792 103 19991 210
793 102 19996 209
794 102 19996 209
794.999 102 19997 210
796 103 19993 209
796.997 105 19996 210
797.998 106 19997 212
798.998 104 19992 210
799.999 104 19995 211
800.999 105 19996 212
801.999 106 19997 212
802.999 104 19995 211
803.999 105 19995 211
804.999 104 19996 210
805.999 103 19992 211
806.998 104 19994 211
807.999 106 19998 213
808.999 106 19995 213
809.997 107 19996 213
810.996 108 19998 213
811.998 109 19996 215
812.997 109 19999 215
813.998 108 19997 215
814.996 107 19998 215
816 105 19996 216
816.998 105 19998 216
817.999 104 19997 216
818.999 105 19995 217
820 105 19991 216
820.999 103 19994 213
822 104 19995 213
822.999 107 19995 214
823.998 108 19994 213
825 108 19992 213
825.999 107 19993 211
826.997 108 19993 211
828 109 19999 211
828.997 109 19999 210
829.999 108 19998 209
830.998 108 19996 209
831.999 105 19991 208
832.999 105 19994 209
833.997 105 19994 208
834.997 105 19997 208
836 102 19997 205
836.991 102 20000 204
838 102 19993 204
839 100 19992 206
839.999 101 19996 208
841 101 19991 209
841.999 102 19994 209
842.999 101 19998 208
843.996 100 19997 209
844.998 99 19993 207
845.999 100 19996 207
846.997 102 19995 209
847.999 102 19997 211
849 101 19996 209
849.998 101 19998 207
851 100 19990 206
851.998 100 19993 207
852.997 98 19996 205
854 99 19997 205
854.998 101 19993 208
856 102 19995 209
856.999 102 19996 209
857.995 102 19991 210
858.999 102 19997 210
860 105 19994 210
860.997 104 19999 213
861.999 103 19994 213
862.998 103 19995 213
863.999 102 19997 212
864.999 102 19996 212
865.996 102 19995 212
866.999 103 19997 213
867.995 104 19997 216
869 105 19995 217
869.997 106 19999 217
870.999 106 19995 217
872 105 19988 216
872.999 105 20000 216
873.998 106 19995 218
875 104 19997 218
875.998 104 19997 219
876.998 107 19995 218
877.998 108 19990 220
879 108 19994 220
880 107 19995 219
880.993 105 19997 218
881.997 107 19997 217
882.996 107 19998 217
883.993 107 20000 217
884.999 110 19997 216
886 109 19995 215
887 107 19994 214
888 105 19994 213
888.995 103 19994 211
889.999 102 19998 211
890.999 102 19998 210
892 104 19997 211
892.998 107 19990 211
894 105 19995 210
894.999 106 19997 208
896 105 19996 207
897 106 19997 208
898 108 19994 208
898.997 108 19995 209
900 108 19998 209
900.997 111 19998 209
902 111 19995 209
902.999 111 19994 211
904 109 19993 211
904.999 106 19993 208
905.998 107 19997 209
906.998 107 19999 209
907.998 106 19992 207
908.999 109 19998 207
910 112 19994 206
910.993 111 19998 202
912 110 19994 202
913 111 19994 204
914 112 19996 203
915 112 19996 203
915.996 109 19997 200
916.999 111 19999 201
918 112 19999 203
918.996 112 19998 205
920 114 19994 206
920.992 112 19996 204
921.997 111 19997 203
923 112 19997 203
923.996 114 19997 203
924.998 119 19996 204
925.995 119 19999 204
926.999 120 19999 205
927.999 118 19995 204
928.997 118 19994 203
929.999 119 19994 206
930.992 122 19997 206
931.988 123 19998 207
932.998 123 19996 207
933.996 121 19994 205
934.999 122 19995 207
935.996 120 19997 205
937 120 19992 204
937.996 121 19992 205
938.996 119 19996 204
939.997 119 19997 207
940.999 117 19993 206
941.996 117 19995 207
943 115 19994 204
943.999 115 19996 206
944.999 116 19998 204
946 116 19996 205
946.994 115 19995 205
947.998 114 19995 204
948.999 113 19992 203
949.998 110 19994 199
950.997 112 19994 201
951.998 112 19998 202
952.996 110 19996 200
953.991 109 19997 199
954.999 107 19996 197
956 107 19990 196
956.997 105 19996 195
957.998 105 19995 195
958.995 104 19995 194
959.999 103 19991 192
960.999 104 19993 193
962 102 19999 194
962.997 102 19995 194
964 105 19996 194
964.999 105 19996 196
965.998 105 19997 197
966.999 102 19993 196
968 103 19994 196
968.998 105 19997 196
969.996 106 19995 195
971 108 19998 195
971.999 109 19999 195
973 110 19996 195
973.999 109 19997 196
974.998 108 19995 196
975.999 108 19994 197
976.999 110 20000 198
977.998 108 19995 196
979 106 19996 192
979.998 107 19996 192
980.997 105 19997 190
982 105 19992 189
983 105 19994 191
984 103 19997 189
985 102 19995 188
986 102 19996 189
986.997 103 19994 191
987.999 101 19997 189
988.997 99 19996 187
990 98 19992 188
990.998 99 19995 190
991.999 101 19998 191
992.997 104 19998 191
994 105 19994 192
994.998 107 19998 193
995.997 108 19994 194
996.993 107 19995 194
997.998 108 19995 198
998.999 108 19996 200
999.999 110 19993 200
1000 110 19992 200
