0.999989 398 19999 398
1.99263 394 19996 394
2.99999 387 19999 387
3.99957 386 19998 386
4.99758 384 19998 384
5.99892 381 19995 382
6.99991 380 19991 381
7.99831 374 19997 375
8.99876 366 19997 368
9.99954 363 19998 366
10.9976 358 19995 361
11.9961 355 19997 358
13 355 19995 358
13.9933 352 19998 355
14.9951 348 19995 351
15.9965 345 19995 348
16.9986 344 19995 347
17.9967 342 19993 346
18.999 335 19998 340
19.9999 331 19993 336
20.9995 330 19996 335
21.9986 326 19995 332
22.9994 320 19995 326
23.9999 317 19998 324
24.9999 314 19993 322
25.9989 311 19994 320
26.9985 307 19998 317
27.9994 305 19993 315
28.9997 302 19994 314
29.9972 301 19996 313
30.9975 296 19996 308
31.9979 292 19995 304
32.9988 291 19993 302
33.9979 289 19993 300
34.9988 283 19993 294
35.9972 281 19995 292
36.9951 278 19996 290
37.9998 276 19993 289
38.9968 276 19998 289
39.9986 272 19998 287
40.9986 272 19994 288
41.9995 269 19997 286
42.9995 266 19998 285
43.9993 264 19994 285
44.9934 262 19999 284
45.9975 258 19994 282
46.9984 258 19995 283
47.997 254 19995 280
48.9998 249 19994 275
49.9989 246 19994 272
50.993 245 20000 272
51.9976 243 19998 269
52.9961 241 19998 266
53.9991 239 19995 266
54.9995 237 19991 265
55.9952 237 19998 264
56.9945 235 19998 262
57.9997 231 19995 260
58.9969 222 19996 252
59.9981 222 19993 251
60.9946 220 19995 251
61.9976 218 19993 251
62.9998 215 19996 249
63.9998 213 19999 247
64.9975 210 19995 245
65.9994 209 19994 245
66.9966 206 19994 244
67.9997 202 19995 239
68.9988 199 19996 239
69.9971 195 19997 235
70.9979 194 19997 235
71.9992 192 19999 235
72.999 189 19992 232
73.9947 189 19993 232
74.9992 189 19988 234
75.9958 187 19997 232
76.999 184 19998 230
77.9976 181 19995 227
78.9994 180 19994 226
80 178 19995 225
80.995 175 19997 221
81.9976 175 19999 222
82.9998 175 19993 222
83.9941 173 19998 220
84.9982 171 19999 218
85.9971 170 19995 217
86.9987 168 19998 216
87.9997 168 19993 217
88.9999 166 19997 214
89.9993 166 19992 214
90.9984 165 19995 213
91.9988 165 19993 213
92.9978 163 19994 209
93.9997 162 19996 209
94.9975 161 19994 209
95.9995 161 19995 210
96.9937 160 19995 210
97.9999 159 19996 208
98.9996 159 19998 210
99.9979 161 19997 211
101 160 19994 211
101.996 159 19996 211
102.998 160 19993 212
103.996 157 19999 209
105 156 19998 208
106 155 19995 207
107 155 19998 207
107.999 157 19995 209
108.999 157 19994 208
109.996 157 19995 207
110.999 155 19995 206
111.998 158 19991 206
112.997 155 19998 204
113.994 149 19999 197
115 149 19995 198
115.999 148 19995 198
116.999 148 19996 199
117.997 148 19997 199
118.997 144 19997 194
119.993 140 19995 190
120.997 140 19998 189
121.999 139 19996 187
122.997 139 19998 186
123.999 137 19997 185
124.998 133 19995 181
126 133 19994 180
127 131 19995 179
127.999 130 19994 180
128.996 128 19991 179
129.999 126 19993 177
130.999 124 19989 175
132 125 19998 175
133 124 19994 172
133.999 125 19994 172
135 125 19996 172
135.999 125 19998 171
136.994 126 19995 173
138 124 19996 171
138.999 124 19997 172
140 124 19996 171
140.998 121 19991 169
142 122 19994 171
143 121 19997 173
143.999 122 19994 174
145 120 19993 173
145.999 120 19997 174
147 121 19997 175
147.995 123 19995 175
149 123 19996 174
149.997 121 19993 172
150.998 120 19998 173
151.994 119 19996 173
153 116 19996 171
153.998 115 19994 170
154.999 115 19998 170
155.993 116 19998 170
157 116 19994 171
157.999 117 19997 171
158.999 117 19996 171
160 117 19999 172
160.998 117 19997 173
161.997 117 19995 174
162.997 117 19994 176
164 119 19997 175
164.998 116 19996 176
166 117 19990 177
166.999 117 19998 176
167.998 115 19996 176
168.998 116 19994 177
169.998 117 19996 178
170.999 118 19992 178
171.999 115 19997 175
173 113 19995 175
173.997 114 19998 176
175 115 19995 178
176 115 19996 178
176.998 115 19992 178
177.996 116 19997 179
179 117 19991 179
179.998 117 19992 182
180.998 117 19994 182
181.995 118 19994 182
182.999 117 19998 183
184 117 19994 182
184.999 114 19994 181
185.998 114 19997 181
186.996 114 19996 180
188 112 19994 178
188.994 113 19995 179
189.996 113 19997 181
190.997 113 19998 181
191.998 113 19996 181
192.998 114 19999 180
193.998 114 19996 181
194.998 113 19996 179
195.997 112 19993 180
196.997 114 19998 181
197.987 112 19996 182
198.999 110 19998 179
199.995 111 19995 179
200.997 110 19995 179
201.997 110 19996 180
202.999 112 19996 180
203.996 112 19999 181
204.999 114 19995 182
205.997 114 19997 182
206.997 115 19999 183
207.998 116 19996 184
208.999 116 19996 188
210 116 19996 189
211 112 19994 185
211.997 111 19999 184
212.996 107 19994 181
213.998 109 19994 182
214.999 110 19999 183
215.999 106 19993 179
216.996 106 19994 179
218 104 19995 177
218.997 103 19995 177
219.998 103 19995 179
220.996 104 19997 179
222 104 19996 180
222.999 104 19995 181
224 105 19995 181
224.999 103 19996 180
225.998 102 19996 180
226.999 104 19994 181
227.997 102 19990 180
229 100 19998 178
229.997 99 19995 177
230.999 99 19996 178
232 98 19995 178
232.999 99 19995 179
233.998 101 19993 181
234.997 101 19997 184
235.998 97 19996 180
236.998 97 19994 181
238 97 19995 181
238.994 98 19995 182
239.999 93 19995 177
240.998 92 19996 176
242 92 19996 177
242.999 92 19996 178
243.999 92 19997 177
244.997 91 19994 178
245.998 90 19995 177
246.995 90 19997 180
247.999 91 19994 180
248.997 91 19993 179
250 92 19997 179
251 91 19995 179
251.993 90 19996 177
252.999 90 19994 177
254 90 19996 177
255 92 19995 179
255.999 90 19994 176
257 90 19995 177
258 90 19994 177
258.998 90 19994 176
259.999 89 19994 175
260.999 91 19994 176
261.999 92 19996 178
263 90 19995 176
264 95 20000 177
264.999 93 19994 176
266 93 19992 178
267 92 19994 176
267.998 89 19993 175
269 88 19995 174
269.998 90 19995 175
270.999 90 19996 173
271.998 91 19996 176
272.999 90 19994 174
274 91 19996 174
274.999 92 19993 176
275.998 91 19997 175
277 91 19997 175
277.999 91 19996 175
278.999 91 19996 176
280 89 19994 175
280.999 90 19998 176
281.998 89 19997 176
282.977 88 20000 175
283.994 87 19997 175
285 88 19997 176
285.998 89 19999 176
286.995 88 19995 174
288 89 19998 175
289 90 19993 177
289.999 89 19994 176
290.999 87 19995 175
291.999 88 19998 175
293 88 19993 174
293.993 87 19995 174
295 88 19992 175
295.992 86 19996 175
296.999 85 19994 174
298 88 19997 173
299 86 19995 171
299.999 85 19995 170
300.997 85 19998 171
301.999 83 19995 170
302.999 84 19995 170
303.999 86 19996 170
304.998 86 19996 168
305.997 87 19995 169
307 85 19996 166
307.996 83 19995 165
308.999 83 19997 165
309.999 83 19994 166
311 83 19991 167
311.999 84 19997 170
313 84 19994 171
313.998 83 19996 172
314.999 83 19994 173
315.999 82 19994 172
316.999 83 19998 174
317.998 83 19996 174
318.998 85 19994 173
319.998 86 19996 174
321 85 19997 172
321.996 85 19996 171
322.999 86 19997 171
323.999 87 19991 174
325 89 19997 175
325.997 88 19998 175
326.996 88 19994 178
328 90 19997 179
329 89 19991 179
329.998 91 19996 182
330.999 92 19996 182
331.999 93 19995 181
332.997 92 19997 181
334 91 19996 181
334.999 92 19994 180
336 91 19995 178
336.997 90 19999 177
337.999 90 19998 176
338.999 90 19993 175
339.999 91 19989 177
340.996 91 19999 177
341.998 89 19993 178
342.995 88 19996 177
343.998 90 19996 177
344.995 91 19997 179
346 89 19999 176
346.998 88 19998 176
348 88 19996 175
349 86 19998 172
350 86 19996 174
350.999 85 19995 175
351.984 85 19996 176
353 85 19996 177
353.999 85 19994 177
354.999 85 19998 179
356 85 19996 180
356.999 85 19995 179
357.99 82 19998 177
359 82 19995 177
359.999 80 19999 175
361 81 19997 176
361.993 82 19997 175
363 82 19992 174
363.998 83 19997 174
364.988 83 19996 173
365.995 85 19997 172
367 85 19992 171
368 86 19999 171
369 87 19995 172
369.998 87 19993 173
371 87 19993 173
371.998 84 19994 170
372.999 81 19994 168
373.997 81 19998 167
374.998 81 19996 167
375.995 79 19997 167
376.997 79 19994 167
378 79 20000 169
378.998 79 19998 169
379.996 80 19993 167
380.999 84 19993 168
382 84 19994 168
382.99 83 19998 168
384 84 19994 166
385 85 19996 167
385.998 86 19990 169
386.999 85 19998 172
387.995 86 19995 172
388.996 87 19995 174
389.998 87 19995 173
390.999 85 19998 171
392 84 19998 171
392.998 84 19997 174
394 84 19993 173
394.998 85 19993 172
396 85 19996 171
396.999 85 19999 171
397.998 85 19992 171
398.999 86 19996 174
399.992 86 19996 174
400.999 86 19997 174
401.999 85 19993 173
402.998 84 19993 174
403.993 84 19995 174
404.999 83 19997 172
405.996 82 19995 173
406.997 82 19994 173
408 82 19992 174
408.999 83 19997 174
409.999 82 19999 173
410.999 82 19995 174
412 82 19995 173
412.992 82 19998 173
414 81 19993 170
415 82 19995 170
415.997 82 19988 172
417 82 19991 174
417.998 82 19997 174
418.998 86 19997 174
420 87 19994 176
420.999 88 19993 176
422 88 19997 176
423 86 19998 178
423.992 87 19995 180
424.999 87 19993 181
425.998 86 19996 184
426.998 85 19995 183
427.999 86 19998 182
428.999 86 19996 181
429.997 89 19997 182
430.997 88 19999 183
432 91 19994 184
432.998 89 19995 182
434 88 19996 182
434.999 88 19996 181
435.999 90 19996 183
436.999 89 19994 182
438 89 19993 182
439 89 19996 181
439.999 89 19994 183
440.999 90 19992 186
442 89 19995 187
443 88 19998 188
443.999 89 19994 189
444.999 88 19995 187
445.999 88 19999 187
446.997 88 19994 187
447.999 88 19997 187
448.997 89 19998 190
449.999 88 19996 188
451 86 19995 185
452 85 19994 187
452.999 85 19996 188
453.997 86 20000 189
454.999 86 19993 187
455.996 85 19998 187
456.998 86 19999 187
457.997 87 19996 188
458.999 89 19996 189
459.997 89 19995 189
461 89 19991 190
461.999 90 19995 190
462.999 93 19997 191
463.998 94 19999 191
464.995 96 19997 193
465.998 95 19998 194
466.999 96 19992 196
468 98 19997 197
469 97 19993 196
469.999 98 19998 197
471 100 19994 199
471.998 99 19998 200
473 98 19996 199
474 97 19993 197
474.995 98 19994 199
475.997 97 19996 198
476.997 97 19997 197
477.997 99 19993 198
478.996 99 19996 199
479.999 101 20000 198
481 102 19998 199
481.997 103 19993 201
483 104 19994 202
483.993 103 19998 202
484.997 103 19998 202
486 103 19998 201
486.998 102 19997 202
488 99 19992 199
489 97 19995 197
489.999 96 19996 197
491 95 19996 196
491.999 95 19995 197
493 96 19995 198
493.996 100 19994 198
495 99 19997 200
495.991 97 19995 198
496.99 96 19999 197
497.999 95 19994 197
499 97 19997 196
499.997 100 19993 195
500.996 98 19994 194
501.999 98 19995 193
502.997 103 19993 193
503.996 104 19998 193
504.998 105 19996 194
505.999 107 19996 195
506.996 109 19993 196
508 107 19993 199
508.999 106 19998 199
509.993 106 19995 198
510.999 106 19994 198
511.999 107 19992 198
512.996 108 19997 195
513.998 109 19995 195
515 110 19997 196
515.998 111 19996 197
516.998 110 19998 196
517.998 111 19997 196
518.998 110 19996 197
519.998 110 19995 197
520.997 110 19996 198
521.998 106 19996 194
522.999 106 19996 195
524 106 19998 194
524.998 109 19993 194
525.999 109 19996 194
526.996 111 19992 192
528 109 20000 191
529 110 19996 191
529.997 108 19997 189
531 107 19994 189
531.997 107 19996 187
533 105 19997 186
533.999 105 19994 187
535 102 19997 185
536 101 19997 186
537 101 19990 187
537.998 101 19992 187
538.999 103 19998 188
539.996 102 19996 190
540.999 102 19997 192
541.998 102 19996 190
542.995 101 19997 191
543.997 100 19994 191
544.996 100 19998 192
545.998 97 19999 189
546.997 95 19998 186
548 92 19992 185
548.997 92 19997 183
550 93 19994 184
550.999 94 19991 183
551.999 95 19999 184
552.995 92 19998 182
553.999 90 19994 180
554.999 90 19995 180
555.998 90 19997 181
556.999 91 19999 181
558 92 19993 180
559 92 20000 180
560 94 19998 180
560.997 94 19998 180
561.999 92 19996 179
562.994 92 19998 180
564 92 19998 182
565 90 19996 181
565.998 91 19995 184
566.997 92 19994 184
568 92 19996 185
568.998 92 19995 187
569.998 93 19996 188
571 95 19993 188
571.999 96 19997 188
573 94 19997 186
573.997 94 19996 185
574.997 97 19999 186
575.999 97 19992 187
576.999 95 19993 186
578 94 19994 187
578.999 95 19995 188
580 99 19993 189
580.999 101 19996 189
581.999 102 19995 189
582.999 104 19998 189
584 106 19997 188
584.999 108 19992 188
585.997 105 19999 185
586.997 103 19997 183
588 103 19993 184
589 103 19996 183
589.998 103 19998 183
590.997 104 19998 183
592 102 19996 180
592.999 102 19998 183
593.995 103 19995 182
595 105 19998 185
595.999 103 19995 184
596.997 102 19999 186
597.999 102 19992 187
598.999 103 19996 188
599.998 102 19998 187
601 103 19993 188
601.999 102 19995 186
602.994 102 19998 189
603.994 104 19998 189
604.998 104 19997 189
606 105 19995 189
607 103 19993 186
607.997 102 19996 187
608.997 102 19998 187
609.998 101 19996 187
610.996 102 19997 188
611.998 101 19997 188
613 100 19994 187
614 100 19997 187
615 103 19996 188
616 105 19994 189
616.999 107 19999 188
617.998 107 19996 188
619 108 19993 188
619.999 108 19993 188
620.999 107 19997 188
621.999 108 19996 193
622.997 108 19996 193
623.999 108 19999 193
624.999 107 19995 194
626 107 19996 193
626.99 106 19998 194
627.994 103 19996 193
628.999 102 19995 193
629.999 103 19995 195
630.998 104 19994 196
631.999 105 19994 197
632.997 105 19995 196
633.997 104 19997 195
634.997 103 19996 195
636 103 19999 199
637 102 19995 200
637.995 103 19997 198
638.997 101 19996 199
640 102 19998 199
641 102 19994 199
641.999 103 19997 199
642.999 103 19994 199
644 104 19997 200
645 104 19996 199
645.999 103 19993 198
646.997 103 19998 197
647.999 106 19996 198
648.992 108 19993 198
650 107 19989 198
650.997 108 19997 198
652 110 19995 200
653 110 19992 199
654 111 19994 200
654.999 110 19997 200
655.997 111 19996 200
657 111 19993 199
658 111 19995 200
658.998 110 19997 202
660 109 19993 201
660.999 111 19994 201
661.997 111 19995 206
662.995 110 19991 207
663.998 112 19997 206
664.999 113 19996 211
665.999 114 19994 210
667 113 19995 211
667.998 113 19995 211
668.998 111 19998 209
669.995 111 19999 210
670.996 111 19998 208
671.999 109 19997 206
672.997 111 20000 206
674 109 19993 207
675 110 19994 207
675.998 111 19994 209
676.998 112 20000 209
677.998 113 19998 211
678.995 114 19995 213
679.998 113 19994 212
680.996 113 19995 214
681.998 114 19997 216
682.994 116 19997 217
683.999 118 19995 218
685 119 19997 221
685.999 118 19994 219
687 118 19993 221
687.997 116 19995 217
688.997 116 19993 218
690 117 19994 218
691 115 19993 217
692 117 19997 217
692.999 118 19993 218
694 119 19992 221
695 119 19996 221
696 117 19998 219
696.999 117 19994 218
697.996 118 19995 219
698.997 120 19998 219
700 122 19991 217
700.999 121 19994 218
701.999 123 19997 219
703 123 19997 220
703.999 126 19994 221
705 127 19993 220
706 125 19995 219
706.997 124 19999 222
707.998 121 19991 220
708.993 120 19997 219
709.994 119 19999 219
711 120 19996 219
712 120 19995 221
712.997 117 19997 220
713.996 116 19999 220
715 117 19996 221
715.998 117 19996 220
717 117 19998 222
717.997 115 19992 220
718.998 114 19996 220
719.999 114 19999 220
721 115 19995 220
721.998 117 19993 219
723 118 19995 219
723.997 117 19994 219
725 117 19995 219
726 116 19997 218
726.999 119 19996 219
727.999 117 19995 218
729 117 19992 217
730 114 19998 216
730.994 111 19993 215
731.999 109 19995 216
732.999 108 19997 216
733.998 105 19998 213
734.999 106 19997 211
736 105 19997 210
737 106 19994 210
737.998 105 19997 209
738.995 103 19996 207
740 104 19995 208
741 104 19996 211
742 107 19992 212
742.999 106 19996 210
744 105 19990 210
744.996 104 19996 209
745.996 105 19998 207
746.998 103 19995 204
747.997 103 19994 204
749 102 19994 204
750 104 19993 203
751 103 19999 202
751.999 102 19995 201
753 101 19997 202
753.999 100 19994 202
754.998 100 19995 202
755.993 101 19999 204
756.996 102 19997 204
757.999 101 19991 205
758.999 102 19997 204
760 101 19998 203
761 100 19992 207
761.999 100 19994 207
762.997 99 19996 206
763.996 96 19991 203
764.999 98 19999 203
765.995 99 19997 202
766.999 98 19996 202
767.994 98 19995 203
768.999 98 19995 202
770 95 19989 200
770.998 96 19997 202
771.996 97 19994 204
772.999 98 19994 207
773.997 97 19995 207
774.998 96 19998 208
775.998 97 19996 208
776.995 95 19996 205
777.999 99 20000 205
779 99 19993 206
780 98 19995 206
780.996 98 19996 205
782 98 19996 204
782.998 97 19993 206
784 97 19994 207
784.999 95 19996 206
786 97 19993 208
786.995 96 19996 207
788 96 19996 207
788.995 96 19996 206
790 96 19997 208
790.996 95 19998 207
791.999 94 19996 205
792.996 95 19995 205
793.992 97 19997 207
794.999 99 19997 208
795.994 98 19996 208
796.994 99 19996 208
797.996 97 19996 205
798.997 97 19994 205
799.999 98 19997 206
800.997 99 19997 206
802 101 19996 205
803 101 19995 204
804 99 19994 204
804.997 98 19994 203
805.998 98 19995 202
806.999 98 19998 202
807.997 98 19996 205
808.997 98 19995 205
810 98 19998 206
811 97 19994 203
812 94 19997 202
813 94 19994 202
813.998 93 19996 202
814.999 94 19990 204
815.997 96 19999 205
816.996 97 19996 206
817.999 97 19997 206
818.999 98 19997 210
819.995 99 19997 213
821 100 19998 212
821.999 100 19996 212
822.999 100 19996 212
823.998 100 19995 211
824.999 103 19992 211
825.996 103 20000 211
826.995 104 19993 215
827.993 104 20000 217
828.997 104 19994 217
830 104 19997 217
830.998 106 19993 215
832 105 19996 213
832.999 105 19995 214
833.998 104 19996 214
834.999 101 19996 211
836 101 19994 211
837 102 19995 212
837.999 102 19997 211
838.997 102 19996 210
839.999 102 19994 210
841 104 19990 214
842 104 19996 214
842.994 104 19997 214
844 104 19997 213
844.997 105 19997 213
845.999 106 19995 213
846.998 107 19997 214
848 109 19998 214
848.998 107 19997 212
850 108 19992 212
850.997 107 19998 210
852 107 19998 209
852.995 109 19996 208
854 109 20000 208
854.998 111 19995 209
855.998 112 19996 208
856.999 111 19996 210
858 110 19993 209
859 111 19994 210
859.999 113 19996 211
860.998 113 19997 212
861.996 114 19994 209
862.999 114 19994 209
864 114 19995 207
865 115 19994 207
865.998 110 19998 202
866.998 111 19997 203
867.999 110 19993 204
868.998 111 19995 205
869.999 110 19995 205
871 110 19993 206
871.999 108 19991 204
872.998 105 19992 203
874 105 19995 203
874.999 106 19998 204
875.998 106 19997 204
876.993 107 19996 203
877.999 107 19995 202
879 107 19999 201
879.999 105 19998 197
881 105 19998 198
881.999 100 19993 194
882.998 98 19997 194
883.999 98 19995 194
885 97 19991 198
886 98 19998 197
886.999 97 19995 196
887.998 97 19999 195
889 95 19999 193
889.999 95 19998 194
890.999 95 19998 194
891.999 96 19996 194
892.994 96 19993 199
894 97 19991 201
895 97 19996 201
895.999 99 19994 203
896.999 99 19995 203
897.999 98 19996 201
898.999 98 19995 202
899.998 98 19996 203
900.998 97 19994 201
901.997 96 19997 201
903 96 19993 203
904 96 19997 203
904.999 97 19995 204
905.999 96 19995 204
906.999 94 19996 203
908 95 19996 205
909 97 19993 205
909.998 99 19996 205
910.999 100 19997 205
912 103 19997 207
913 103 19994 206
914 102 19999 206
915 99 19992 204
916 99 19997 204
916.998 101 19994 203
917.998 100 19998 201
918.999 97 19998 200
919.999 96 19996 200
920.998 96 19996 200
922 96 19996 201
923 95 19992 200
923.997 97 19998 200
924.997 101 19996 200
925.999 102 19996 201
927 103 19997 200
928 102 19996 200
929 103 19996 201
929.999 104 19997 201
930.999 104 19994 202
931.999 104 19995 199
932.999 101 19996 199
933.998 102 19997 198
934.998 102 19997 198
935.999 103 19998 198
936.999 102 19995 197
937.999 102 19997 196
938.999 103 19997 197
939.992 103 19999 197
940.997 102 19998 196
941.998 101 19990 195
943 102 19996 195
943.996 103 19998 195
945 104 19995 194
946 105 19996 196
946.999 104 19987 196
947.998 102 19996 195
948.996 103 19996 195
950 106 19995 195
950.999 104 19996 196
951.999 105 19997 198
953 103 19996 195
953.999 104 19996 195
955 103 19993 193
955.995 103 19995 193
957 102 19997 191
957.999 100 19997 190
959 99 19993 188
959.999 101 19997 188
960.997 99 19997 189
961.999 99 19996 189
962.998 96 19993 187
963.999 98 19998 187
964.999 100 19996 189
966 101 19993 189
966.998 103 19994 190
967.997 102 19996 190
968.998 102 19998 189
970 105 19998 189
970.999 106 19993 191
971.997 106 19999 190
972.998 107 19997 190
973.998 106 19994 190
974.995 109 19997 190
975.999 107 19994 189
977 105 19997 187
977.99 105 19997 188
978.998 106 19996 188
979.998 107 19996 187
980.996 106 19995 187
981.996 106 19999 187
982.999 107 19995 189
983.999 108 19996 189
984.993 106 19998 187
985.997 103 19997 185
986.999 100 19994 181
988 99 19994 182
989 100 19992 182
989.999 99 19997 181
990.996 99 19999 184
991.995 100 19998 184
993 99 19992 181
994 97 19996 181
994.978 94 20000 178
995.999 93 19991 177
996.998 95 19998 177
997.997 94 19995 177
999 97 19995 180
999.999 97 19995 181
1000 97 19995 181
