0.992655 398 19996 398
1.99878 395 19997 395
2.99971 388 19994 388
3.99416 382 19993 382
4.99817 378 19994 378
5.99776 370 19998 370
6.99837 365 19994 365
7.9971 361 19995 363
8.99779 359 19994 361
9.99972 357 19996 359
11 352 19995 355
11.9992 349 19994 354
12.9997 346 19997 352
13.9982 345 19998 351
14.9987 341 19998 347
15.9995 340 19990 348
16.9949 339 19994 346
17.9996 337 19997 345
18.9991 336 19996 345
19.9994 333 19997 343
20.998 329 19995 341
21.9967 325 19995 337
22.9997 322 19998 335
23.9964 322 19993 336
24.9991 316 19996 330
25.9985 316 19997 329
26.9997 314 19995 329
27.997 310 19994 325
28.9909 308 19995 323
29.9982 305 19996 322
30.9993 303 19997 322
31.9964 300 19995 319
32.9996 299 19995 318
33.9997 297 19996 316
34.9999 296 19994 314
35.9998 292 19997 310
37 292 19994 309
37.9961 289 19997 308
38.9992 286 19995 305
39.9976 283 19998 303
40.9991 281 19993 302
41.9903 279 19998 300
42.9971 278 19995 298
43.9981 274 19994 294
44.9991 272 19994 294
45.9978 268 19998 291
46.9957 264 19998 288
47.9999 259 19995 283
48.9981 256 19996 284
49.9986 256 19997 284
50.9998 255 19996 284
51.9977 252 19994 281
52.997 252 19995 282
54 252 19993 284
54.9999 252 19996 285
55.9996 251 19996 284
56.9984 250 19996 282
57.9995 250 19994 281
58.9966 248 19993 278
59.9989 247 19995 279
60.9993 242 19996 275
61.9969 243 19999 275
62.9946 240 19997 272
63.9998 238 19995 272
64.9994 239 19996 274
65.9976 237 19997 274
66.9982 235 20000 273
67.9992 234 19996 272
68.9959 235 19999 271
69.9969 235 19996 270
70.9995 235 19998 270
71.9998 232 19991 269
72.9962 231 19996 268
73.998 230 19998 267
74.9985 228 19999 264
75.9998 224 19996 262
76.9983 224 19997 260
77.9993 225 19994 262
78.998 223 19996 262
79.9948 223 19999 261
80.9994 222 19996 261
81.9978 222 19995 264
82.9983 223 19994 263
83.9992 221 19993 261
84.9988 219 19993 262
85.996 219 19995 262
86.9985 215 19995 259
87.9932 213 19997 257
88.9993 214 19997 257
89.9996 212 19996 255
90.9991 211 19996 254
91.9964 210 19995 254
92.9993 209 19993 253
93.9911 208 19999 251
94.9982 206 19997 250
95.9995 203 19994 245
96.9996 200 19992 242
97.9993 201 19998 244
98.9946 199 19998 244
99.9991 198 19996 245
100.999 197 19995 245
101.999 193 19998 240
102.999 190 19997 238
103.999 189 19996 236
104.995 188 19998 237
105.997 188 19992 238
107 189 19999 238
108 187 19998 236
108.997 186 19997 235
109.999 183 19994 232
110.999 181 19998 228
111.999 181 19996 229
112.999 178 19997 229
113.995 178 19999 228
114.995 176 19995 229
115.999 172 19996 225
116.999 172 19998 226
118 172 20000 227
118.997 173 19995 227
119.999 174 19996 228
120.999 172 19992 229
121.996 173 19996 233
122.999 171 19996 231
123.999 169 19997 227
125 167 19996 225
125.998 167 19994 223
127 165 19995 220
128 165 19994 219
128.997 164 19997 219
129.995 165 19993 219
130.999 165 19996 219
132 164 19995 219
132.999 163 19993 218
134 162 19996 217
134.999 160 19995 216
135.995 159 19999 215
136.999 159 19995 215
137.993 156 19995 213
139 155 19993 213
139.997 155 19995 213
141 158 19997 212
141.998 158 19988 211
143 156 19997 209
143.997 154 20000 207
144.997 152 19996 205
145.999 151 19996 204
146.999 150 19998 203
147.998 150 19996 204
148.997 150 19997 206
149.999 147 19993 203
150.996 147 19997 204
151.997 146 19997 204
153 145 19996 203
153.995 143 19995 203
154.998 139 19997 199
155.998 138 19996 199
157 138 19994 199
157.993 137 19997 200
158.999 135 19996 201
159.997 134 19993 203
160.998 135 19998 202
162 134 19996 200
162.999 134 19995 203
163.999 134 19995 202
164.996 133 19999 200
165.999 133 19997 200
166.999 134 19995 200
167.999 135 19992 200
168.999 131 19998 197
169.997 131 19996 197
170.997 130 19996 197
171.996 126 19998 192
173 126 19994 191
173.996 126 19997 191
174.996 125 19990 191
175.999 123 19997 189
176.998 121 19994 191
177.997 123 19998 195
178.999 124 19993 194
179.999 125 19996 194
180.999 125 19998 193
182 122 19995 189
183 123 19992 187
183.999 123 19993 187
184.998 122 19996 187
185.987 122 19999 187
187 123 19994 186
188 122 19997 187
188.999 123 19996 187
189.999 122 19996 186
191 120 19997 187
191.999 121 19996 187
192.999 119 19994 185
193.998 117 19991 184
195 118 19996 187
195.996 118 19997 188
197 121 19995 189
197.996 119 19999 190
198.998 120 19997 191
199.999 117 19997 189
200.999 118 19993 189
201.998 116 19997 187
202.999 118 19993 188
204 114 19996 186
205 113 19994 184
205.995 111 19997 182
206.998 113 19996 183
208 112 19996 182
208.994 111 19997 180
210 112 19996 180
210.999 111 19997 179
212 111 19999 180
212.999 108 19992 177
214 108 19994 179
215 105 19993 177
215.996 105 19998 178
217 105 19999 177
217.997 104 19996 176
218.997 107 19995 176
219.996 107 19996 174
221 107 19995 175
222 108 19996 176
223 106 19996 175
224 108 19995 177
224.999 108 19994 177
225.997 108 19998 177
226.998 108 19997 177
227.998 108 19996 178
228.996 107 19992 176
230 106 19994 175
230.999 105 19994 175
231.998 104 19995 175
232.999 104 19994 175
233.996 105 19998 175
234.999 104 19996 175
235.998 106 19997 174
236.996 106 19998 173
238 104 19992 171
238.999 103 19992 170
239.995 104 19997 169
241 105 19991 171
242 103 19996 170
242.999 100 19998 166
244 101 19994 168
244.994 99 19994 168
246 99 19998 169
246.996 97 19994 167
247.991 97 19997 167
248.998 96 19995 168
249.999 96 19994 168
251 96 19993 167
251.998 95 19995 167
252.993 96 19996 169
254 96 19998 170
254.995 93 19998 167
255.994 92 19996 166
256.996 92 19997 167
257.998 92 19997 166
258.998 92 19998 166
259.999 92 19998 167
260.999 90 19998 165
262 92 19995 165
262.999 92 19994 166
263.999 90 19995 165
265 90 19998 164
265.999 89 19996 164
266.997 89 19996 165
268 87 19997 162
268.998 84 19995 159
270 84 19993 159
270.991 85 19999 159
272 83 19996 159
272.999 85 19992 160
274 86 19993 161
275 86 19999 161
275.998 86 19995 161
276.986 86 19999 160
277.988 86 19995 161
279 85 19997 162
279.999 87 19994 161
281 87 19996 161
281.997 86 20000 159
282.996 84 19997 156
283.997 83 19996 156
285 82 19998 154
285.998 83 19997 154
286.997 83 19996 153
288 83 20000 157
288.998 80 19997 154
289.997 82 19996 156
291 79 19995 154
291.999 79 19998 154
292.999 78 19995 153
294 79 19994 154
294.999 80 19997 155
296 80 19991 157
296.995 78 19994 155
297.992 76 19996 153
298.999 76 19997 155
299.991 77 19997 156
301 77 19994 156
301.998 76 19996 155
302.999 77 19998 156
303.992 76 19997 156
305 78 19998 157
305.999 79 19996 158
306.998 80 19995 158
307.995 80 19996 160
309 79 19993 159
310 79 19995 159
311 78 19994 160
312 80 19995 160
312.997 79 19999 159
314 80 19990 160
314.999 80 19996 158
315.999 81 19996 157
316.999 81 19998 158
318 81 19997 158
318.995 80 19998 158
320 80 19993 158
321 79 19996 157
321.999 81 19998 158
323 80 19994 157
323.998 80 19992 158
325 81 19995 158
326 80 19995 156
326.996 81 19996 156
327.999 81 19992 157
328.999 82 19993 158
329.999 83 19996 159
330.999 83 19992 161
332 82 19994 160
333 81 19993 159
333.995 79 19998 159
335 78 19994 158
335.999 78 19997 159
336.997 77 19997 159
337.999 76 19996 157
338.997 74 20000 156
339.999 73 19994 156
340.999 73 19994 155
341.999 72 19991 154
343 72 19997 154
343.999 73 19994 155
345 73 19997 155
345.999 73 19993 155
346.999 73 19995 155
347.993 75 19998 155
348.993 76 20000 157
350 76 19993 158
350.999 75 19993 160
351.994 76 19996 161
352.998 75 19998 163
353.993 74 19992 161
355 75 19994 161
355.996 74 19998 160
357 73 19994 159
357.997 73 19994 160
359 72 19993 160
359.999 73 19996 159
360.999 74 19994 159
361.999 75 19998 159
362.993 76 19996 159
363.995 75 19996 156
364.997 74 19992 159
365.99 74 19999 160
366.996 71 19991 158
367.998 70 19994 159
368.998 70 19994 160
369.995 72 19993 160
371 72 19994 159
372 73 19993 160
372.999 73 19997 159
373.999 73 19996 158
374.993 72 19996 158
375.999 72 19995 157
376.998 72 19992 157
377.999 72 19997 157
379 71 19997 158
380 72 19999 157
380.999 72 19992 157
381.995 73 19994 158
383 72 19995 156
384 73 19997 156
384.998 73 19995 156
385.999 72 19995 156
386.999 72 19999 157
387.998 73 19993 159
388.997 74 19997 161
389.99 74 19996 160
390.999 74 19996 162
391.999 75 19998 162
393 74 19995 163
394 74 19995 163
394.999 75 20000 164
396 74 19992 163
397 76 19992 166
397.995 78 19992 167
398.997 79 19996 171
400 78 19992 173
400.998 78 19994 175
401.997 77 19992 174
402.999 76 19993 173
403.996 77 19996 175
404.999 77 19997 177
405.997 77 19996 178
406.999 74 19997 177
408 74 19995 176
408.999 74 19997 175
409.998 74 19993 174
410.999 74 19995 176
411.998 74 19995 176
412.999 73 19993 177
413.996 73 19995 179
414.998 76 19995 180
415.997 76 19999 183
416.999 75 19992 183
417.998 75 19995 184
419 76 19993 183
420 76 19993 185
420.999 76 19996 185
422 75 19993 185
423 76 19994 186
423.998 76 19991 187
424.999 76 20000 187
425.997 77 19997 187
426.998 78 19998 190
427.998 79 19996 191
428.998 80 19996 189
430 80 19997 189
431 82 19994 192
431.999 82 19995 193
433 82 19995 194
433.999 83 19993 195
434.999 82 19993 194
436 81 19991 195
436.998 81 19995 194
438 82 19993 195
438.998 80 19996 193
439.997 81 19995 197
441 83 19995 197
442 83 19995 196
443 83 19993 194
444 82 19998 194
445 82 19998 194
446 81 19991 195
446.998 81 19995 196
447.999 80 19998 197
448.999 79 19994 198
450 80 19997 197
451 79 19992 196
451.994 78 19994 196
452.999 80 19994 197
453.998 80 19999 196
455 80 19995 196
455.991 80 19996 197
456.997 78 19993 196
458 78 19995 197
459 79 19995 195
460 80 19996 196
461 82 19991 197
462 81 19998 198
462.999 79 19994 197
464 76 19994 195
464.996 78 19996 196
465.993 78 19997 195
467 79 19996 196
467.998 79 19995 196
468.995 80 19995 198
470 81 19996 200
470.998 81 19996 200
471.999 81 19993 202
472.999 81 19999 203
473.999 83 19996 204
474.997 85 19995 206
475.998 83 19996 204
476.996 85 19996 206
477.998 85 19995 210
478.999 84 19995 207
479.998 83 19994 206
481 83 19995 206
481.996 84 19991 206
483 85 19997 207
483.996 87 20000 207
485 87 19996 209
485.998 86 19994 209
487 88 19994 209
487.999 89 19996 209
488.996 88 19993 210
490 88 19995 210
490.998 88 19996 210
491.999 91 19994 210
493 92 19994 212
493.999 92 19996 213
494.999 91 19994 213
495.997 89 19999 209
496.999 90 19998 212
497.997 90 19996 211
498.998 88 19992 209
499.998 90 19991 210
500.998 90 19994 211
502 89 19996 210
502.999 88 19994 210
503.993 90 19995 210
505 94 19993 212
505.993 92 19995 211
507 90 19992 211
508 91 19994 212
508.998 91 19997 213
509.999 90 19999 213
510.999 92 19995 214
512 93 19994 214
512.998 90 19996 211
513.999 89 19995 211
514.997 88 19998 213
516 90 20000 214
516.999 91 19998 213
517.996 90 19996 214
518.999 92 19995 214
519.999 91 19995 213
521 89 19993 212
521.999 89 19995 212
522.999 89 19995 214
524 90 19994 214
525 90 19995 215
525.992 90 19997 214
527 89 19994 217
527.997 89 19997 219
529 91 19994 220
529.998 91 19991 221
530.999 95 19998 221
531.998 97 19999 222
532.999 97 19994 221
534 98 19995 225
535 100 19995 227
536 101 19996 227
536.999 100 19997 225
537.997 100 19995 226
538.999 101 19999 227
539.999 104 19994 229
540.999 105 19996 229
541.995 103 19996 227
542.999 103 19995 227
544 103 19996 225
544.999 105 19994 225
545.999 106 19996 226
546.998 107 19993 228
547.999 105 19997 225
548.998 104 19994 224
549.998 103 19996 224
550.999 104 19994 229
551.999 106 19995 230
552.997 103 19995 228
553.998 102 19993 228
554.998 102 19999 227
555.999 102 19992 227
556.999 101 19997 226
557.998 101 19997 226
558.998 101 19996 223
559.998 104 19995 228
560.998 103 19997 228
561.996 99 20000 225
562.999 99 19993 224
563.999 100 19995 225
565 101 19995 226
566 103 19989 226
566.999 105 19996 228
567.999 106 19999 228
568.998 107 19997 230
569.999 104 19995 230
571 105 19995 231
571.976 106 20000 233
572.996 106 19993 233
573.999 108 19996 235
574.999 108 19997 234
575.991 110 19999 234
576.999 109 19994 234
577.999 110 19994 234
579 109 19993 231
580 108 19997 231
580.999 109 19994 232
581.999 109 19996 233
582.997 108 19997 233
583.996 109 19996 234
584.997 109 19998 236
585.999 109 19996 237
586.994 109 19995 239
587.993 109 19998 242
588.999 109 19995 241
590 111 19995 244
590.997 111 19997 245
592 110 19998 245
592.999 108 19991 243
594 111 19992 243
594.996 109 19997 241
595.996 108 19996 240
596.999 110 19996 240
597.999 108 19994 238
598.999 108 19999 237
599.997 107 19997 237
600.996 104 19995 236
601.997 104 19999 236
602.999 103 19998 235
603.999 104 19995 235
605 104 19989 234
605.989 105 19998 236
607 104 19991 235
608 103 19998 237
608.998 102 19991 234
609.999 103 19993 234
610.995 103 19997 236
611.999 102 19995 237
612.995 104 19997 238
613.999 105 19995 238
614.999 104 19992 240
616 104 19997 239
616.997 102 19998 239
618 101 19997 236
618.999 104 19994 240
619.999 105 19994 240
620.994 104 19997 236
621.998 104 19995 234
622.999 104 19997 233
623.996 101 19997 233
625 102 20000 233
626 101 19995 235
627 101 19993 236
627.997 98 19995 233
629 98 19996 232
630 98 19996 231
630.997 99 19997 231
631.997 100 19999 231
632.998 100 19996 230
633.999 100 19998 229
634.995 102 19994 231
636 102 19992 232
636.999 101 19995 229
637.997 99 19998 226
639 100 19999 228
639.998 101 19993 232
640.999 99 19996 232
641.997 98 19998 231
642.999 98 19996 232
643.996 99 19995 231
644.999 100 19989 229
645.998 99 19998 226
646.995 100 19996 230
648 99 19996 229
649 99 19995 227
649.997 99 19992 229
650.999 100 19998 230
651.998 102 19994 231
652.998 102 19995 231
653.996 103 19995 232
654.999 104 19996 231
655.989 104 19995 231
656.996 105 19998 233
657.999 106 19994 233
658.997 107 19993 235
659.999 108 19993 235
660.999 106 19993 236
662 105 19995 237
662.997 105 19994 237
664 106 19994 239
664.998 106 19994 241
665.999 108 19997 239
666.997 110 19995 240
668 110 19996 239
669 108 19998 237
669.999 108 19996 238
671 110 19992 240
671.996 112 19998 241
673 111 19995 241
673.996 113 19997 241
674.998 111 19992 240
676 110 19996 241
676.995 111 19996 242
678 111 19997 241
678.997 113 19997 243
679.998 111 19997 241
681 111 20000 240
682 111 19993 240
682.999 111 19996 239
683.995 114 19999 240
684.996 113 19995 238
686 111 19999 238
686.999 111 19995 239
687.999 109 19997 238
689 107 19994 236
689.999 107 19997 235
690.999 106 19995 234
691.999 106 19996 234
692.992 106 19994 236
693.998 107 19996 236
694.999 108 19998 237
696 110 19994 238
696.999 111 19995 240
697.994 112 19998 241
698.999 116 19990 243
700 117 19995 243
700.996 116 19999 242
701.999 116 19993 243
702.999 117 19995 242
704 117 19994 241
705 117 19996 241
706 117 19993 237
707 115 19992 235
708 116 19993 236
709 117 19997 235
710 118 19994 236
710.999 117 19997 234
711.998 117 20000 235
712.998 117 19995 237
713.999 116 19995 236
715 114 19993 232
715.999 114 19996 233
717 114 19993 234
717.998 119 19994 237
718.997 118 19994 236
719.999 118 19998 235
720.999 115 19993 233
721.999 113 19992 231
722.998 112 19994 231
723.994 113 19995 231
725 113 19993 232
725.998 115 19996 235
726.997 116 19995 234
727.999 113 19999 233
728.999 113 19997 233
730 114 19993 233
731 114 19994 234
731.998 115 19995 235
732.996 115 19997 236
733.998 116 19995 238
734.994 116 19993 239
735.998 117 19992 239
736.998 116 19997 238
737.999 118 19990 238
738.998 115 19990 235
739.994 114 19995 236
740.999 116 19994 237
741.998 116 19996 240
743 116 19996 239
743.999 118 19995 239
744.997 117 19993 240
746 116 20000 237
746.998 118 19993 235
747.999 120 19994 233
749 117 19996 230
749.998 115 19992 229
751 115 19994 227
751.998 115 19997 228
753 114 19991 228
754 116 19994 228
754.998 115 19994 228
755.996 112 19997 225
756.998 111 19994 224
757.998 112 19992 226
759 111 19997 224
759.998 112 19996 225
760.998 113 19995 227
761.999 112 19997 227
763 111 19996 227
764 113 19995 228
764.997 113 19996 230
765.997 116 19994 231
766.999 117 19992 231
767.995 117 19999 232
768.997 118 19995 235
769.996 119 19998 235
770.998 118 19996 235
772 118 19998 233
773 119 19997 233
773.998 115 19996 230
775 117 19995 231
775.999 116 19994 231
776.999 114 19997 229
777.998 115 19994 229
778.997 115 19997 229
779.999 116 19997 228
780.999 116 19995 227
781.996 115 19996 226
782.992 115 19996 226
783.997 114 19998 226
784.999 115 19997 226
786 116 19995 225
786.999 117 19994 227
787.993 117 19996 226
788.998 116 19994 222
790 117 19993 223
790.998 115 19993 221
791.999 116 19999 221
792.998 115 19996 219
793.999 114 19995 217
795 112 19996 214
795.998 111 19996 212
796.989 110 19997 212
797.999 112 19998 213
798.999 113 19994 211
800 114 19995 213
800.999 116 19997 213
801.999 116 19996 215
803 115 19995 216
803.999 115 19994 217
804.998 114 19994 217
806 113 19997 215
806.999 113 19996 215
808 114 19994 215
808.992 114 19996 214
809.999 114 19997 214
810.995 116 19997 214
811.998 116 19995 216
812.999 115 19994 215
813.995 118 19996 215
815 117 19996 214
815.999 116 19999 214
817 116 19997 215
817.999 116 20000 214
818.999 115 19994 214
819.999 116 19994 214
820.999 115 19994 213
821.997 116 19996 215
823 114 19993 212
824 113 19997 213
824.998 113 19990 214
825.999 113 19995 213
826.997 114 19997 212
828 114 19993 213
828.998 114 19994 213
829.997 117 19998 214
830.999 117 19997 213
831.994 116 19997 212
832.999 117 19991 212
833.999 117 19996 212
834.992 115 19996 212
836 114 19996 211
836.995 114 19997 213
837.998 115 19994 213
839 116 19996 216
839.997 116 19999 216
841 116 19993 216
842 116 19997 215
842.999 116 19996 215
843.999 114 19993 214
844.998 116 19994 215
846 118 19996 217
846.998 118 19997 219
847.999 117 19996 217
848.997 117 19995 218
850 117 19995 219
850.998 117 19995 221
851.999 113 19993 221
852.996 113 19995 222
853.998 113 19998 222
854.997 110 19998 219
856 109 19994 220
856.998 109 19998 219
857.999 110 19995 220
858.997 111 19998 222
859.998 111 19991 226
860.999 109 19996 225
861.999 111 19995 226
862.998 111 19996 227
863.983 110 19998 225
865 111 19997 225
865.996 112 19997 224
866.999 115 19997 224
867.999 113 19998 222
869 110 19996 221
869.997 110 19995 220
871 111 19993 221
871.998 110 19997 223
873 111 19993 224
873.994 111 19998 223
874.999 113 19996 223
875.998 113 19995 225
876.997 114 19996 226
877.997 116 19996 227
878.999 115 19995 228
879.998 113 19996 226
880.996 113 19998 226
881.998 115 19996 227
883 116 19994 226
883.999 117 19990 226
884.999 119 19994 226
885.998 121 19995 226
886.999 118 19996 224
887.998 117 19995 223
888.994 116 19999 221
889.999 118 19998 220
890.999 116 19996 220
892 117 19995 224
892.996 118 19994 225
894 118 19996 227
894.999 116 19996 226
895.999 114 19993 223
896.994 114 19998 224
897.997 113 19999 223
898.999 113 19995 223
899.997 108 19997 219
901 108 19992 219
901.998 108 19998 219
902.998 108 19995 220
903.993 109 19996 220
904.999 109 19998 220
905.998 112 19994 222
907 111 19997 221
907.985 111 19998 221
908.999 109 19997 216
909.999 108 19998 215
911 110 19991 215
911.999 111 19997 215
912.987 112 19996 219
913.995 110 19992 219
914.995 110 19994 222
915.999 111 19993 224
916.996 110 19998 225
917.997 111 19995 227
918.997 111 19996 225
919.998 112 19994 224
920.999 112 19994 223
922 111 19997 222
922.997 111 19997 220
923.999 112 19998 218
925 114 19993 217
925.999 114 19996 217
926.998 111 19997 214
927.994 110 19996 213
929 111 19993 214
930 112 19996 214
930.997 111 19995 215
931.996 108 19996 213
932.999 105 19997 212
933.995 104 19996 213
934.997 102 19995 210
935.999 102 19996 209
937 103 19999 210
937.999 103 19998 214
938.996 102 19997 214
939.997 104 19999 215
941 105 19995 218
941.996 105 19997 218
943 108 19997 217
943.998 108 19992 217
945 107 19995 215
945.998 106 19989 213
946.999 107 19999 214
948 106 19994 213
948.999 104 19992 211
950 107 19995 213
950.999 108 19996 213
952 106 19994 214
952.997 107 19994 215
953.996 107 19992 215
954.997 107 19994 216
956 107 19998 216
956.999 107 19999 214
957.998 107 19991 214
958.995 105 19992 213
959.999 105 19995 214
960.999 104 19995 212
962 103 19998 210
963 104 19996 214
964 104 19994 214
964.997 104 19997 214
965.994 105 19998 213
967 106 19995 213
967.997 104 19995 211
968.998 103 19996 209
969.999 100 19994 205
971 103 19993 205
971.998 103 19998 205
972.998 103 19998 207
973.995 104 19997 206
974.997 104 19994 208
975.999 102 19993 205
976.999 103 19996 209
977.997 105 19997 210
978.997 104 19994 209
979.997 102 19992 210
980.998 101 19996 209
981.999 103 19994 211
982.999 104 19999 214
983.999 103 19993 213
984.996 102 19994 213
985.998 104 19996 212
986.999 102 19990 209
987.999 99 19999 208
988.998 99 19998 207
989.999 104 19996 210
990.999 101 19991 208
991.999 102 20000 209
993 101 19998 210
993.998 102 19998 210
995 102 19997 211
995.997 101 19999 212
996.999 101 19997 211
997.999 100 19993 210
999 103 19999 210
999.996 101 19992 209
1000 101 19992 209
