0.996685 397 19995 397
1.99585 394 20000 394
2.99997 391 19992 391
3.99886 388 19995 389
4.9926 383 19999 384
5.99632 376 19995 377
6.99954 371 19995 372
7.99996 370 19998 372
8.99882 368 19998 370
9.99806 363 19997 365
10.9992 359 19996 362
11.9996 355 19999 358
12.9998 352 19996 355
13.9997 346 19997 351
14.9997 342 19998 347
15.9982 336 19996 342
16.9998 336 19999 342
17.9984 333 19995 339
19 326 19996 332
19.9996 322 19996 328
20.9974 319 19998 327
21.9952 310 19995 318
22.9999 306 19991 314
23.9995 305 19999 314
24.9903 306 19999 315
25.9992 301 19989 311
26.9962 297 19995 308
27.999 294 19993 306
28.9999 293 19994 306
29.9979 289 19995 302
30.9969 286 19997 299
31.9993 279 19994 297
32.9995 277 19995 294
33.9997 274 19994 290
34.9991 274 19995 290
35.999 272 19993 289
36.9995 273 19990 290
38 270 19995 288
38.9959 265 19998 285
39.9991 260 19992 280
40.9974 255 19993 278
41.9968 251 19998 275
42.9972 250 19997 276
43.9984 246 19996 272
44.9998 244 19994 270
45.9991 244 19995 271
46.9994 242 19992 270
47.9983 241 19995 269
48.9977 241 19995 268
49.999 238 19997 266
50.9999 238 19995 265
51.9994 238 19991 265
52.9995 235 19996 262
53.994 234 19995 261
54.9986 235 19996 260
55.9995 232 19994 257
56.9985 229 19996 256
57.9995 225 19995 253
58.9952 224 19995 252
59.9989 218 19998 247
60.9978 219 19995 246
61.998 218 19995 245
62.9997 216 19997 244
63.9987 210 19999 238
64.9998 206 19996 235
65.9999 204 19992 234
66.9999 202 19996 233
67.9998 199 19990 231
68.9973 197 19998 229
69.9999 196 19993 230
70.9995 195 19993 229
71.9956 195 19997 232
72.9991 192 19997 229
73.9967 187 19997 226
74.9955 184 19996 225
75.9956 182 19996 225
76.9934 182 19999 225
77.9994 181 19996 223
78.9995 180 19997 222
79.9998 179 19998 224
80.997 176 19997 221
81.9946 175 19996 221
82.9999 174 19995 222
83.9991 174 19996 223
84.9998 172 19993 222
85.9996 170 19997 221
86.9977 168 19994 218
87.9993 164 19993 214
88.9966 163 19995 216
89.9998 161 19995 214
90.9994 161 19991 215
91.9962 160 19995 213
92.9994 159 19997 212
93.9979 156 19995 210
94.9995 155 19999 210
95.9966 157 19993 211
96.9996 154 19994 208
97.9994 153 19994 208
98.9989 154 19994 210
99.9986 155 19996 211
100.998 154 19997 212
101.998 154 19996 213
102.997 152 19998 211
103.998 151 19992 209
104.997 149 20000 207
105.997 148 19998 205
106.997 148 19997 205
108 148 19995 204
108.998 148 19993 207
109.999 149 19995 208
110.998 147 19997 206
111.997 147 19997 207
113 147 19993 207
113.997 146 19997 207
114.999 142 19996 204
116 142 19996 205
116.991 143 19995 205
117.999 142 19992 203
119 143 19992 204
119.998 143 19998 203
120.998 144 19995 204
121.998 143 19994 206
122.999 140 19997 204
123.993 139 19996 203
125 140 19997 202
126 138 19993 199
127 136 19996 199
128 136 19995 200
128.998 135 19996 199
129.998 130 19996 195
130.999 131 19997 195
131.998 131 19997 195
132.997 130 19996 194
133.999 131 19993 197
134.998 131 19997 197
135.994 131 19996 196
136.993 130 19992 195
138 130 19993 196
139 131 19998 198
139.999 129 19999 198
140.997 126 19998 195
142 126 19989 193
142.998 126 19996 192
143.998 127 19995 195
144.992 127 19993 195
146 126 19993 194
147 126 19994 196
147.999 125 19995 195
148.999 125 19994 194
149.991 124 19999 193
150.999 126 19994 193
151.999 125 19993 195
152.999 125 19995 196
153.998 125 19996 195
154.998 125 19998 197
155.998 125 19997 199
156.999 124 19996 197
158 125 19997 198
159 127 19996 199
160 128 19997 199
161 127 19996 200
161.997 126 19995 197
162.996 125 19993 194
164 122 19995 193
164.997 121 19997 192
165.991 117 19996 188
166.999 117 19997 188
168 115 19995 185
168.998 112 19996 185
169.997 109 19996 185
170.999 108 19993 184
172 108 19997 185
172.998 108 19993 185
173.999 107 19998 185
174.999 107 19998 186
176 108 19999 187
176.997 105 19995 185
177.996 106 19999 186
178.995 106 19997 186
179.999 104 19998 185
181 104 19995 183
181.999 105 19997 184
182.999 105 19994 185
184 105 19996 185
184.998 105 19996 187
185.996 104 19996 187
186.998 105 19998 186
188 105 19996 186
188.998 105 19993 186
189.997 104 19994 185
191 105 19994 185
192 105 19993 185
192.999 107 19994 184
194 108 19995 187
194.999 109 19995 189
195.999 107 20000 189
196.995 105 20000 186
198 104 19993 187
198.997 105 19996 188
199.999 105 19997 190
200.996 105 19999 190
201.999 105 19995 191
203 107 19998 192
204 106 19995 192
204.997 106 19992 191
206 105 19993 192
206.999 104 19996 190
207.999 103 19992 190
209 103 19996 190
209.996 102 19998 190
210.988 102 19998 191
211.999 103 19992 192
212.996 103 19993 194
214 101 19992 193
214.996 102 19999 193
215.998 101 19992 196
217 101 19996 196
217.996 100 19997 196
218.998 102 19994 196
219.999 101 19994 196
220.999 101 19997 196
222 101 19993 195
222.999 104 19995 194
224 103 19990 194
224.999 105 19997 197
226 106 19989 198
227 105 19994 196
227.998 105 19994 198
228.998 106 19992 199
229.994 108 19995 199
230.999 110 19998 199
231.998 111 19993 200
232.997 111 19994 201
233.997 111 19994 201
235 110 19991 200
236 109 19992 200
236.996 109 19995 199
237.999 108 19995 199
239 107 19996 198
239.997 107 19995 198
240.996 104 19996 196
242 103 19994 200
243 103 19992 201
243.997 102 19996 202
244.999 103 19989 204
245.999 105 19997 207
246.995 105 19997 211
248 105 19993 211
248.99 105 19998 210
249.997 103 19997 209
251 104 19996 211
251.998 105 19994 212
252.995 104 19996 212
253.998 106 19994 213
254.998 106 19994 214
255.999 108 19994 214
256.999 109 19992 215
257.998 108 19996 213
259 109 19995 213
259.996 109 19993 214
261 112 19996 214
261.999 114 19993 214
262.998 115 19997 214
263.996 115 19997 214
264.993 114 19999 217
265.999 112 19997 214
267 114 19995 216
267.999 112 19992 214
268.998 111 19997 214
269.999 111 19993 213
271 112 19996 211
271.999 113 19995 212
272.998 112 19994 210
273.996 112 19995 209
274.992 109 20000 206
276 112 19996 206
276.999 110 19996 206
278 108 19997 204
278.999 109 19992 206
279.998 109 19998 205
280.997 110 19993 204
281.999 109 19998 204
282.998 110 19994 204
283.997 110 19993 203
285 111 19997 205
285.991 112 19998 206
286.998 113 19997 205
288 113 19996 203
289 113 19996 203
289.991 112 19999 204
290.994 111 19999 203
291.999 110 19997 202
292.999 110 19998 201
293.999 112 19994 203
295 110 19994 199
295.999 110 19997 198
297 107 19998 195
297.999 108 19996 198
298.998 106 19995 196
299.998 105 19995 196
301 105 19996 197
302 104 19993 197
302.999 105 19993 198
304 105 19993 197
304.999 105 19995 196
305.998 106 19997 194
307 106 19994 195
307.999 106 20000 194
308.998 105 19998 194
309.999 105 19997 196
310.994 103 19996 195
312 101 19999 193
313 100 19996 194
313.999 101 19993 195
314.999 100 19996 196
316 98 19995 195
316.999 95 19996 193
318 96 19994 195
319 98 19997 195
319.997 98 19996 194
320.996 96 19998 190
321.997 94 19996 186
322.999 95 19995 188
324 94 19997 187
325 95 19998 188
325.999 98 19998 189
326.998 99 19997 192
327.996 98 19999 192
328.998 100 19994 193
329.999 101 19997 193
330.999 99 19996 188
332 99 19998 191
333 99 19990 192
333.998 100 19996 192
335 102 19996 192
336 102 19998 190
336.998 102 19997 190
337.999 101 19993 189
339 101 19988 188
339.997 100 19998 188
341 99 19994 188
341.993 98 19996 187
342.989 98 19999 187
343.996 97 19995 186
345 99 19995 186
345.997 98 19997 185
347 98 19994 184
348 98 19995 185
348.997 97 19998 186
349.998 98 19999 187
351 98 19994 187
351.998 96 19996 185
352.995 97 19997 187
354 98 19993 187
354.999 98 19997 187
355.999 98 19997 188
356.998 99 19997 189
358 99 19995 188
358.999 98 19996 187
360 99 19994 189
361 101 19994 188
361.999 100 19996 188
363 100 19996 189
364 100 19998 190
364.999 100 19997 189
365.995 99 19995 190
366.997 98 19998 188
367.997 98 19996 187
369 98 19991 186
369.998 98 19996 186
370.999 97 19998 183
371.994 97 19996 183
372.996 97 19995 182
373.998 97 19998 181
374.997 97 19995 180
375.999 99 19997 181
377 101 19995 182
378 100 19996 180
379 102 19992 181
379.992 100 19995 181
380.999 99 19996 183
381.993 101 19996 184
383 100 19993 182
384 97 19993 179
384.999 97 19995 179
386 96 19994 176
386.999 94 19997 175
388 92 19997 174
389 90 19995 171
390 88 19995 171
390.996 89 19997 171
392 88 19995 170
392.992 90 20000 171
393.999 92 19996 172
395 89 19997 170
396 89 19994 171
396.999 89 19992 172
397.996 88 19996 174
398.997 88 19991 175
400 89 19995 174
401 90 19996 175
401.998 89 19995 178
402.999 91 19999 180
403.998 91 19995 181
404.999 91 19993 183
405.998 89 19996 181
407 90 19998 181
408 91 19995 181
409 89 19996 181
409.998 89 19995 182
410.999 87 19997 181
411.996 84 19998 180
412.997 85 19995 182
413.999 83 19995 183
414.999 81 19994 182
415.999 83 19995 182
417 83 19999 181
417.999 84 19994 181
418.999 84 19997 181
419.999 83 19995 181
421 81 19996 180
422 82 19998 180
422.999 82 19994 180
424 82 19996 179
424.999 84 19997 180
426 85 19996 180
426.995 87 19995 180
427.996 88 19995 180
428.999 87 19997 177
429.999 86 19996 175
430.995 87 19996 177
431.999 87 19995 176
432.997 86 19991 175
433.999 86 19994 175
434.999 86 19997 177
435.999 88 19996 178
437 89 19998 179
437.999 89 19997 182
438.999 89 19993 180
440 88 19994 182
440.999 85 19996 180
441.994 86 19995 181
442.999 86 19996 183
443.999 86 19994 183
444.999 86 19999 185
445.999 85 19996 184
447 87 19990 186
447.998 86 19996 186
448.995 83 19998 184
449.997 82 19995 183
450.998 82 19997 183
451.999 82 19995 186
453 83 19996 187
453.996 84 19994 189
454.988 84 19997 189
455.998 86 19998 191
457 84 19999 190
457.991 84 19995 190
458.998 84 19996 190
459.994 84 19996 190
460.999 80 19998 188
461.998 80 19996 189
462.996 79 19996 189
463.998 79 19996 191
464.995 80 19997 192
465.986 79 19997 191
466.998 80 19994 193
468 79 19994 193
468.999 78 19996 192
469.999 78 19997 194
470.996 78 19993 196
472 79 19993 196
472.991 82 19997 197
473.999 83 19993 198
474.999 83 19995 196
475.997 83 19995 195
476.997 83 19998 194
477.997 82 19998 194
478.999 82 19994 195
480 84 19995 194
480.999 86 19989 194
481.997 85 19993 193
482.998 87 19988 194
483.998 86 19995 194
485 86 19990 196
485.998 87 19999 198
487 84 19994 194
487.999 86 19994 194
489 84 19998 193
489.991 83 19998 192
490.997 83 19997 193
491.991 83 19997 192
492.997 82 19994 194
494 80 19994 193
494.998 81 19998 194
495.999 83 19996 195
496.996 85 19994 198
497.999 85 19994 198
498.998 85 19998 197
500 83 19994 196
500.999 85 19997 196
501.998 87 19992 197
502.999 85 19997 196
503.999 83 19997 194
504.997 83 19995 197
505.999 83 19993 198
507 82 19996 197
507.998 81 19997 196
508.997 82 19993 197
509.999 82 19993 195
510.999 82 19994 196
512 84 19995 195
513 86 19997 198
513.997 85 19997 197
514.995 86 19990 196
515.999 85 19996 195
516.993 86 19998 195
517.997 88 19994 196
519 88 19997 195
519.998 90 19996 195
520.999 90 19995 194
522 88 19994 193
522.999 88 19993 194
524 90 19998 195
524.999 90 19992 196
526 90 19997 197
526.999 91 19996 196
528 91 19998 196
529 90 19993 195
529.998 90 19996 195
530.999 90 19998 195
531.997 90 19992 195
532.998 90 19997 195
534 88 19996 193
534.995 87 20000 192
535.999 87 19997 192
536.998 86 19997 191
537.999 87 19998 191
539 85 19991 190
540 85 19997 192
540.999 84 19998 192
542 83 19999 192
543 82 19994 191
544 84 19994 190
544.999 83 19995 189
545.997 82 19995 187
546.994 83 19996 188
547.999 84 19997 186
549 84 19996 188
550 84 19994 189
550.998 85 19994 190
551.998 86 19997 189
553 87 19992 187
553.999 88 19994 188
554.998 88 19996 188
555.999 89 19995 188
557 88 19995 187
558 87 19998 186
559 88 19996 186
559.996 91 19998 187
561 91 19993 187
561.994 91 19997 187
562.999 91 19994 188
564 91 19996 188
564.994 93 19997 191
566 97 19997 193
566.999 96 19996 192
568 97 19998 193
569 98 19993 194
569.999 98 19999 196
571 99 19993 196
571.998 99 20000 196
573 96 19990 195
573.999 95 19997 193
574.999 94 19996 192
575.998 93 19996 191
576.991 92 19999 190
578 92 19995 189
578.999 93 19993 188
579.999 93 19994 190
581 93 19991 190
581.998 92 19996 190
583 92 19994 191
583.988 92 19999 193
584.999 92 19996 193
585.995 90 19996 194
586.999 90 19992 193
588 91 19996 194
588.999 90 19994 192
589.996 89 19989 193
591 88 19995 192
592 87 19996 192
592.997 86 19998 192
593.999 87 19997 194
594.996 91 19999 196
595.994 89 19996 194
597 89 19997 194
597.997 89 19998 193
598.999 88 19997 194
599.998 87 19995 194
600.999 86 19998 193
601.997 86 19994 196
603 89 19998 199
603.999 88 19990 200
604.997 84 19991 196
605.996 84 19991 196
607 84 19996 198
607.999 85 19996 200
608.998 87 19998 199
610 87 19995 201
610.998 85 19996 198
612 87 19996 198
612.998 86 19998 198
613.999 87 19994 200
614.999 86 19997 198
616 88 19993 198
617 86 19994 196
617.997 87 19999 197
618.999 88 19994 197
619.995 86 19997 195
621 89 19992 195
621.999 90 19996 195
622.996 88 19994 194
623.999 90 19997 194
624.995 92 19993 194
625.999 93 19994 195
626.996 90 19996 191
628 90 19995 191
629 91 19993 190
629.998 92 19996 192
630.995 90 19998 190
631.999 90 19996 191
633 89 19995 190
633.998 90 19996 188
634.99 89 19997 187
635.999 88 19992 186
637 88 19992 187
637.999 88 19997 186
638.993 91 19996 186
639.997 90 19999 185
640.996 90 19997 184
642 90 19993 183
643 92 19997 182
643.999 92 19992 183
645 90 19990 181
646 90 19997 181
646.999 90 19997 179
647.996 87 19995 176
648.998 86 19994 176
650 84 19997 177
650.998 83 19995 178
652 82 19997 177
653 82 19994 178
653.999 80 19997 176
654.998 80 19997 175
655.998 81 19996 178
656.995 80 19995 177
657.999 81 19998 178
658.995 82 19998 178
659.996 82 19998 176
660.997 87 19997 181
662 86 19989 181
663 85 19995 182
664 83 19994 179
665 82 19994 178
665.999 84 19995 180
666.999 85 19995 180
667.997 86 19996 181
668.999 85 19992 181
669.999 84 19996 181
671 85 19999 182
672 87 19999 182
672.999 87 19995 182
673.996 87 19997 182
674.998 86 19995 178
676 85 19997 177
676.997 87 19998 177
677.999 87 19996 179
678.996 88 19999 181
679.999 87 19998 180
680.998 87 19992 179
681.999 86 19997 176
683 88 19995 176
684 88 19994 175
685 87 19996 177
686 88 19993 177
686.998 90 19995 179
687.998 91 19992 179
688.998 90 19996 183
689.987 90 19998 184
690.999 89 19996 184
691.996 89 19999 186
692.995 90 19997 190
694 91 19990 191
694.999 90 19993 191
695.995 90 19997 194
696.993 91 19999 193
697.999 91 19996 191
699 91 19999 192
700 92 19998 193
700.996 89 19995 190
701.999 89 19996 191
702.997 91 19988 191
703.996 91 19999 190
704.999 90 19994 191
705.999 88 19993 192
707 90 19995 192
707.998 89 19996 188
709 89 19998 188
710 89 19999 188
711 89 19995 189
711.998 88 19995 188
713 89 19994 188
714 89 19997 189
714.996 91 19993 189
716 93 19996 190
716.999 93 19995 191
717.997 93 19996 192
718.997 91 19999 190
719.99 93 19998 191
720.999 93 19999 191
722 93 19998 191
722.997 92 19992 192
723.997 92 19997 192
724.999 93 19995 191
725.999 93 19998 194
727 91 19998 193
727.997 92 19999 194
728.999 95 19997 194
730 94 19996 192
730.997 94 19998 193
731.999 95 19992 194
732.997 98 19995 197
734 97 19997 195
734.999 96 19996 193
735.999 96 19997 191
736.998 93 19992 188
738 92 19997 189
739 93 19995 189
739.998 91 19998 188
740.997 90 19996 187
741.99 91 19997 188
742.999 90 19998 186
743.998 93 19998 188
744.999 92 19999 187
745.998 92 19995 188
746.998 92 19996 188
747.999 93 19999 189
748.997 92 19990 188
749.999 94 19996 191
750.994 94 19998 192
752 95 19995 192
752.994 97 19993 192
753.999 96 19996 192
754.999 94 19996 192
755.999 94 19996 192
756.989 95 19998 193
757.989 95 19995 195
758.999 95 19997 195
759.998 95 19998 195
760.994 97 19997 198
762 98 19995 197
762.998 97 19994 197
763.995 97 19994 198
764.999 97 19996 197
765.996 98 19998 196
766.999 96 19998 197
767.999 96 19993 198
768.997 94 19998 196
769.999 92 19993 194
770.999 93 19996 195
771.999 93 19998 195
772.999 92 19993 194
773.999 92 19998 194
774.996 92 19995 195
775.999 92 19994 196
776.996 92 19995 195
777.998 94 19995 195
778.999 93 19995 195
779.999 92 19998 196
780.999 93 19993 195
781.996 91 19995 194
782.998 92 19997 194
783.999 91 19995 192
785 92 19997 193
785.996 91 19996 192
786.999 92 19994 192
787.999 92 19996 194
789 95 19997 194
789.993 93 19996 194
791 92 19995 193
791.999 93 19997 194
792.999 92 19995 194
794 92 19997 195
795 93 19996 195
795.997 93 19997 197
797 95 19996 199
797.999 95 19993 199
798.999 95 19994 202
800 93 19995 199
800.994 94 19999 198
802 95 19995 198
802.997 95 19990 197
803.999 96 19999 198
805 95 19999 197
806 94 19996 195
806.998 94 19999 195
807.997 96 19997 194
808.999 96 19991 193
810 95 19995 193
811 95 19996 194
811.999 94 19998 193
812.997 94 19997 194
814 94 19993 195
814.999 96 19997 195
815.993 97 19997 194
816.997 97 19997 194
818 97 19995 193
819 98 19999 194
819.999 99 19995 195
821 100 19997 195
822 101 19992 194
823 100 19998 194
824 98 19996 192
824.995 98 19998 191
825.996 96 19995 190
827 96 19993 190
828 94 19998 190
829 94 19994 192
829.999 94 19998 190
830.998 94 19996 191
831.999 96 19995 191
832.999 93 19995 189
833.997 94 19996 190
835 91 19998 187
836 91 19996 188
837 90 19997 188
837.999 92 19998 189
838.998 92 19997 188
840 93 19994 188
841 93 19993 187
841.998 94 19996 187
843 94 19997 186
843.999 93 19997 185
844.999 92 19994 185
846 92 19996 185
846.999 92 19997 186
847.998 91 19990 187
848.999 91 19996 187
850 88 19996 185
850.999 86 20000 184
851.99 87 19997 186
853 86 19996 184
854 86 19995 185
854.998 87 19994 186
855.989 87 19995 188
856.998 88 19998 190
858 87 19995 189
858.994 85 19994 187
859.998 86 19998 186
860.999 87 19994 186
861.996 88 19994 186
862.997 88 19998 187
863.999 91 19998 188
864.998 90 19997 187
865.999 89 19995 186
866.999 88 19995 185
867.995 91 19998 187
868.999 91 19995 189
869.999 92 19992 190
870.998 93 19993 191
871.998 93 19995 190
872.998 93 19994 193
874 92 19994 192
874.999 91 19996 192
875.999 93 19997 191
877 95 19997 191
877.998 93 19999 189
878.998 94 19996 192
880 93 19994 192
880.999 93 19995 195
882 95 19994 197
882.999 95 19996 198
884 94 19992 197
885 94 19994 198
885.999 93 19994 199
887 94 19993 198
887.996 93 20000 196
888.996 93 19998 198
889.998 93 19995 200
890.996 94 19995 199
891.998 94 19997 199
892.997 94 19997 200
894 96 19995 200
894.999 96 19998 198
895.999 95 19994 199
897 95 19993 200
897.998 97 19997 200
898.999 96 19999 200
899.998 99 19995 202
900.998 99 19997 204
901.999 99 19993 204
902.998 99 19996 205
903.999 99 19994 204
904.998 101 19998 205
905.995 100 19999 204
906.998 101 19995 203
907.999 99 19995 202
909 100 19997 202
909.999 101 19996 203
910.996 101 19995 203
912 102 19996 204
912.999 101 19994 202
913.999 101 19997 201
914.999 100 19995 202
915.998 102 19993 203
916.998 103 19995 201
917.999 102 19995 202
918.997 101 19994 201
920 101 19995 201
920.998 102 19996 202
921.996 103 19996 201
923 104 19999 201
923.999 106 19996 200
924.999 106 19996 200
926 107 19995 201
926.996 106 19998 200
927.998 103 19990 198
928.995 104 19999 198
929.999 106 19997 199
930.994 105 19996 198
931.998 105 19992 197
933 105 19996 198
933.999 105 19991 198
935 105 19997 198
935.994 104 19997 196
936.998 103 19993 196
938 103 19995 197
938.999 102 19994 196
939.998 101 19997 197
940.999 100 19998 196
942 102 19996 197
942.996 103 19997 198
944 104 19998 201
945 105 19994 201
945.999 107 19997 202
946.999 105 19996 202
948 106 19997 204
949 104 19995 204
949.996 105 19994 203
951 105 19995 205
951.999 107 19997 206
953 106 19994 206
953.999 106 19993 205
954.998 105 19992 205
955.991 107 19998 207
957 106 19998 208
958 108 19994 209
958.999 106 19995 208
960 106 19999 209
960.999 102 20000 207
961.998 102 19997 207
963 103 19996 210
964 101 19995 208
964.997 102 19996 210
965.999 105 19992 209
966.997 102 19991 206
967.986 103 19998 207
969 104 19994 209
969.997 105 19997 209
971 104 19996 208
972 105 19997 210
973 105 19993 211
974 104 19996 210
974.994 105 19994 208
975.999 107 19992 211
976.999 106 19997 210
977.999 106 19997 209
978.998 105 19991 210
979.998 105 19998 212
980.998 105 19992 211
981.994 107 19996 211
982.998 108 19996 209
983.999 107 19994 209
984.997 108 19998 209
986 108 19995 210
986.999 109 19996 208
987.997 108 19998 206
988.999 108 19990 208
989.999 108 19998 208
991 106 19994 204
991.999 102 19994 201
992.999 100 19997 198
993.996 99 19999 196
994.995 96 19997 194
995.999 98 19994 194
996.999 97 19998 192
998 98 19996 194
999 99 19993 196
999.999 101 19995 197
1000 101 19994 197
