0.996319 397 19996 397
1.99797 394 19997 394
2.99861 390 19994 390
3.99874 387 19996 387
4.99378 381 19994 381
5.99897 376 19991 376
6.99932 371 19995 371
7.99977 367 19991 368
8.99838 362 19996 363
9.9996 359 19996 360
10.9967 355 19995 356
11.9995 352 19995 353
12.9974 351 19996 352
13.9997 347 19994 348
14.9991 343 19994 346
15.9999 340 19996 343
16.9987 337 19997 340
17.9987 334 19996 337
18.9996 331 19998 335
20 329 19996 333
20.999 325 19997 330
21.9985 325 19994 330
22.9995 319 19995 324
23.9997 317 19992 324
24.9999 314 19995 322
25.9992 312 19995 320
26.9996 311 19994 319
27.9997 308 19996 317
28.9961 306 19996 317
29.9976 301 19994 312
30.9948 301 19993 311
31.998 298 19997 308
32.9994 295 19996 305
33.9983 286 19996 297
34.9963 285 19995 297
35.998 283 19996 295
36.9986 280 19997 293
37.9996 276 19995 289
38.9963 268 19994 281
39.9967 264 19998 279
40.9999 263 19995 278
41.998 262 19995 278
42.9987 257 19996 273
44 256 19998 274
44.9949 257 19997 274
45.9994 256 19995 276
46.9969 255 19997 276
48 253 19994 274
48.9996 251 19995 274
49.9989 248 19994 272
50.9972 247 19998 271
51.9991 247 19995 271
52.9989 243 19997 268
53.9978 243 19995 270
54.9997 238 19998 265
55.9992 235 19997 263
56.9998 233 19994 261
57.9965 232 19996 260
58.999 232 19996 261
60 234 19996 260
60.9971 232 19997 258
62 231 19996 257
62.9974 228 19998 257
63.9997 227 19995 256
64.9987 229 19993 257
66 227 19994 255
66.9944 223 19997 253
67.999 221 19993 251
68.9983 217 19995 247
69.9956 216 20000 248
70.9984 215 19993 248
71.9998 214 19990 247
73 214 19996 247
73.9995 214 19994 248
74.9976 214 19997 249
75.9993 211 19994 248
76.9995 210 19996 247
77.9992 211 19994 246
78.9964 210 19995 246
79.9977 210 19996 245
80.9967 210 19995 246
81.9992 206 19998 242
82.9991 201 19993 238
83.9987 200 19996 238
84.9981 199 19997 240
85.9996 197 19994 238
86.9979 194 19996 239
87.9945 195 19997 239
88.999 192 19994 235
89.9952 189 19998 234
90.9996 189 19995 234
91.9995 187 19994 232
92.9978 188 19995 233
93.9999 187 19995 232
94.996 186 19996 230
95.9986 184 19993 229
96.9951 184 19996 229
97.9956 184 19995 231
98.9986 183 19994 230
99.9972 183 19997 231
100.996 182 19998 230
101.994 180 19999 229
102.998 178 19997 228
103.999 177 19994 229
105 177 19997 227
105.999 177 19992 227
106.995 178 19995 227
107.999 177 19996 227
108.997 176 19999 227
109.998 175 19991 225
111 173 19995 225
112 171 19995 225
113 172 19997 225
113.998 173 19996 225
114.994 170 19995 224
116 168 19989 223
116.999 167 19998 223
118 164 19997 221
118.997 161 19996 219
120 160 19994 220
120.998 160 19993 221
121.999 159 19998 220
122.999 159 19995 218
124 156 19996 216
124.999 156 19996 216
126 154 19994 215
127 152 19994 216
127.997 152 19992 215
129 150 19995 214
129.999 147 19996 211
131 147 19993 211
131.997 147 19996 212
133 145 19997 208
133.997 146 19994 211
134.998 145 19995 210
135.998 145 19995 209
136.998 146 19991 208
138 146 19993 208
138.998 146 19996 208
139.998 144 19993 206
140.999 143 19995 205
141.999 142 19996 206
142.998 142 19996 205
143.999 140 19996 204
144.999 140 19996 205
146 140 19995 205
147 140 19997 205
147.999 141 19995 207
148.994 142 19997 207
149.999 138 19999 206
150.999 137 19996 206
151.994 138 19996 207
153 135 19997 206
154 136 19994 208
154.999 136 19995 208
155.998 135 19998 207
157 135 19990 207
158 135 19998 206
158.998 134 19994 205
159.999 135 19996 206
161 136 19997 206
161.999 134 19996 205
162.998 135 19994 207
163.998 134 19994 207
164.997 134 19994 208
166 134 19997 209
166.998 134 19999 209
167.996 133 19994 210
168.999 134 19997 211
169.999 136 19997 213
171 132 19994 210
172 132 19993 211
172.995 131 19995 209
174 129 19992 207
174.999 127 19995 206
175.997 128 19994 209
177 129 19998 209
177.998 128 19997 210
178.994 131 19996 210
179.997 131 19997 211
180.999 130 19996 210
182 128 19994 209
183 126 19995 209
183.998 126 19997 210
184.999 126 19996 209
185.997 125 19998 210
186.999 125 19996 212
187.995 126 19996 214
188.997 125 19997 214
189.998 126 19995 215
190.995 125 19998 214
191.999 125 19993 215
192.995 124 19992 213
193.999 124 19995 211
194.999 125 19994 213
195.998 123 19997 211
197 127 19997 213
198 127 19998 213
199 126 19996 212
200 123 19991 209
201 122 19996 208
201.999 121 19999 207
202.997 116 19996 203
204 115 19991 203
204.995 114 19998 201
205.996 114 19999 201
207 115 19998 202
207.996 115 19996 200
208.998 114 19995 198
210 113 19995 196
210.996 113 19994 194
212 112 19994 192
212.998 113 19995 193
214 113 19992 193
215 112 19992 195
215.999 112 19997 195
216.997 115 19998 194
217.998 116 19991 197
219 116 19994 196
219.999 116 19996 195
220.999 115 19998 194
221.999 115 19996 194
223 116 19995 193
224 116 19996 195
225 115 19994 199
225.999 115 19993 201
226.999 118 19990 200
227.999 118 19992 200
228.999 119 19998 201
229.999 118 19997 199
231 120 19997 205
231.998 118 19996 203
232.999 116 19998 203
233.993 116 19995 203
235 114 19997 201
235.994 113 19996 201
236.997 113 19997 201
237.999 111 19992 200
238.999 111 19999 197
239.999 114 19994 199
240.998 115 19999 199
242 115 19992 201
242.998 115 19998 200
244 115 19993 200
245 116 19996 203
245.996 113 19995 200
247 112 19994 201
248 112 19995 200
248.999 111 19997 199
250 111 19995 200
250.996 112 19995 199
251.999 112 19993 202
253 115 19990 203
254 116 19992 203
254.999 115 19995 202
255.999 115 19999 202
257 115 19997 201
257.999 116 19996 202
259 116 19997 202
259.993 116 19996 203
260.999 116 19994 203
261.997 117 19992 203
262.999 117 19992 205
264 116 19993 202
264.999 115 19996 202
266 113 19995 200
266.995 113 19997 202
267.991 112 19998 201
268.998 108 19997 197
269.996 109 19996 196
270.999 109 19998 197
272 111 19993 195
272.999 111 19997 197
273.999 110 19996 196
275 110 19993 197
276 109 19996 199
276.995 106 19989 198
277.997 107 19995 198
278.997 107 19994 197
279.996 107 19994 197
280.998 106 19994 198
281.999 104 19999 198
282.999 104 19994 196
283.999 104 19997 196
285 105 19995 196
286 104 19993 195
286.998 105 19997 195
287.998 103 19995 194
288.995 105 19993 195
289.999 105 19993 195
290.999 106 19998 195
291.994 105 19996 195
292.998 104 19996 193
293.999 102 19996 191
294.998 103 19994 193
296 105 19996 192
296.998 107 19998 192
297.998 106 19998 191
299 105 19994 189
299.998 106 19997 189
300.998 103 19995 187
302 102 19997 188
302.995 102 19997 187
303.996 101 19994 186
304.996 100 19999 188
306 98 19996 186
306.998 100 19996 186
307.999 101 19994 187
309 99 19993 185
309.996 99 19996 185
310.994 99 19999 186
312 98 19993 186
312.996 97 19995 184
313.997 94 19995 181
315 94 19992 183
315.994 94 19997 183
317 95 19997 183
318 97 19998 183
318.995 99 19998 183
319.999 98 19995 182
320.994 97 19996 181
321.997 97 19998 180
322.997 96 19994 180
323.999 94 19997 180
325 95 19995 180
325.997 95 19998 180
327 94 19997 183
327.999 92 19994 180
328.998 93 19994 180
329.999 92 19994 181
330.999 92 19995 180
332 91 19999 179
333 92 19991 179
333.999 92 19997 181
334.999 91 19995 181
336 90 19995 181
336.998 92 19993 181
337.999 91 19996 181
338.999 89 19995 180
339.997 90 19994 180
340.998 89 19997 180
341.999 88 19996 179
342.998 89 19997 180
343.999 90 19996 181
344.998 90 19998 180
346 87 19996 178
346.998 88 19995 178
347.998 86 19999 177
349 87 19993 178
349.997 88 19992 178
351 90 19996 178
352 90 19992 179
352.996 88 19998 177
353.999 88 19997 178
355 88 19994 178
355.998 86 19998 176
356.999 87 19996 177
358 86 19996 176
359 87 19993 179
360 89 19992 180
360.999 89 19993 182
361.997 88 19997 181
362.998 88 19997 180
363.994 87 19998 180
364.998 88 19994 180
365.992 89 19999 180
366.999 88 19997 180
367.999 90 19996 180
369 88 19993 180
370 88 19997 180
371 87 19996 179
371.996 89 19997 180
372.999 87 19994 178
373.995 87 19998 180
375 87 19997 179
375.998 88 19993 179
376.999 87 19996 178
377.999 88 19994 177
379 89 19994 178
380 87 19997 177
380.998 88 19996 180
381.999 88 19998 181
383 87 19993 181
384 87 19995 182
384.995 87 19999 182
385.998 87 19993 184
387 89 19992 182
387.997 89 19996 184
389 88 19998 182
389.999 88 19992 182
390.998 88 19993 182
392 86 19995 179
392.997 86 19998 180
393.999 86 19994 182
394.999 86 19997 182
396 86 19997 182
396.997 84 19997 181
398 83 19996 182
398.999 85 19995 183
399.998 84 19996 183
400.998 83 19996 182
402 84 19995 182
403 88 19989 182
404 85 19992 178
404.997 87 19995 177
406 85 19988 177
406.999 85 19995 176
407.999 85 19994 177
408.999 86 19995 177
410 89 19997 177
410.996 88 20000 177
412 89 19993 176
412.999 88 19995 175
413.998 86 19991 174
414.998 87 19994 174
415.995 88 19995 175
417 89 19995 178
417.998 89 19995 177
418.999 90 19995 179
419.999 91 19997 182
420.999 90 19997 181
421.998 91 19997 183
422.994 92 19999 184
423.996 94 19997 184
424.999 93 19994 184
425.998 93 19992 183
426.999 93 19998 184
427.999 93 19995 184
428.995 91 19998 182
429.996 91 19998 182
430.992 90 19997 184
432 89 19997 185
432.994 89 20000 183
434 87 19996 183
435 87 19998 182
435.994 88 19999 183
437 88 19992 181
438 89 19995 181
438.999 90 19997 182
439.996 91 19995 183
441 91 19996 184
442 91 19993 185
443 92 19994 185
444 92 19990 184
444.999 93 19994 185
446 94 19995 187
447 95 19997 188
447.996 96 19995 189
449 97 19996 188
450 98 19994 190
450.998 99 19993 191
451.999 99 19997 189
452.999 100 19996 190
453.999 101 19996 190
455 102 19998 192
455.999 103 19992 192
457 103 19998 191
458 102 19994 191
458.999 101 19997 193
459.999 100 19998 192
460.998 101 19998 193
461.999 101 19993 192
463 99 19997 191
463.999 100 19994 191
465 100 19995 192
466 100 19992 194
467 100 19996 194
468 98 19996 192
469 98 19997 195
470 99 19995 196
470.999 101 19994 200
471.999 102 19993 199
473 103 19995 200
473.997 104 19996 199
475 104 19995 200
475.994 104 19994 199
476.997 104 19994 198
478 106 19993 199
479 107 19996 200
480 105 19994 200
480.999 107 19995 200
481.999 107 19994 200
482.999 107 19999 201
483.998 106 19995 201
485 103 19993 199
485.996 102 19995 198
487 102 19998 198
487.993 102 19993 198
488.999 103 19999 198
489.996 104 19996 200
491 103 19998 201
491.999 104 19996 201
493 103 19997 201
494 104 19996 201
494.999 105 19993 201
495.999 104 19995 200
496.999 105 19996 198
498 105 19995 198
498.999 104 19991 199
499.999 104 19997 199
500.998 104 19998 200
501.998 105 19996 199
503 104 19995 200
503.992 103 19996 201
505 102 19997 202
505.999 103 19992 203
506.999 102 19994 201
508 102 19993 203
508.999 103 19994 203
509.999 103 19994 203
511 105 19992 205
511.998 105 19997 204
512.999 105 19995 203
513.998 104 19992 206
514.996 103 19990 207
515.998 103 19998 206
517 101 19994 203
518 99 19992 201
518.998 97 20000 199
519.999 96 19995 199
520.999 96 19999 199
522 96 19992 198
522.999 96 19991 199
523.992 96 19995 198
524.998 98 19995 199
525.997 98 19997 199
527 94 19996 194
527.999 94 19992 194
529 95 19995 196
530 96 19996 195
530.998 95 19997 194
531.998 95 19996 195
532.999 93 19991 194
533.999 94 19995 196
534.998 94 19994 197
535.998 93 19998 196
536.999 93 19996 196
538 93 19990 200
538.999 94 19995 200
539.998 93 19992 200
541 94 19997 200
541.997 94 19993 200
542.999 95 19994 201
543.999 98 19994 202
544.999 97 19995 202
545.999 100 19993 203
547 103 19998 203
547.999 102 19999 202
548.999 101 19995 203
549.995 103 19992 203
550.996 103 19996 204
551.999 104 19996 204
553 105 19998 204
553.999 104 19994 203
555 105 19997 205
555.999 104 19995 205
556.998 103 19999 203
557.997 103 19993 206
558.999 104 19996 207
559.997 105 19992 207
560.998 103 19997 206
561.999 103 19995 207
563 103 19996 206
563.997 103 19999 207
565 102 19996 207
566 100 19999 205
566.997 100 19997 206
567.999 100 19994 204
568.999 99 19999 205
569.999 101 19998 205
571 101 19994 207
571.999 99 19997 204
572.999 100 19996 205
573.997 99 19996 205
574.998 99 19993 205
575.996 99 19998 207
576.999 99 19996 207
578 97 19996 205
579 95 19992 204
579.997 95 19998 203
580.995 94 19996 200
581.998 95 19993 201
582.999 96 19993 201
583.998 97 19997 201
584.992 96 19994 200
585.999 94 19995 198
586.998 94 19994 198
588 94 19992 198
588.999 95 19996 199
589.995 96 19997 200
590.999 98 19998 200
591.999 98 19994 202
593 95 19989 199
594 95 19994 199
595 95 19997 198
595.999 95 19995 197
596.995 95 19996 198
597.993 97 19998 199
598.998 96 19994 198
599.999 95 19999 199
600.995 95 19994 199
602 94 19995 195
602.994 94 19994 194
603.998 97 19995 194
604.999 97 19993 193
605.996 101 19997 194
606.999 100 19993 194
607.999 100 19994 194
608.999 100 19999 194
609.998 98 19989 192
611 99 19994 194
611.999 99 19994 194
612.999 99 19994 196
614 99 19992 197
615 99 19995 198
615.999 99 19996 197
616.999 102 19990 197
617.998 103 19998 196
618.999 103 19994 196
620 102 19996 195
620.999 100 19995 194
621.998 99 19997 194
622.998 99 20000 196
623.997 99 19997 198
624.998 101 19996 198
625.999 103 19994 199
627 102 19998 198
628 102 19993 197
628.999 102 19994 198
629.998 101 19997 196
630.999 100 19998 196
631.998 99 19995 197
632.999 100 19996 197
634 98 19995 196
634.995 97 19995 194
635.999 97 19998 195
636.992 96 19999 196
638 97 19999 197
638.999 94 19995 197
639.998 96 19999 200
640.994 97 19997 201
641.999 95 19994 200
642.998 95 19999 200
644 96 19992 202
644.997 96 19998 202
645.998 97 19997 202
646.999 100 19996 203
647.998 99 19995 201
648.998 97 19992 199
649.999 100 19992 200
651 103 19994 201
652 104 19993 201
652.999 104 19999 201
653.999 104 19995 199
655 105 19994 199
655.999 107 19995 198
656.995 109 19997 198
657.999 110 19994 200
658.999 111 19999 203
659.998 112 19994 203
661 113 19995 205
661.999 114 19998 206
662.994 111 19997 203
663.999 112 19993 203
665 112 19994 203
666 111 19995 201
667 110 19996 201
667.999 110 19995 201
668.999 111 19995 201
669.997 110 19997 200
671 108 19997 199
671.999 108 19991 200
673 108 19997 202
673.998 107 19996 201
674.996 107 19997 201
676 107 19994 202
676.999 106 19996 201
678 107 19999 201
679 108 19996 202
679.999 107 19998 201
680.998 106 19996 199
681.993 106 19996 199
683 106 19993 200
683.995 105 19995 199
684.998 106 19996 201
685.998 105 19998 201
686.999 107 19995 203
687.997 106 19993 202
688.997 106 19997 204
689.999 107 19993 205
690.996 106 19994 206
691.999 107 19997 206
692.994 107 19996 205
694 107 19999 204
694.999 104 19993 202
695.995 104 19996 203
696.998 104 19995 206
697.998 104 19992 207
698.999 104 19991 210
699.999 104 19996 211
701 106 19991 211
701.995 106 19996 212
702.999 106 19997 212
703.999 108 19997 210
705 105 19990 206
705.999 105 19994 207
707 103 19997 205
707.996 102 19995 205
708.998 103 19996 206
709.999 103 19996 206
711 102 19995 205
711.999 102 19996 207
712.999 101 19994 207
713.999 104 19996 207
715 103 19991 205
715.999 104 19995 205
717 105 19998 204
717.991 103 19999 203
718.999 102 19996 204
719.997 101 19995 206
721 104 19994 207
721.999 102 19997 206
723 102 19994 207
724 103 19998 207
725 103 19994 207
726 104 19996 207
726.995 104 19996 208
727.997 107 19993 209
728.996 104 19998 206
729.997 104 19996 205
730.983 105 19996 207
732 104 19993 207
733 103 19995 204
734 102 19995 203
735 102 19997 203
735.999 102 19998 206
736.998 100 19999 206
737.999 101 19992 207
738.997 100 19993 208
739.999 99 19995 207
740.998 98 19991 208
741.999 100 19996 209
742.998 99 19995 209
743.995 99 19995 210
744.998 100 19997 210
745.988 99 19999 209
747 98 19997 207
748 97 19993 206
748.999 99 19993 206
749.999 99 19992 206
750.997 101 19995 207
751.999 101 19993 208
753 101 19993 210
753.999 100 19996 210
755 100 19994 209
755.999 100 19995 210
756.999 100 19995 211
757.989 99 19999 211
758.992 99 19997 211
759.999 98 19994 210
761 98 19996 210
761.998 99 19995 211
762.998 99 19999 211
763.999 98 19995 210
765 100 19997 210
765.999 102 19996 210
767 101 19993 211
767.998 101 19995 210
769 100 19996 209
770 99 19999 210
770.998 101 19999 210
772 100 19995 208
773 99 19997 206
774 98 19998 207
774.989 98 19996 208
776 98 19998 208
776.999 97 19996 207
778 99 19997 206
778.998 100 19998 210
779.994 101 19997 210
780.999 100 19995 209
781.996 100 19998 210
782.996 102 19993 212
783.998 102 19995 212
784.997 102 19998 213
786 103 19992 213
786.997 104 19993 212
787.998 103 19997 212
789 103 19996 214
790 103 19993 213
790.999 103 19994 214
791.999 106 19995 215
792.999 106 19992 216
794 106 19992 216
795 105 19996 218
795.999 105 19996 217
796.997 106 19998 217
797.999 107 19995 219
798.998 106 19998 218
799.999 109 19998 219
801 109 19995 218
801.999 108 19995 219
802.998 110 19997 220
803.999 112 20000 219
804.998 111 19997 219
805.997 112 19997 219
807 112 19994 220
807.997 110 19994 217
809 111 19997 217
810 112 19998 217
810.999 110 19997 217
811.997 111 19995 218
812.998 109 19996 215
814 110 19993 216
815 110 19995 215
815.996 111 19998 216
817 110 19996 215
818 111 19997 215
819 110 19997 215
819.995 110 19999 214
820.997 109 19995 213
821.999 110 19994 215
822.999 112 19997 215
824 111 19997 214
824.997 111 19998 215
825.999 112 19995 218
827 113 19996 218
827.999 113 19994 217
829 117 19993 218
829.991 119 19998 219
830.999 118 19998 221
831.999 118 19995 221
833 118 19994 222
833.993 118 19994 222
834.996 120 19996 223
835.997 118 19996 222
837 118 19992 222
838 118 19992 220
838.999 119 19991 220
839.998 118 19995 221
840.997 119 19991 222
842 123 19998 223
842.999 122 19996 224
843.995 123 19999 224
844.999 123 19993 225
846 123 19993 225
847 122 19996 223
847.999 120 19998 222
848.995 120 19995 222
850 122 19994 222
851 122 19998 221
852 124 19997 223
852.999 123 19996 224
853.999 124 19994 221
854.997 124 19996 222
855.999 124 19994 222
856.999 121 19996 219
857.999 117 19990 217
858.999 123 19999 218
860 122 19999 218
860.998 123 19994 219
861.998 122 19999 219
862.992 119 19998 218
863.999 116 19995 215
864.999 117 19998 214
866 117 19994 214
867 119 19993 216
867.998 117 19995 214
868.998 117 19999 214
870 121 19994 216
870.998 120 19997 212
871.999 121 19995 211
872.999 121 19997 210
874 118 19993 209
874.989 119 19996 208
875.999 118 19996 208
877 117 19996 208
877.998 114 19997 206
878.998 113 19996 206
879.999 113 19994 205
881 112 19995 205
881.999 109 19996 204
882.999 109 19996 204
883.999 105 19992 201
884.998 105 19999 201
886 104 19997 200
886.999 104 19993 200
888 101 19996 197
888.997 99 19995 196
889.999 101 19998 198
891 101 19993 199
892 103 19993 197
892.999 102 19995 199
893.999 102 19993 197
895 100 19996 197
896 99 19994 196
896.992 98 19997 197
897.996 99 19998 197
898.999 100 19998 197
900 103 19995 197
900.996 105 19997 197
902 104 19997 196
902.996 105 19995 197
903.996 103 19996 196
905 104 19996 197
906 105 19993 197
906.994 104 19995 197
907.998 101 19997 195
908.997 101 19996 195
909.997 99 19993 195
911 99 19996 196
911.992 100 19998 196
912.998 101 19996 196
913.999 100 19996 195
914.998 99 19997 194
915.999 101 19998 199
917 102 19998 200
917.997 101 19997 199
918.999 100 19994 196
919.997 98 19998 195
920.999 98 19998 198
921.999 96 19997 199
922.995 95 19996 197
924 95 19993 198
924.996 95 19994 198
925.997 93 19997 199
927 96 19993 199
927.998 96 19999 199
928.994 96 19998 199
929.999 97 19996 200
931 95 19994 199
931.999 95 19994 198
932.99 96 19999 199
934 94 19994 197
935 94 19993 197
935.99 95 19996 197
936.999 96 19992 197
937.996 92 19996 195
939 92 19993 198
939.999 92 19997 198
941 95 19993 198
942 97 19996 199
942.994 94 19998 197
944 94 19990 196
945 93 19995 195
945.998 94 19995 195
947 94 19996 195
947.998 95 19993 196
948.998 95 19994 197
949.998 95 19995 198
950.995 95 19996 197
951.998 95 19996 195
953 94 19994 197
953.999 93 19999 195
955 93 19996 196
955.994 92 19995 195
956.999 91 19998 197
957.997 89 19998 196
958.995 89 19994 195
959.998 88 19996 193
960.998 87 19998 192
962 88 19999 191
962.998 87 19997 190
964 89 19995 190
964.999 89 19996 191
965.999 91 19998 190
966.997 91 19993 193
967.996 89 19994 192
968.999 88 19998 190
969.999 87 19994 187
971 86 19998 186
971.995 85 19998 185
972.999 84 19992 184
974 86 19988 185
975 86 19995 184
975.998 88 19994 184
976.999 88 19995 185
977.999 87 19997 185
979 88 19995 190
980 90 19999 190
980.998 91 19996 190
981.998 92 19997 193
982.998 90 19994 191
984 93 19995 191
985 94 19993 191
985.999 94 19996 191
986.998 93 19994 192
987.998 95 19995 195
988.999 97 19993 197
989.998 98 19997 197
990.997 97 19997 195
992 97 19997 195
992.995 97 19998 197
994 96 19994 198
994.999 96 19995 199
995.999 94 19996 198
997 94 19995 198
997.999 97 19995 199
998.998 95 19994 197
999.998 94 19998 197
1000 94 19997 197
