0.987775 392 19997 392
1.99918 390 19994 390
2.99977 382 19995 382
3.99881 378 19995 378
4.99883 373 19988 373
5.9993 369 19997 369
6.99924 365 19996 365
7.9999 364 19994 364
8.99988 364 19996 364
9.99889 361 19999 361
10.9992 357 19992 357
11.9992 353 19998 354
12.9998 349 19997 350
13.9994 342 19994 343
14.9987 340 19995 342
16 338 19996 341
16.999 335 19993 339
17.9974 330 19993 334
18.9976 328 19998 333
19.9913 324 19997 330
21 322 19995 327
21.997 319 19994 324
22.9992 318 19993 323
23.9997 314 19995 320
24.997 312 19997 318
25.9988 310 19996 316
26.9993 306 19994 312
27.9972 304 19997 310
28.9981 303 19996 310
29.9937 298 19998 305
30.9943 295 19996 302
32 292 19993 299
32.9973 288 19997 297
34 281 19995 291
34.9958 279 19998 290
35.9989 276 19996 287
36.9998 274 19999 285
37.9996 271 19992 283
38.9988 269 19993 281
39.9998 267 19995 281
40.9989 264 19995 278
41.9969 261 19996 275
42.9994 260 19993 276
43.9999 259 19998 277
44.9914 258 19995 277
45.9986 257 19999 276
46.9992 256 19996 275
47.9911 255 19996 276
48.9996 253 19998 274
49.9997 252 19997 275
50.9988 248 19992 273
51.9999 247 19996 272
52.9966 244 19998 270
54 243 19996 269
54.9977 240 19999 266
55.9992 238 19997 264
56.9989 235 19993 262
57.9998 234 19995 260
59 232 19994 260
59.9992 227 19994 257
60.9979 228 19997 257
61.9977 226 19997 259
62.9937 224 19997 258
63.9961 221 19995 254
64.9989 219 19996 251
65.9993 217 19994 247
66.9981 217 19996 247
67.999 216 19994 245
68.9988 213 19997 243
69.998 209 20000 241
70.9998 207 19998 241
71.9999 206 19994 240
73 204 19998 239
73.9994 203 19994 239
74.999 200 19996 235
75.9973 199 19993 234
76.9993 199 19995 234
77.9984 194 19997 230
78.9978 193 19997 229
79.997 193 19998 229
80.9979 190 19998 227
81.9995 188 19997 229
82.9986 185 19995 228
83.9998 185 19993 229
84.9965 184 19994 230
85.9982 183 19994 230
86.9992 181 19991 227
87.9988 183 19994 228
88.9999 183 19994 228
89.9995 185 19997 229
90.9998 182 19996 225
91.9995 181 19996 227
92.9996 179 19995 226
93.9985 178 19997 225
94.9922 176 19998 224
95.9998 176 19998 222
96.9993 174 19996 222
97.9958 173 19993 222
99 169 19993 221
99.9984 170 19996 224
100.994 171 19998 224
101.999 171 19992 225
103 172 19997 224
104 173 19997 223
104.999 170 19997 222
105.997 168 19994 221
106.997 165 19995 218
107.999 165 19995 220
109 162 19996 216
109.997 161 19997 216
110.996 160 19999 212
112 159 19992 211
113 159 19996 211
113.996 158 19996 209
114.999 157 19995 209
115.999 154 19996 207
116.996 154 19996 207
117.997 154 19995 205
118.994 150 19995 202
119.998 149 19996 202
120.999 147 19996 201
121.997 147 19997 203
123 143 19999 199
123.999 144 19998 200
124.997 142 19996 199
125.998 142 19997 198
126.998 140 19998 196
127.998 137 19998 195
128.999 135 19995 194
130 135 19995 194
130.998 135 19996 193
131.999 135 19997 195
132.999 133 19996 195
133.999 133 19994 196
134.999 131 19995 195
136 129 19998 193
136.996 129 19995 195
137.999 129 19994 195
138.995 129 19995 195
140 129 19996 197
140.996 130 19998 196
142 130 19998 194
142.997 133 19997 195
144 133 19996 195
144.998 132 19995 194
145.999 130 19996 193
146.998 128 19996 192
147.996 126 19995 190
148.994 125 19998 189
150 126 19994 188
150.997 127 19994 189
151.995 124 19998 187
152.999 122 19996 185
154 122 19999 184
154.999 120 19998 183
155.998 119 19998 183
156.999 119 19996 182
158 118 19994 181
158.999 118 19993 182
160 118 19996 182
160.998 117 19994 182
161.999 118 19995 182
162.998 118 19995 182
163.996 116 19999 180
164.999 117 19995 180
165.999 115 19996 179
166.999 115 19997 178
168 114 19994 180
168.995 113 19997 178
169.998 112 19997 176
170.998 110 19995 176
171.999 109 19998 176
173 109 19997 175
173.998 110 19995 177
175 110 19993 173
175.999 112 19996 174
177 110 19996 173
178 110 19995 173
178.997 108 19997 173
179.994 107 19995 172
180.995 106 19997 172
182 106 19993 172
182.997 106 19998 173
184 106 19997 175
184.999 106 19997 175
186 106 19997 176
186.999 102 19996 173
187.999 103 19995 176
188.998 103 19998 177
189.997 102 19993 177
190.999 100 19996 176
192 100 19995 176
193 100 19993 176
193.998 100 19995 175
194.998 101 19998 176
195.996 99 19998 176
196.99 100 19993 176
197.994 100 19999 175
198.999 100 19994 177
199.997 99 19997 177
200.997 95 19999 175
202 95 19994 176
203 95 19992 177
204 96 19996 178
204.999 96 19996 179
206 96 19994 178
207 96 19996 178
207.993 95 19996 179
209 95 19998 179
209.995 95 19997 182
211 95 19989 183
211.999 94 19997 183
212.996 94 19999 181
214 94 19992 182
214.998 96 19997 180
216 95 19992 181
216.996 93 19999 179
217.999 95 19999 179
219 96 19999 180
220 95 19996 179
220.998 96 19995 181
221.999 97 19997 183
222.993 96 19995 183
223.999 96 19996 183
224.999 96 19996 183
225.997 96 19996 182
226.996 96 19996 181
227.999 95 19993 180
228.999 95 19995 180
229.998 95 19993 180
230.999 91 19995 176
231.998 90 19995 177
232.998 90 19995 177
233.995 90 19998 177
234.998 89 19996 176
235.998 88 19997 175
237 87 19997 177
238 87 19997 179
238.995 89 19998 180
239.998 89 19998 181
240.998 88 19997 180
241.997 88 19996 179
242.998 88 19997 181
243.999 88 19997 181
244.999 88 19997 182
245.998 88 19995 186
246.997 89 19996 188
248 89 19996 186
249 89 19995 189
249.989 89 19998 190
250.997 89 19996 191
251.999 89 19995 192
252.996 89 19999 193
253.999 89 19996 193
254.998 90 19996 192
256 93 19993 193
256.999 93 19995 195
257.999 96 19996 197
258.995 96 19999 198
259.995 95 19992 195
260.999 95 19994 194
261.998 96 19993 194
262.999 96 19992 196
263.998 96 19995 195
264.998 97 19995 195
265.999 97 19992 194
267 96 19993 195
267.997 95 19998 195
269 95 19993 197
269.999 95 19993 197
270.996 95 19997 197
271.999 94 19997 195
273 96 19996 197
274 94 19995 196
274.999 94 19994 197
276 95 19996 197
276.999 97 19995 198
277.999 97 19997 197
278.999 98 19996 196
279.999 99 19991 197
280.997 97 19995 195
281.998 96 19998 194
283 96 19989 193
283.995 98 19995 194
285 99 19996 196
286 98 19996 195
286.999 97 19995 194
287.995 96 19998 194
288.998 96 19998 196
289.993 96 19995 196
290.997 97 19998 196
291.999 94 19997 193
292.994 92 19996 191
294 93 19994 192
295 94 19996 191
295.999 96 19996 192
296.999 95 19993 191
297.996 93 19995 190
299 92 19994 187
299.999 93 19995 184
300.999 94 19991 185
301.999 95 19994 185
302.999 95 19995 184
303.996 97 19997 184
304.996 99 19997 186
305.998 101 19991 187
307 101 19998 188
307.997 101 19998 188
309 102 19998 188
309.999 104 19996 189
310.991 106 19998 190
311.999 107 19995 188
312.999 106 19992 189
313.998 105 19994 189
314.998 106 19996 189
316 105 19996 189
316.994 107 19997 192
317.993 106 19993 193
319 108 19995 196
319.998 108 19997 195
321 107 19996 194
322 106 19995 194
323 103 19996 192
323.999 104 19996 192
324.998 102 19998 190
325.999 101 19995 189
326.999 101 19995 189
327.999 100 19996 188
328.996 98 19994 186
329.995 98 19996 186
330.998 98 19997 187
331.996 97 19995 185
332.999 98 19995 186
333.996 100 19996 189
334.999 100 19995 190
335.989 100 19997 190
336.999 101 19992 189
337.993 101 19996 191
339 99 19999 190
339.998 99 19996 190
340.999 97 19997 189
341.999 97 19996 188
342.996 97 19994 191
343.999 97 19997 191
345 98 19994 190
345.998 98 19997 191
346.999 98 19997 189
347.999 100 19994 189
349 101 19998 189
350 102 19998 187
350.998 102 19995 187
351.999 101 19994 186
352.999 99 19993 184
353.997 99 19994 184
355 101 19998 184
356 100 19994 183
356.998 102 19995 183
357.993 103 19998 182
358.997 103 19997 185
360 103 19995 185
360.996 101 19996 183
361.999 102 19995 184
362.997 101 19997 183
364 100 19996 184
364.998 100 19996 186
365.999 99 19990 186
366.998 101 19994 187
367.997 101 19998 186
368.999 100 19997 183
370 100 19999 185
370.999 101 19996 185
371.987 99 19997 182
372.999 99 19990 182
374 98 19995 183
374.999 98 19994 185
375.997 98 19999 185
376.999 99 19993 185
378 99 19995 185
378.999 97 19996 184
379.997 98 19999 185
380.999 99 19991 186
382 99 19998 186
382.992 102 19993 191
383.999 99 19992 188
384.998 99 19993 187
386 100 19995 188
386.998 100 19997 189
388 99 19995 187
388.999 101 19994 186
389.999 103 19995 186
390.999 103 19994 188
391.994 101 19991 187
392.998 102 19995 188
393.997 102 19996 190
395 106 19995 194
395.999 104 19995 194
397 103 19996 193
397.992 102 19997 192
399 102 19991 193
399.997 101 19996 193
400.999 103 19996 193
402 105 19996 194
402.996 105 19997 194
404 105 19999 193
404.997 104 19997 192
406 106 19994 197
406.997 109 19998 198
407.997 106 19993 196
408.999 104 19994 194
409.999 103 19997 194
410.999 104 19998 195
412 102 19998 193
412.999 102 19995 193
414 103 19995 195
415 103 19989 195
415.999 102 19994 195
416.992 103 19999 195
417.998 103 19992 197
418.999 103 19997 197
419.999 103 19996 198
421 104 19993 196
422 102 19995 197
422.998 101 19996 195
424 99 19994 195
424.993 98 19998 194
425.998 97 19995 194
426.991 96 19994 193
427.999 97 19998 193
429 97 19994 194
429.999 95 19993 193
430.999 95 20000 190
432 97 19998 191
433 98 19993 191
434 99 19997 193
435 99 19994 194
435.998 99 19997 193
437 101 19992 193
438 101 19992 193
439 101 19997 193
439.995 102 19997 194
441 103 19996 196
442 104 19992 197
443 105 19997 197
443.996 107 19997 198
444.997 109 19997 199
445.999 107 19994 197
447 106 19994 193
447.998 106 19995 196
448.999 105 19993 197
449.997 107 19997 197
450.998 109 19994 197
451.999 111 19993 199
452.996 111 19997 198
453.998 107 19997 196
454.998 106 19993 197
455.996 105 19996 198
456.998 105 19998 198
457.997 106 19997 198
458.999 105 19996 197
459.998 105 19994 198
460.998 106 19998 197
462 106 19992 198
462.999 106 20000 197
463.999 108 19994 197
464.999 109 19990 196
466 108 19996 195
467 108 19996 195
467.998 111 19993 197
469 113 19995 198
470 115 19997 200
471 115 19996 199
471.999 116 19992 199
473 116 19995 199
473.998 117 19994 200
474.998 115 19998 198
475.999 115 19998 199
476.998 113 19996 197
477.998 113 19998 197
478.999 113 19997 197
479.999 112 19994 196
480.999 113 19996 195
482 113 19996 195
483 114 19995 195
483.998 113 19998 193
484.997 113 19995 193
485.999 109 19997 191
486.999 110 19995 191
487.999 110 19995 191
489 109 19995 190
489.995 108 19995 189
490.993 110 19997 190
491.999 109 19995 189
492.999 109 19997 188
494 110 19992 187
494.999 112 19996 189
496 112 19999 188
496.999 110 19998 187
497.999 107 19998 183
499 107 19996 183
499.998 106 19995 183
501 106 19995 184
501.999 107 19993 184
502.999 105 19999 183
503.997 102 19995 180
504.998 102 19999 180
505.994 103 19995 181
506.999 103 19997 181
508 103 19996 182
509 104 19994 185
510 104 19992 183
510.998 105 19993 182
512 105 19996 182
512.996 105 19989 180
513.999 107 19994 180
515 105 19993 180
515.998 105 19996 180
516.997 104 19998 180
518 104 19994 180
518.996 102 19995 178
520 101 19996 176
520.999 101 19995 176
521.999 101 19998 177
523 98 20000 174
523.999 96 19992 173
524.998 96 19996 173
525.99 96 19999 175
526.999 96 19994 177
527.997 97 19998 179
528.997 97 19998 178
530 96 19997 176
530.998 94 19995 176
531.999 94 19995 179
532.999 93 19996 179
533.999 92 19996 179
535 90 19997 178
535.998 91 19996 180
537 92 19992 181
537.997 91 19997 180
538.998 91 19994 181
540 90 19997 178
540.999 93 19996 178
541.997 92 20000 178
542.999 91 19993 177
544 90 19993 176
544.999 90 19999 177
546 90 19993 176
547 90 19994 177
548 90 19993 178
549 88 19994 175
549.998 90 19997 175
550.996 92 19995 175
552 94 19996 178
552.999 91 19994 177
553.998 90 19990 177
555 89 19993 176
555.998 87 19994 175
557 88 19994 175
558 87 19999 174
559 86 19997 173
559.998 86 19990 173
560.998 86 19998 176
561.999 85 19998 176
563 85 19997 176
563.997 85 19998 175
565 86 19995 177
565.998 84 19994 176
566.999 83 19995 177
568 81 19993 174
568.996 79 19994 176
569.999 79 19995 178
570.999 77 19997 178
572 75 19992 177
572.999 76 19993 178
574 76 20000 178
574.999 77 19993 180
575.999 79 19995 182
576.999 81 19999 183
577.998 78 19996 181
578.999 79 19998 183
579.999 79 19998 184
580.997 79 19993 184
581.997 82 19996 185
582.995 84 19991 185
583.999 85 19998 186
585 87 19996 184
586 87 19996 184
586.993 87 19995 186
587.999 86 19996 185
588.999 85 19997 184
589.997 84 19996 183
590.988 86 19995 183
592 86 19997 183
592.999 87 19998 183
593.999 87 19992 183
594.999 88 19993 184
595.999 87 19994 182
596.999 86 19994 181
597.995 86 19996 181
598.996 88 19998 181
599.999 87 19995 180
600.999 90 19996 180
601.997 92 19991 180
602.998 92 19998 182
604 93 19995 182
604.998 90 19999 179
605.989 92 19998 181
606.996 97 19998 183
607.999 97 19994 185
608.998 98 19994 186
610 98 19991 186
610.999 97 19995 186
611.999 93 19996 183
613 93 19996 183
613.997 92 19997 183
615 91 19995 183
615.994 92 19996 181
617 94 19993 181
617.998 94 19996 180
618.999 95 19995 182
619.998 95 19998 181
620.999 96 19997 182
622 96 19992 184
623 95 19993 185
623.997 96 19996 184
625 96 19995 185
625.999 97 19995 188
626.998 95 19996 186
627.999 95 19997 189
629 93 19995 187
629.999 92 19997 185
630.999 92 19996 184
631.999 92 19999 183
632.999 93 19995 183
633.997 92 19996 183
634.998 90 19996 181
636 93 19996 181
636.997 91 19995 179
637.998 92 19998 181
639 92 19993 181
640 92 19994 183
640.999 91 19995 182
642 91 19992 182
642.999 91 19995 181
643.998 93 19994 181
644.998 93 19999 182
645.998 94 19994 182
647 95 19997 180
647.997 95 19999 179
648.996 96 19999 179
649.998 95 19996 178
650.998 95 19995 178
651.999 94 19996 180
652.999 95 19997 179
653.999 95 19997 178
655 94 19996 179
655.997 98 19999 180
656.999 99 19994 179
657.998 99 19994 179
658.999 96 19993 178
660 95 19997 176
660.999 94 19992 176
661.995 93 19995 174
662.999 93 19997 175
663.998 94 19997 176
664.999 93 19995 175
665.998 91 19993 174
666.999 91 19998 176
667.999 91 19993 176
669 94 19996 177
670 94 19989 176
671 93 19996 175
671.999 92 19995 175
672.999 92 19996 174
674 91 19988 174
675 92 19993 176
675.994 91 19995 175
676.998 90 19990 176
677.997 90 19998 178
679 91 19997 179
679.997 92 19997 181
681 92 19993 182
682 88 19996 178
682.999 88 19998 179
683.997 91 19997 179
684.999 90 19997 177
685.999 90 19994 176
687 88 19996 174
688 87 19995 174
688.999 87 19994 175
689.998 87 19996 175
690.999 88 19993 175
691.999 87 19997 174
693 87 19996 173
693.997 86 19993 173
694.999 83 19998 170
695.997 80 19994 169
696.998 82 19995 169
697.998 79 19997 166
698.999 77 19996 166
699.999 75 19995 164
700.999 72 19994 162
702 73 19998 162
702.999 75 19994 162
703.997 74 19995 161
704.999 73 19998 161
706 75 19996 162
706.998 76 19992 164
707.998 76 19998 162
708.998 76 19998 162
710 76 19998 162
710.999 74 19999 161
711.998 74 19992 161
712.999 77 19995 160
713.999 78 19997 160
714.998 79 19995 161
716 78 19990 164
716.992 78 19996 164
718 79 19991 164
719 78 19996 164
719.992 78 19996 164
720.995 77 19992 163
721.999 76 19995 163
722.997 76 19996 162
723.996 76 19997 163
725 77 19991 164
725.998 77 19997 163
727 78 19996 164
727.999 78 19996 165
728.997 79 19997 166
730 79 19997 167
730.998 81 19995 170
731.998 82 19997 171
733 84 19995 172
733.997 84 19993 171
735 87 19996 173
735.991 87 19998 176
736.998 86 19995 175
737.999 87 19995 177
738.998 88 19995 178
739.999 88 19994 179
740.997 88 19996 179
741.999 88 19995 178
742.997 86 19998 177
743.998 85 19991 176
744.989 87 19998 176
746 86 19996 175
746.999 86 19997 175
747.996 87 19996 176
748.997 89 19996 178
749.999 89 19997 177
751 89 19996 178
751.999 88 19995 179
752.999 87 19996 177
754 87 20000 177
755 87 19996 178
755.988 87 19994 180
756.999 87 19991 180
758 87 19996 182
758.999 84 19998 182
759.995 84 19995 182
760.999 83 19998 183
761.998 84 19999 184
763 84 19995 184
763.999 81 19996 181
764.999 81 19992 183
765.999 82 19995 182
766.999 83 19995 182
767.998 81 19996 179
769 79 19994 177
769.999 80 19996 177
770.999 82 19998 176
771.999 85 19992 174
772.999 84 19995 173
774 84 19996 174
775 83 19995 174
776 84 19997 176
776.991 85 19998 176
777.998 86 20000 176
778.998 87 19996 174
779.999 87 19996 175
781 84 19994 174
782 84 19994 174
782.999 85 19996 174
783.999 86 19996 174
784.997 87 19992 175
786 88 19993 174
786.999 89 19994 175
787.999 89 19993 175
789 87 19995 173
790 87 19997 173
790.996 89 20000 173
791.998 88 19997 173
792.994 91 19997 173
793.999 92 19995 173
794.999 92 19997 173
795.992 92 19996 172
796.994 90 19993 172
798 89 19996 172
799 91 19999 171
799.997 90 19994 171
800.996 89 19997 170
801.992 89 19997 170
802.998 90 19994 171
803.996 90 19994 171
804.997 91 19997 171
805.999 91 19995 170
806.996 92 19994 169
807.999 93 19996 169
808.997 96 19997 170
809.999 94 19997 169
811 95 19995 169
811.999 96 19997 170
812.999 95 19998 171
814 93 19994 169
814.999 93 19994 170
815.999 90 19998 168
816.999 91 19995 169
818 91 19995 169
818.997 92 19995 169
820 91 19993 170
821 91 19999 169
821.999 92 19995 170
822.998 91 19995 170
823.998 93 19996 172
825 92 19996 170
825.999 93 19997 171
826.998 93 19993 171
827.999 91 19997 170
828.999 90 19997 169
830 91 19996 171
831 89 19996 169
831.999 92 19996 170
833 91 19995 171
833.997 91 19994 171
834.999 93 19997 171
835.999 93 19998 173
836.999 93 19998 174
837.994 93 19999 175
839 91 19996 174
839.998 91 19995 175
840.997 91 19998 177
841.988 90 19992 178
842.999 89 19998 177
844 89 19995 176
844.999 86 19996 174
845.999 86 19994 176
846.999 85 19999 175
847.998 87 19998 175
848.999 84 19989 174
850 82 19997 173
850.999 85 19996 176
851.996 86 19995 177
852.997 84 19990 178
853.997 83 19997 176
854.998 83 19992 177
855.997 82 19998 177
856.997 84 19998 178
858 82 19993 176
858.991 84 20000 178
859.999 86 19996 182
860.999 86 19998 181
861.999 86 19997 180
862.999 85 19995 178
863.998 83 19995 176
864.997 82 19998 175
865.993 82 19998 174
866.996 81 19995 175
868 82 19997 176
869 81 19995 175
870 82 19994 175
871 82 19997 175
872 79 19993 173
872.998 79 19990 172
873.999 80 19997 173
874.997 77 19999 172
876 77 19996 172
876.997 78 19995 172
877.999 77 19997 170
878.995 77 19996 171
880 77 19994 171
880.992 78 19999 171
881.998 77 19996 171
883 77 19995 171
883.999 77 19994 171
884.998 78 19996 172
886 79 19990 173
886.997 79 19994 172
888 80 19997 174
888.999 80 19996 174
889.995 80 19995 173
890.999 81 19997 173
891.997 82 19996 173
892.994 82 19995 173
894 83 19997 174
894.999 84 19993 175
896 84 19997 175
896.999 85 19993 176
897.999 84 19996 177
899 83 19993 176
899.997 83 19996 176
900.998 82 19997 177
901.999 84 19994 175
902.996 85 19996 178
903.999 86 19997 178
904.996 86 20000 178
905.999 86 19996 180
906.999 87 19995 180
908 87 19993 180
908.999 85 19996 180
910 86 19995 179
910.998 85 19997 179
911.999 85 19991 179
912.998 86 19995 179
914 86 19996 178
914.993 86 19997 178
915.997 89 19997 179
917 87 19997 178
917.997 88 19996 178
919 89 19994 178
919.999 90 19995 178
921 90 19990 177
921.999 91 19997 177
922.999 90 19995 178
924 93 19997 178
925 93 19996 178
925.999 95 19995 179
926.992 96 19998 179
927.999 96 19996 181
928.998 97 19994 184
930 96 19997 186
931 97 19997 187
931.999 98 19999 187
933 99 19993 187
933.999 98 19998 189
934.999 99 19994 190
936 97 19997 188
936.993 97 19997 188
937.999 96 19999 188
938.999 95 19996 185
940 95 19996 188
940.999 95 19996 188
941.999 95 19995 188
942.999 95 19995 187
943.998 95 19998 190
944.995 96 19995 190
946 96 19996 190
946.999 96 19994 190
947.998 98 19996 193
948.999 98 19997 192
950 96 19995 190
951 96 19998 189
951.99 97 19994 188
953 98 19999 190
954 95 19997 187
954.998 97 19997 187
955.999 99 19998 187
957 101 19990 187
957.998 101 19995 187
958.996 101 19994 190
959.999 98 19995 189
961 98 19995 189
961.999 99 19997 192
962.998 95 19999 187
963.999 95 19990 188
965 97 19997 189
965.998 98 19997 188
966.992 96 19996 186
967.999 96 19997 187
968.999 96 19996 187
970 95 19998 185
970.996 94 19997 183
972 93 19999 182
972.998 93 19997 183
973.998 96 19999 183
974.998 94 19994 182
975.997 95 19997 183
976.999 96 19992 182
978 95 19996 180
978.999 95 19996 179
979.999 95 19997 179
980.999 94 19995 178
981.997 96 19998 179
982.999 96 19996 179
983.997 97 19993 179
984.998 98 19992 181
985.998 96 19999 179
986.998 95 19995 178
987.999 96 19997 179
988.998 95 19997 178
989.999 96 19995 178
990.998 98 19997 178
991.998 95 19992 178
992.999 95 19994 180
993.996 94 19995 180
994.998 94 19996 181
995.997 94 19997 180
996.998 95 19994 179
997.998 95 19995 180
998.992 93 19998 180
999.992 93 19996 180
1000 93 19995 180
