0.998877 398 19997 398
1.99802 395 19993 395
2.99236 391 19999 391
3.99702 386 19996 386
4.9998 383 19993 383
5.9992 379 19994 379
6.99832 376 19996 376
7.99658 374 19995 374
8.9998 371 19996 371
9.99841 369 19995 369
10.9997 367 19994 367
11.9994 365 19994 365
12.9991 358 19997 358
13.9987 350 19999 350
14.9994 345 19999 346
15.998 345 19991 347
16.9972 341 19993 345
17.9998 339 19998 343
18.9983 338 19997 342
20 338 19993 342
20.9986 334 19994 339
21.9998 329 19994 335
22.9978 327 19996 333
23.9988 325 19997 331
24.9979 323 19991 330
25.9999 319 19994 326
26.9991 315 19993 322
27.9992 314 19996 322
28.9993 313 19997 322
29.9956 312 20000 323
30.9982 308 19991 319
31.9929 308 19998 319
32.9974 305 19997 318
33.9969 302 19996 316
34.9999 301 19999 316
35.9996 300 19997 315
36.9985 300 19998 317
37.9961 299 19999 315
38.9997 298 19992 316
39.9996 295 19997 314
40.9991 293 19996 315
41.9983 288 19997 311
42.9959 287 19997 310
43.9994 282 19993 306
44.9986 279 19994 305
45.9973 275 19996 302
46.9993 273 19995 300
47.9999 269 19993 295
48.9977 268 19996 294
49.9977 264 19992 289
50.9994 260 19996 284
51.9999 255 19991 280
52.9989 253 19997 278
53.9979 251 19992 278
54.9984 248 19997 275
55.9976 247 19991 275
56.9999 245 19994 273
57.998 244 19999 272
58.9972 238 19994 267
59.9968 234 19994 264
60.9973 232 20000 262
61.9997 228 19995 258
62.9966 229 19996 258
63.9998 226 19996 255
64.9998 225 19995 254
65.9969 223 19997 253
66.9941 223 19995 254
67.997 224 19996 254
68.9917 221 19992 251
69.9982 219 19997 250
70.9975 216 19993 247
71.9988 216 19997 247
72.9954 213 19998 243
73.9994 212 19997 245
74.9998 208 19996 241
75.9993 206 19991 241
76.9967 203 19995 238
78 204 19992 239
78.9877 203 19993 239
79.9993 200 19998 237
80.9984 196 19995 235
81.9997 194 19992 233
82.9975 191 19997 234
83.9988 189 19997 234
84.9932 188 19999 234
85.9955 184 20000 230
86.9997 183 19994 230
87.9993 184 19995 230
88.9998 183 19998 228
89.9979 182 19995 231
90.999 182 19993 232
91.9984 181 19998 233
92.9997 179 19994 232
93.998 178 19997 232
94.9987 176 19994 231
95.9998 175 19995 231
96.9986 173 19994 230
97.9998 173 19995 230
98.999 172 19996 231
99.9969 171 19996 231
100.996 171 19996 230
101.999 169 19998 228
102.993 166 19998 227
103.999 163 20000 225
104.994 164 19998 225
105.998 163 19995 223
107 162 19997 220
107.999 162 19996 219
108.997 161 19995 218
110 161 19997 218
110.997 161 19998 218
112 161 19998 218
112.999 159 19998 216
113.998 155 19997 213
114.999 154 19996 212
115.999 152 19997 211
116.999 152 19994 212
117.999 152 19992 211
119 152 19996 211
120 152 19997 211
120.999 150 19998 209
122 149 19995 209
122.999 146 19997 207
123.993 146 19997 207
124.997 145 19995 205
126 144 19994 203
126.999 143 19997 203
127.999 141 19995 199
128.998 140 19994 200
130 140 19996 200
131 137 19997 197
131.999 137 19998 199
132.999 139 19996 199
133.999 138 19996 197
134.999 137 19995 195
135.999 138 19994 197
136.999 138 19996 197
137.998 139 19996 197
138.999 138 19997 196
139.999 136 19996 195
141 136 19997 195
141.994 136 19999 196
142.999 135 19995 194
143.997 133 19997 192
145 133 19994 192
145.996 132 19995 193
146.997 131 19998 192
147.998 130 19995 191
148.992 128 19996 189
149.999 128 19999 190
150.999 129 19994 190
151.995 129 19996 189
152.999 130 19992 189
153.999 127 19997 187
155 127 19991 187
155.998 126 19999 187
156.999 127 19997 187
157.996 128 19998 186
158.996 128 19994 188
160 129 19992 190
161 127 19993 187
161.994 127 19999 187
162.999 126 19997 187
163.999 127 19999 187
165 123 19997 184
165.999 121 19998 182
166.998 120 19996 181
167.998 120 19995 180
169 117 19994 177
169.999 118 19996 177
170.994 117 19996 177
172 116 19997 176
172.999 113 19997 174
173.998 112 19994 174
174.993 112 19995 174
175.995 112 19998 174
176.999 111 19992 174
177.999 111 19992 173
178.993 110 19998 173
180 110 19998 173
180.998 111 19995 172
181.999 111 19994 173
182.997 110 19995 173
183.999 111 19997 175
185 110 19996 178
185.997 112 19997 179
186.998 111 19994 177
187.999 110 19994 175
188.999 109 19993 176
189.999 108 19998 175
191 108 19996 176
191.997 108 19999 176
192.997 109 19997 175
193.999 110 19996 176
194.998 109 19998 175
195.999 110 19994 175
197 109 19999 175
197.999 111 19995 176
198.999 112 19999 175
199.992 111 19995 173
201 111 19990 173
201.999 110 19996 172
202.996 109 19996 172
203.998 110 19995 171
204.997 110 19995 172
205.997 108 20000 170
206.999 107 19993 169
207.997 107 19998 168
209 105 19996 164
209.995 107 19997 165
210.997 106 19997 164
211.998 107 19996 166
212.998 105 19994 163
213.999 104 19996 163
214.998 104 19994 165
215.997 102 19996 163
216.993 100 19997 161
218 100 19993 162
219 101 19996 162
219.997 101 19995 162
220.999 101 19993 163
221.998 101 20000 163
222.999 100 19995 162
223.994 100 19998 163
225 100 19993 161
226 99 19997 160
227 99 19992 162
228 99 19997 162
228.998 97 19999 160
229.999 96 19997 159
231 96 19994 159
231.998 96 19997 160
233 97 19991 159
234 95 19997 159
235 95 19998 161
235.999 95 19994 161
236.996 95 19999 162
237.999 95 20000 163
238.999 95 19997 163
239.994 98 19998 163
241 98 19995 163
241.998 96 19999 161
242.999 95 19997 160
243.999 92 19997 158
244.998 92 19994 158
245.997 89 19998 155
246.997 87 19991 154
247.999 86 19994 154
248.995 86 19994 154
250 86 19997 156
250.997 83 19990 155
251.998 83 19995 155
252.996 83 19996 155
253.999 83 19995 155
255 84 19994 155
255.989 84 19998 154
257 85 19999 154
257.999 86 19996 155
258.998 85 19999 156
259.999 86 19996 155
261 84 19993 155
262 85 19996 158
262.996 88 19997 159
264 90 19994 162
264.998 89 19996 162
265.994 90 19994 163
267 89 19994 161
267.999 89 19995 161
269 88 19995 161
270 88 19997 161
270.996 87 19996 163
271.998 89 19995 164
272.999 89 19996 165
273.997 91 20000 165
274.999 92 19992 166
276 92 19997 169
276.995 90 19998 167
278 92 19997 166
278.995 93 19997 168
279.998 93 19998 170
280.999 93 19997 170
281.999 93 19996 170
282.995 94 19997 171
283.999 94 19996 173
284.999 93 19996 171
285.998 91 19996 170
286.998 89 19995 170
287.998 90 19997 170
289 91 19997 173
289.999 91 19999 174
290.995 90 19994 173
291.999 89 19997 172
293 89 19995 172
294 90 19995 174
294.998 90 19996 174
295.997 90 19996 175
296.992 91 19996 177
297.986 92 19998 176
298.999 92 19994 176
300 92 19993 177
301 92 19997 179
301.999 92 19996 180
303 94 19992 180
303.999 94 19992 180
304.997 96 19997 180
306 93 19994 177
306.999 94 19996 179
308 94 19993 178
308.999 92 19998 178
309.999 90 19999 177
310.997 91 19995 179
311.999 90 19996 179
312.999 93 19998 178
314 93 19993 178
314.998 92 19993 177
315.999 95 19995 177
316.999 94 19995 176
317.998 93 19998 175
318.999 95 19999 176
319.998 96 19998 177
320.998 95 19995 178
322 95 19995 181
322.999 95 19996 181
324 95 19994 183
324.998 96 19999 184
325.999 95 19997 183
326.999 96 19995 183
327.997 97 19997 184
329 97 19994 184
329.999 94 19993 184
330.999 95 19997 182
331.996 94 19995 182
332.996 95 19999 182
334 94 19994 181
334.999 94 19992 183
336 93 19994 181
336.999 93 19995 181
337.999 92 19994 181
339 92 19996 181
339.996 92 19997 181
340.998 90 19995 180
341.998 88 19996 180
343 85 19989 177
343.998 84 19998 177
345 86 19994 177
345.997 85 19997 178
346.996 84 19998 177
347.998 84 19993 178
348.999 83 19994 179
349.995 83 19997 178
351 84 19996 180
351.998 85 19997 180
352.998 85 19994 180
353.999 87 19995 180
354.999 87 19995 182
355.998 86 19994 182
356.994 85 19998 182
357.997 83 19998 180
359 82 19997 179
359.998 84 19994 180
360.998 84 19998 181
361.999 85 19994 182
362.997 83 19997 183
364 82 19996 182
364.995 81 19999 182
366 83 19994 182
366.997 80 19998 180
367.997 78 19996 177
369 79 19996 177
369.999 81 19998 177
371 81 19998 176
372 81 19994 176
373 80 19994 176
373.999 80 19994 175
375 81 19993 176
375.992 80 19999 177
376.999 78 19994 176
378 77 19995 176
378.999 76 19993 177
380 74 19996 175
380.999 73 19994 175
381.996 73 19995 176
382.998 76 19999 176
384 73 19996 173
384.999 75 19994 174
386 75 19992 172
386.995 75 19993 173
387.998 75 19994 175
388.999 75 19998 174
389.999 76 19991 175
390.998 77 19995 176
391.992 78 19997 177
392.994 79 19999 178
393.995 79 19995 177
395 77 19993 177
396 77 19997 177
396.998 77 19998 175
397.997 77 19995 176
399 77 19998 177
399.999 77 19998 179
400.998 77 19997 177
402 77 19998 177
403 74 19996 175
404 75 19993 175
404.999 75 19996 174
405.999 74 19996 173
406.998 74 19995 173
408 75 19994 173
409 75 19996 172
410 74 19994 174
410.998 73 19991 176
412 72 19997 176
412.999 70 19995 174
413.999 70 19998 173
414.998 68 19992 173
416 68 19996 174
416.999 69 19993 174
417.995 70 19994 173
418.998 70 19995 175
419.996 69 19997 175
421 68 19994 174
422 67 19996 174
422.998 68 19997 174
423.999 70 19992 176
424.996 70 19995 177
425.994 72 19995 178
427 71 19998 177
427.999 73 19994 177
428.998 73 19995 177
430 74 19995 177
431 74 19993 175
431.997 74 19997 175
432.998 72 19994 173
434 73 19998 174
434.999 75 19992 174
436 76 19996 176
436.993 76 19999 175
438 78 19996 175
439 79 19992 176
439.993 77 19999 174
440.991 77 19994 176
441.995 79 19999 177
442.999 78 19996 177
443.999 79 19994 178
444.995 79 19999 178
445.999 79 19994 177
446.999 80 19998 177
447.999 79 19998 177
448.993 80 19998 177
450 81 19997 178
450.997 83 19998 179
451.997 82 19993 178
452.995 83 19996 179
453.999 84 19998 179
454.999 82 19994 178
455.998 85 19996 177
456.988 85 19998 177
458 83 19996 175
458.999 86 19998 177
459.998 88 19995 177
460.996 90 19993 179
461.998 91 19999 179
462.999 92 19995 183
463.998 91 19994 180
464.998 89 19996 178
465.998 91 19999 178
466.999 90 19996 177
467.999 91 19994 177
468.999 91 19995 179
469.999 91 19993 180
470.995 92 19993 182
471.999 94 19994 184
472.997 94 19998 185
473.995 94 19998 184
475 93 19993 185
475.995 96 19997 185
476.999 95 19993 187
477.999 95 19993 187
478.994 93 19997 185
479.997 96 19997 185
481 94 19996 186
481.999 94 19993 186
482.997 94 19994 186
483.999 96 19998 185
485 95 19997 186
485.995 93 19994 183
487 91 19993 180
487.999 91 19996 180
489 94 19994 182
490 91 19994 182
491 93 19995 181
491.999 94 19996 183
492.998 92 19995 181
493.999 93 19997 183
494.998 93 19998 183
495.999 93 19992 183
496.993 92 19995 184
498 92 19996 183
498.993 92 19997 183
499.999 94 19991 185
501 94 19992 185
502 94 19997 186
503 95 19996 187
503.998 96 19994 188
504.999 96 19996 187
506 96 19995 187
506.993 96 19994 189
507.999 97 19994 188
508.999 99 19993 188
509.998 98 19995 187
510.995 96 19997 189
511.998 96 19998 189
512.999 97 19996 189
513.996 97 19993 189
514.998 94 19995 187
515.995 93 19997 185
516.999 93 19995 185
517.999 94 19996 185
518.999 94 19997 186
519.996 96 19999 187
520.998 96 19999 188
521.998 95 19997 187
522.995 94 19994 188
523.997 92 19994 186
524.998 92 19997 186
525.998 91 19995 185
526.999 91 19995 186
528 90 19993 184
529 93 19993 186
529.999 96 19996 186
530.997 98 19993 186
532 98 19997 185
533 97 19994 184
533.997 97 19996 184
535 97 19999 183
536 99 19997 185
536.996 97 19993 184
538 98 19997 184
538.999 97 19995 183
539.997 96 19998 183
541 95 19999 183
541.999 96 19994 183
543 94 19991 182
543.997 94 19994 183
544.998 97 19996 183
545.999 96 19994 182
546.997 93 19997 178
548 94 19992 177
548.997 95 19998 181
549.996 96 19993 180
551 97 19990 181
551.999 98 19996 182
553 99 19990 183
554 99 19998 183
555 100 19997 183
555.999 98 19995 180
556.997 99 19996 180
557.998 99 19996 179
559 98 19997 180
559.997 98 19995 180
560.996 97 19995 180
561.999 95 19996 178
562.993 96 19995 178
564 96 19998 178
565 97 19993 179
565.998 98 19995 179
567 98 19994 183
567.999 98 19998 183
568.998 98 19993 184
570 94 19995 181
571 92 19993 181
571.996 92 19997 183
573 93 19994 183
573.996 92 19994 181
574.996 94 19994 183
575.998 93 19994 185
576.999 94 19994 186
577.998 96 19997 188
578.998 96 19994 188
580 96 19995 189
580.999 96 19996 189
581.998 97 19997 188
582.999 97 19996 188
584 98 19996 188
585 100 19997 189
585.999 98 19997 188
586.999 97 19996 187
588 97 19993 187
588.997 99 19995 189
589.995 99 19997 191
590.999 99 19992 191
591.999 99 19997 193
592.999 100 19995 193
593.998 99 19998 192
594.998 97 19997 191
595.995 97 19998 191
596.996 97 19996 195
597.998 97 19995 197
598.998 95 19998 195
599.997 94 19997 195
600.999 95 19999 195
602 96 19993 194
602.999 96 19997 194
603.995 96 19996 195
604.998 97 19994 197
605.998 99 19995 199
606.999 99 19990 199
608 98 19996 199
609 97 19997 199
610 98 19996 200
610.994 94 19996 197
611.999 95 19998 197
613 95 19993 197
613.999 96 19998 199
614.995 96 19996 198
616 93 19995 196
616.998 92 19999 194
617.999 93 19997 195
618.998 94 19995 198
620 94 19993 197
620.998 97 19997 197
621.999 97 19994 196
623 98 19994 196
623.996 100 20000 194
624.999 101 19996 194
625.995 101 19997 194
626.998 102 19997 194
627.999 103 19990 195
628.998 102 19996 194
629.999 101 19999 193
630.985 100 19997 192
632 99 19998 193
632.997 100 19997 193
633.998 102 19998 196
634.998 102 19998 196
635.998 103 19994 200
636.995 102 19994 200
637.999 102 19994 203
638.998 101 19998 203
639.997 102 19997 201
641 102 19993 201
641.997 101 19997 200
643 99 19995 197
643.998 99 19997 197
645 99 19999 197
645.998 101 19996 197
646.999 102 19992 199
647.997 100 19996 198
649 100 19994 200
650 103 19998 205
650.998 102 19996 204
652 100 19998 199
652.998 100 19998 199
653.999 99 19997 199
654.997 96 19997 196
656 94 19996 196
656.995 93 19996 195
658 92 19998 193
658.999 93 19995 193
659.997 94 19996 193
660.992 96 19998 195
662 95 19993 195
662.998 96 19995 198
663.999 97 19997 197
665 97 19995 198
665.995 96 19996 200
667 99 19997 200
668 98 19997 199
668.999 98 19996 199
669.999 98 19994 200
671 98 19995 204
672 100 19998 204
672.998 99 19995 204
673.999 100 19996 204
674.998 99 19992 205
675.996 97 19997 203
676.998 98 19999 204
677.999 99 19992 201
678.994 98 19996 200
680 98 19997 201
680.999 103 19996 202
681.997 104 19994 203
683 105 19996 204
684 105 19990 205
684.999 104 19993 205
686 103 19992 205
687 102 19992 206
687.999 100 19996 208
688.998 101 19989 209
689.999 102 19996 212
691 103 19995 212
692 105 19995 212
692.999 106 19995 214
694 104 19995 211
694.999 102 19995 210
695.995 102 19997 213
697 103 19996 212
697.996 103 19996 211
698.997 104 19999 211
699.999 103 19997 211
701 104 19997 213
701.999 103 19995 212
702.999 104 19996 212
703.997 103 19997 210
704.999 103 19995 208
706 104 19990 208
707 105 19994 209
707.998 106 19997 209
709 105 19999 208
709.999 105 19994 207
710.999 106 19994 209
711.999 107 19995 207
712.997 104 19995 205
713.999 106 19996 204
715 107 19994 202
715.999 105 19995 201
717 107 19996 200
717.998 108 19995 200
719 108 19989 200
720 109 19999 201
720.999 106 19993 198
721.999 108 19992 200
722.999 108 19999 200
724 109 19994 200
725 109 19994 202
725.996 105 19999 199
726.994 106 19995 199
727.999 107 19997 198
729 105 19996 198
729.998 107 19995 198
730.998 106 19994 197
731.998 107 19995 198
732.999 108 19996 199
734 108 19996 200
734.997 110 19997 198
735.994 108 19996 198
736.998 107 19997 197
738 108 19993 198
739 108 19991 199
739.998 108 19991 200
740.999 107 19996 200
741.996 108 19998 200
742.999 106 19992 197
743.999 107 19996 197
744.999 107 19997 198
745.997 107 19996 197
746.996 108 19995 197
747.996 105 19998 194
748.998 105 19991 193
749.998 105 19995 194
750.999 107 19998 194
751.998 106 19997 194
752.999 104 19993 192
754 104 19993 192
754.998 104 19995 193
755.993 104 19994 195
757 107 19996 195
758 106 19996 195
759 107 19997 196
759.996 107 19999 196
760.999 104 19997 194
761.999 106 19997 196
762.999 107 19997 198
764 107 19988 197
764.999 106 19996 197
766 105 19995 196
767 104 19997 193
767.996 103 19995 194
768.984 103 19997 193
769.999 105 19996 194
771 107 19996 194
771.999 108 19997 194
772.997 108 19997 193
773.999 109 19996 194
774.997 110 19998 194
775.995 109 19996 193
777 110 19996 193
777.998 110 19997 193
778.999 110 19996 193
779.999 110 19992 194
781 109 19999 192
781.999 111 19995 196
783 113 19989 196
783.999 111 19996 193
784.999 112 19995 192
785.997 113 19997 192
786.997 114 19995 194
787.999 113 19992 195
788.998 113 19993 193
789.998 113 19997 193
791 112 19997 193
791.999 112 19999 194
793 109 19993 195
793.998 111 19998 195
794.999 112 19997 196
796 112 19997 195
796.999 112 19995 196
797.999 112 19998 196
798.999 110 19993 195
799.995 113 19999 195
800.996 115 19999 194
802 115 19995 193
802.999 114 19995 192
803.999 113 20000 192
805 111 19997 189
805.999 112 19992 190
807 110 19995 189
807.997 111 19995 189
808.995 110 19996 190
809.999 110 19998 193
810.999 113 19996 195
811.998 112 19994 196
813 111 19994 197
813.999 113 19994 195
814.996 113 19996 193
815.999 114 19998 193
816.998 113 19991 194
818 113 19995 193
818.999 112 19997 192
819.998 113 19996 192
820.997 112 19999 191
821.999 111 19996 192
823 110 19997 193
824 111 19997 194
824.999 111 19996 194
826 112 19995 195
827 112 19996 195
828 113 19997 196
829 114 19997 197
829.999 113 20000 196
831 111 19998 195
831.998 111 19997 195
832.998 113 19995 195
833.994 115 19996 195
835 116 19996 196
835.993 117 20000 195
836.999 117 19994 195
837.998 116 19997 194
838.998 115 19997 194
839.997 114 19992 192
841 114 19997 192
841.999 115 19992 193
843 113 19994 191
843.997 111 19996 189
845 109 19995 187
846 110 19995 189
846.999 110 19994 187
848 110 19991 189
849 110 19991 192
850 109 19996 191
850.998 110 19998 192
851.998 113 19997 194
852.997 111 19996 192
854 110 19992 193
854.998 109 19993 192
855.999 108 19998 193
856.999 109 19995 192
858 104 19990 188
858.996 103 19994 190
859.999 105 19996 191
860.999 105 19999 193
861.999 107 19996 193
863 108 19995 193
863.995 105 19995 191
864.998 105 19995 192
865.998 105 19995 193
866.998 104 19991 192
868 106 19997 193
869 107 19994 192
870 107 19994 193
870.997 105 19992 191
871.998 102 19996 188
873 101 20000 186
874 100 19998 185
874.999 97 19993 182
875.999 96 19998 180
877 96 19997 180
877.996 97 19995 180
879 97 19996 180
879.999 97 19995 180
880.999 96 19993 180
882 97 19994 181
883 95 19997 179
883.999 92 19995 177
884.999 94 19995 177
886 93 19995 176
887 95 19987 176
887.997 95 19995 175
888.999 95 19997 173
890 95 19996 173
890.999 96 19994 173
891.998 97 19996 174
893 96 19994 176
893.998 97 19996 180
895 98 19998 178
895.995 99 19996 180
896.999 98 19997 179
897.999 99 19995 179
899 99 19995 178
899.997 99 19994 178
901 98 19994 178
901.997 98 19999 179
903 97 19993 178
903.999 95 19990 177
905 93 19995 174
905.999 91 19996 172
907 92 19993 172
907.999 94 19997 173
908.998 96 19995 173
909.999 93 19994 171
910.997 93 19997 171
911.997 93 19999 172
912.999 94 19994 172
913.996 95 19995 172
914.997 96 20000 173
915.998 95 19994 174
917 95 19993 174
918 95 19995 176
918.999 94 19994 175
920 94 19994 175
921 95 19999 175
921.998 95 19997 174
923 97 19997 174
924 97 19996 175
925 97 19989 175
925.997 95 19998 174
926.997 94 19997 172
928 94 19992 173
928.997 95 19993 173
929.999 94 19994 173
930.999 92 19998 172
931.999 94 19991 171
932.999 93 19990 170
933.995 91 19998 168
934.998 90 19997 167
935.999 90 19995 168
936.997 88 19998 166
937.999 88 19992 166
938.995 88 19995 166
940 88 19998 166
941 90 19997 168
941.998 89 19994 169
942.999 88 19995 168
943.999 88 19992 168
945 88 19996 171
946 87 19996 170
946.998 90 19995 172
947.999 87 19997 171
948.999 88 19994 171
950 88 19992 170
950.999 87 19996 170
951.999 88 19998 172
952.999 87 19997 172
953.999 88 19998 174
954.999 88 19995 175
955.996 88 19997 177
956.998 88 19997 179
957.999 89 19992 181
959 91 19993 184
959.998 90 19994 185
961 91 19993 185
961.999 92 19998 185
962.998 91 19998 183
964 89 19996 182
964.999 91 19993 183
965.999 92 19999 184
967 93 19993 185
968 91 19994 184
968.996 90 19996 185
969.997 89 19991 185
970.998 89 20000 185
971.998 88 19994 184
972.999 89 19995 183
973.997 89 19997 184
974.998 89 19996 185
975.991 89 19997 187
977 90 19999 186
977.999 89 19997 187
978.999 89 19997 186
979.998 89 19996 187
980.999 89 19996 185
981.997 90 19995 188
983 89 19998 189
983.999 89 19994 189
984.999 88 19993 189
985.997 88 19998 190
986.999 86 19997 189
987.997 87 19996 191
988.998 86 19997 190
989.999 85 19997 192
990.998 82 19997 188
991.993 82 19998 189
992.999 83 19995 188
994 83 19994 189
994.998 85 19993 190
995.999 83 19995 188
996.993 86 19993 189
997.999 87 19997 189
998.998 87 19994 190
999.999 87 19996 192
1000 87 19995 192
