0.999062 394 19994 394
1.99949 391 19996 391
2.99428 390 20000 391
3.99949 384 19997 385
4.99873 382 19998 383
5.9992 376 19995 377
6.99702 373 19995 374
7.99783 370 19999 371
8.99671 365 19999 366
9.99785 357 19998 358
10.9998 353 19995 355
11.9993 351 19992 355
12.9991 348 19997 352
13.998 348 20000 352
14.9997 347 19995 352
15.9977 342 19997 348
16.9989 332 19993 338
17.9998 328 19998 336
18.9988 328 19999 337
19.998 327 19992 337
20.9981 321 19997 332
21.9998 321 19995 332
22.9968 317 19998 329
23.9952 315 19994 327
24.9967 314 19998 326
25.9987 312 19998 324
26.9993 310 19997 322
27.9996 307 19994 320
28.997 307 19997 320
29.9995 303 19995 317
30.9997 302 19991 316
31.9988 300 19997 315
32.9972 298 19997 313
33.9955 294 19992 310
34.9995 294 19997 311
35.9999 294 19996 311
36.9995 290 19997 307
37.9983 286 19997 305
38.9999 286 19994 307
39.9998 285 19995 307
40.9999 282 19999 304
41.9995 281 19994 304
42.9977 279 19991 302
43.9999 272 19994 296
44.9993 269 19994 294
45.9991 267 19993 293
46.9994 263 19995 291
47.9993 262 19992 289
48.9943 261 19999 287
49.9985 258 19997 283
50.999 257 19992 282
51.9998 254 19997 280
52.9994 252 19996 278
53.9974 251 19995 278
55 250 19998 277
55.9992 247 19996 276
56.9997 242 19999 271
57.9995 240 19992 269
58.9998 236 19991 266
59.9992 235 19996 265
60.9998 236 19998 265
61.9995 230 19995 260
62.9988 228 19995 258
63.9998 226 19996 257
64.9988 225 19994 257
65.9995 223 19999 258
66.9965 222 19996 256
67.9986 216 19997 252
68.9984 214 19994 249
69.9903 213 19995 248
70.9998 211 19995 246
71.9983 208 19999 244
72.9993 205 19993 242
73.9986 204 19996 242
74.9999 200 19994 239
75.999 197 19995 238
76.9993 193 19998 234
77.9995 193 19995 234
78.9952 192 19998 232
79.9991 188 19995 232
80.995 186 19997 230
81.9975 185 19996 229
82.9933 188 19996 229
83.9997 184 19996 225
84.9998 182 19997 223
85.9983 181 19997 222
86.9997 181 19996 222
87.9986 181 19998 223
88.9981 179 19997 221
89.9957 176 19996 219
90.9994 175 19999 221
91.9987 174 19996 220
92.9988 174 19998 221
93.9974 172 19994 220
94.9894 171 19999 219
95.9954 167 19999 215
97 166 19992 214
97.9992 165 19993 213
98.996 166 19996 213
99.9998 167 19995 212
100.991 166 19996 211
101.999 165 19998 211
103 164 19997 210
103.999 163 19992 209
105 160 19996 207
105.999 159 19996 207
106.995 156 19997 204
107.998 153 19992 203
109 152 19996 204
109.998 152 19997 204
110.999 148 19995 200
111.997 147 19992 199
112.999 146 19996 199
113.997 145 19999 198
115 144 19998 198
116 143 19995 197
116.995 142 19999 197
117.998 140 19994 195
119 141 19997 194
119.999 140 19992 194
120.999 139 19993 192
122 137 19998 190
122.996 139 19996 193
123.999 139 19994 194
125 138 19995 192
125.998 139 19995 192
126.998 138 19996 192
127.997 137 19994 190
128.998 135 19996 189
129.999 134 19998 188
130.998 131 19998 185
132 131 19998 187
132.999 131 19995 188
133.999 131 20000 188
134.996 130 19994 187
135.998 130 19994 187
136.998 128 19994 185
137.998 128 19993 184
138.998 129 19995 184
139.999 126 19995 180
140.999 127 19997 181
141.996 127 19997 180
143 127 19997 181
144 125 19995 179
145 126 19994 178
146 125 19994 177
146.998 127 19996 177
147.995 126 19995 178
148.988 127 19998 179
150 127 19994 180
150.999 127 19993 181
151.999 128 19997 180
152.999 125 19995 177
153.998 125 19997 177
154.998 125 19994 179
156 125 19997 179
156.997 126 19995 181
157.999 125 19994 182
158.993 126 19995 182
159.997 124 19995 181
160.999 124 19989 182
161.999 123 19995 182
163 121 19993 180
163.999 122 19994 180
164.999 126 19995 180
166 126 19998 179
166.999 125 19998 179
168 128 19998 178
168.994 125 19993 175
170 125 19995 176
170.994 125 19999 176
171.999 123 19993 174
172.999 123 19999 176
173.999 122 19992 175
174.997 122 19997 176
176 120 19996 175
176.998 120 19995 180
177.998 119 19991 181
178.997 118 20000 181
179.998 119 19996 181
180.997 119 19994 183
181.999 117 19994 182
182.996 117 19997 183
183.999 117 19998 184
184.999 116 19997 183
186 110 19993 177
186.998 109 19996 178
187.997 109 19997 178
188.998 106 19997 175
189.999 107 19996 176
190.999 106 19992 175
192 105 19994 175
193 106 19997 178
194 105 19996 177
194.999 102 19997 174
196 102 19995 174
197 103 19997 174
197.996 103 19999 173
198.998 104 19997 175
199.999 105 19994 177
200.994 102 19992 174
201.994 103 19998 174
202.999 100 19996 172
204 98 19999 169
204.999 98 19997 170
206 98 19993 170
206.998 98 19994 170
207.998 97 20000 169
208.999 97 19995 169
210 97 19993 168
211 96 19993 167
212 96 19999 167
212.999 97 19993 167
213.995 96 19993 167
215 97 19991 169
215.999 97 19995 168
217 98 19995 169
217.999 97 19999 168
218.997 96 19998 169
219.993 98 19999 170
221 99 19998 170
222 97 19998 167
223 97 19995 169
223.998 97 19999 170
225 96 19998 170
225.999 95 19992 172
226.998 96 19993 171
227.999 97 19995 171
228.994 96 19997 172
229.999 97 19997 172
230.999 94 19997 171
231.998 94 19998 172
232.996 92 19995 170
234 92 19997 172
234.998 92 19998 173
235.997 90 19992 172
236.996 89 19996 169
238 90 19997 168
239 87 19992 167
239.999 88 19993 166
240.997 86 19998 168
242 86 19996 169
242.999 87 19992 169
243.998 87 19996 169
244.997 87 19995 169
245.996 89 19999 170
246.999 88 19996 169
247.999 87 19996 169
248.999 88 19994 169
250 89 19994 169
251 89 19990 171
251.991 88 19995 171
252.999 88 19993 171
253.998 86 20000 168
255 87 19996 168
256 87 19998 169
257 84 19996 166
257.996 85 19998 169
258.999 85 19994 171
260 84 19994 171
260.998 83 19992 171
261.999 82 19995 173
262.995 81 19995 173
264 82 19997 174
265 81 19996 175
265.994 82 19996 174
267 82 19994 174
268 82 19997 174
268.999 82 19995 173
270 84 19996 173
270.999 84 19999 173
272 84 19996 172
272.999 83 19994 171
273.996 82 19995 171
274.995 85 19995 172
275.998 85 19993 171
276.995 87 19996 171
277.998 87 19995 173
278.999 87 19997 171
279.998 87 19996 173
280.998 85 19995 173
281.999 83 20000 171
282.998 82 19994 173
283.999 83 19995 174
285 82 19997 174
285.993 82 19993 174
286.999 84 19996 175
287.999 85 19996 175
289 85 19996 174
289.999 85 19996 175
291 87 19994 174
291.996 86 19996 176
292.999 85 19995 176
294 88 19998 175
294.997 87 19999 175
295.998 86 19993 172
297 85 19995 171
297.995 85 19997 170
299 86 19998 169
299.999 86 19994 169
300.997 86 19995 170
301.998 86 19994 170
302.991 84 19999 170
303.994 82 19996 169
304.997 80 19997 166
306 80 19993 166
307 82 19997 167
307.999 83 19997 167
308.998 83 19997 168
309.998 85 19998 168
310.999 86 19992 169
311.999 86 19996 168
312.998 86 19993 171
314 85 19994 170
315 83 19998 171
315.999 85 19994 171
316.999 86 19996 169
317.999 86 19998 170
318.999 86 19992 170
319.999 88 19996 170
320.997 89 19997 172
321.997 88 19995 171
323 89 19990 171
323.999 88 19995 171
324.993 86 19996 169
325.999 87 19995 170
327 87 19993 169
327.999 89 19986 169
328.998 89 19995 169
329.999 90 20000 169
330.996 90 19996 169
331.996 86 19994 165
333 89 19995 166
333.999 88 19999 169
334.991 88 19996 168
335.998 87 19997 168
336.997 87 19999 168
337.997 87 19996 167
339 86 19995 167
340 87 19994 169
340.996 89 19996 172
341.998 88 19994 172
342.999 87 19997 172
344 86 19995 172
344.995 85 19996 172
345.995 86 19999 172
346.996 86 19994 174
347.994 84 19997 173
348.998 83 19990 172
349.999 82 19994 171
350.998 84 19995 171
352 84 19994 175
352.999 86 19992 177
354 86 19994 177
354.998 86 19993 179
355.999 83 19996 176
356.999 83 19995 176
357.999 83 19997 177
359 84 19996 179
360 86 19998 178
360.999 87 19997 178
361.999 88 19996 179
362.998 88 19997 179
364 87 19997 178
364.999 88 19995 177
365.999 87 19995 176
366.999 87 19993 177
367.998 88 19997 177
368.997 89 19998 178
369.999 90 19995 179
371 89 19992 178
371.999 90 19992 176
372.999 89 19996 174
373.999 88 19994 173
374.997 88 19998 174
375.997 89 19994 173
377 89 19998 176
377.997 88 19999 176
378.992 86 19998 174
379.996 87 19997 175
381 85 19996 174
382 84 19998 170
383 82 19988 172
383.992 82 19993 173
384.999 84 19995 175
385.999 86 19996 176
386.999 87 19997 176
387.999 88 19997 177
388.999 88 19998 178
389.999 89 19996 178
390.998 88 19996 178
391.99 87 19997 179
392.999 87 19996 179
393.999 84 19998 174
395 81 19996 172
395.997 82 19998 175
397 79 19997 172
397.998 79 19997 171
398.995 76 19996 168
400 76 19999 168
400.997 77 19995 167
402 78 19994 168
402.998 78 19998 167
403.998 76 19993 168
404.993 76 19996 167
405.998 75 19996 168
406.982 75 19994 167
408 75 19994 168
408.996 75 19998 169
410 76 19996 168
410.999 76 19996 168
411.997 76 19997 171
412.999 78 19994 172
414 81 19994 172
414.994 82 19997 175
415.999 83 19997 174
416.998 79 19990 171
417.995 79 19998 173
419 79 19998 172
419.994 80 19997 171
420.998 78 19993 170
421.999 78 19998 169
422.999 79 19996 170
423.995 79 19995 170
424.999 78 19997 171
425.999 77 19996 171
426.999 77 19999 172
427.999 77 19992 171
428.999 77 19997 169
429.999 77 19998 171
431 78 19994 173
431.996 79 19997 173
432.998 78 19995 174
433.996 79 19995 174
434.998 77 19996 174
435.999 79 19996 175
436.998 78 19999 174
437.998 77 19994 173
439 78 19996 173
439.997 78 19997 175
440.997 79 19998 175
441.999 79 19995 176
442.998 80 19997 176
443.998 80 19995 178
444.996 80 19997 180
446 84 19997 180
446.997 85 19997 180
447.996 88 19993 181
448.998 86 19992 178
449.998 86 19997 178
450.997 86 19999 177
451.998 87 19997 177
452.993 88 19996 178
453.999 87 19996 179
454.999 88 19996 180
456 88 19994 180
456.997 87 19996 181
458 87 19998 181
459 86 19994 179
459.993 84 19998 181
460.999 83 19996 181
462 82 19991 181
462.998 82 19996 182
463.997 81 19994 182
464.999 81 19996 182
465.995 82 19996 182
467 83 19996 183
468 83 19997 183
469 82 19993 181
470 83 19997 180
471 83 19995 180
471.993 83 19994 181
472.998 83 19998 178
473.998 82 19994 178
474.992 83 19997 179
475.995 84 19993 179
476.998 83 19994 179
477.99 85 19995 180
478.995 83 19996 178
479.999 83 19996 180
480.999 81 19997 181
482 81 19998 182
482.999 82 19997 179
483.999 80 19994 181
484.997 80 19998 183
486 82 19996 184
487 82 19991 185
487.997 83 19995 188
488.999 83 19991 188
489.999 85 19999 189
491 84 19991 190
491.998 84 19993 190
492.999 83 19993 189
493.996 81 19994 188
494.998 80 19996 187
495.999 80 19994 187
496.999 80 19999 187
497.996 78 19998 187
499 79 19996 188
500 81 19993 189
500.999 82 19998 190
501.999 80 19996 188
502.999 78 19996 187
503.997 80 19996 189
504.998 82 19994 188
505.997 84 19992 189
507 85 19998 188
507.999 86 19999 188
508.995 86 19999 188
509.995 86 19995 189
511 88 19995 190
511.993 84 19996 187
512.997 85 19999 187
513.998 86 19991 188
515 86 19994 188
515.997 89 19996 189
516.998 86 19999 187
517.996 86 19996 187
518.997 86 19996 188
520 86 19998 188
520.999 86 19996 188
521.999 86 19998 189
522.999 84 19997 187
523.997 87 19996 189
524.999 86 19997 188
525.999 88 19996 188
526.999 89 19997 188
527.999 89 19998 188
528.997 90 19997 188
529.993 92 19997 189
531 93 19997 192
532 93 19997 192
532.999 92 19998 191
533.999 94 19996 193
534.999 94 19996 194
535.997 95 19995 194
536.999 93 19995 193
537.996 95 19997 193
539 95 19994 194
539.994 97 19997 195
540.996 96 19996 198
541.998 96 19995 198
543 94 19997 196
543.997 95 19994 198
544.999 95 19995 197
546 95 19997 199
546.999 96 19993 199
547.999 96 19997 197
548.999 95 19998 196
549.999 97 19995 196
550.998 98 19998 195
551.998 97 19998 194
552.999 98 19997 193
554 98 19997 193
554.99 97 19994 191
555.999 97 19993 191
556.995 94 19998 188
557.999 94 19995 189
559 93 19994 188
559.999 94 19995 190
560.999 93 19994 190
561.999 92 19997 189
563 92 19993 189
563.998 93 19995 189
565 92 19998 188
566 93 19996 190
566.997 93 19998 190
567.996 92 19991 191
568.999 94 19998 190
570 95 19999 191
570.999 95 19996 189
572 92 19997 187
572.999 93 19993 187
574 94 19998 187
574.999 94 19994 187
576 94 19997 188
576.999 96 19994 187
578 97 19997 187
578.998 96 19997 187
579.999 97 19992 187
581 95 19993 185
582 94 20000 185
583 94 19996 185
583.998 92 19996 183
585 88 19995 180
585.997 88 19997 181
586.997 90 19998 181
588 91 19996 182
588.998 91 19996 182
589.998 91 19997 182
591 93 19994 182
591.998 95 19993 184
593 91 19994 180
593.998 91 19998 180
594.993 90 19995 181
596 92 19995 182
597 90 19994 181
598 89 19995 179
598.999 89 19992 179
600 88 19992 178
600.998 87 19996 177
601.998 87 19997 177
602.996 87 19997 178
604 88 19998 179
604.999 87 19997 181
606 88 19993 182
606.998 88 19996 181
607.998 89 19993 181
608.997 89 19996 178
609.994 90 19996 179
610.999 89 19997 178
611.999 89 19997 177
612.996 89 19994 177
614 89 19994 178
614.998 88 19997 178
616 88 19995 178
616.998 88 19992 178
617.998 90 19996 178
618.998 90 19994 177
619.996 93 19997 179
621 93 19992 179
621.997 92 19995 178
622.999 92 19999 180
623.996 95 19999 180
624.999 94 19999 180
625.999 93 19994 179
627 91 19993 178
627.999 93 19993 178
629 92 19998 177
629.997 92 19995 178
631 92 19996 178
632 92 19999 178
632.998 93 19995 180
633.999 94 19996 182
634.994 96 19996 182
635.993 95 19999 183
636.997 95 19994 184
637.999 96 19997 184
638.999 95 19999 183
639.997 93 19996 182
640.999 94 19997 182
641.999 94 19995 184
642.998 94 19995 183
643.999 93 19993 182
645 92 19998 180
645.998 92 19997 179
646.999 90 19998 177
647.999 90 19993 178
648.999 92 19998 178
649.999 90 19998 178
650.999 90 19993 177
652 89 19994 177
652.999 90 19995 178
653.998 90 19994 180
654.997 89 19995 181
655.998 89 19999 182
656.999 89 19992 181
658 93 19996 184
658.996 94 19996 185
659.995 93 19994 186
660.997 94 19998 186
661.996 96 19997 186
662.999 96 19998 185
663.999 96 19997 185
664.997 98 19995 185
666 94 19996 181
666.999 89 19995 179
667.998 89 19994 179
668.995 88 19992 180
669.996 88 19997 180
670.998 87 19995 180
671.999 88 19998 181
672.999 90 19997 180
674 88 19995 180
674.999 89 19993 180
676 86 19994 176
676.999 87 19992 177
677.994 87 19994 179
678.999 88 19995 181
679.999 87 19997 182
681 89 19992 184
681.999 86 19996 181
682.997 86 19997 183
683.999 85 19995 183
684.999 86 19996 182
685.996 88 19993 182
686.999 89 19998 183
687.999 90 19997 185
689 91 19996 186
689.997 90 19992 187
690.997 88 19995 184
691.999 88 19998 184
692.995 90 19996 183
693.999 90 19999 184
694.998 89 19995 185
695.999 88 19997 188
697 90 19994 190
697.995 90 19991 190
698.999 87 19994 189
699.999 85 19997 187
700.999 88 19996 190
702 89 19993 189
702.999 91 19997 188
704 90 19996 187
704.999 90 19997 189
705.997 90 19995 191
706.998 92 19999 192
707.996 89 19999 189
708.999 87 19990 188
709.999 87 19997 187
710.999 87 19998 188
711.998 85 19995 187
713 85 19987 188
713.999 86 19993 189
714.998 87 19999 190
715.999 86 19995 190
716.998 87 19999 191
717.999 86 19998 192
718.996 87 19995 192
719.998 88 19993 193
720.998 88 20000 193
722 89 19996 194
722.996 87 19997 191
724 88 19999 193
725 88 19996 191
725.998 91 19995 192
726.997 93 19999 191
727.997 94 19996 192
728.999 91 19996 190
729.998 90 19996 189
730.998 89 19998 188
732 89 19996 191
733 90 19998 190
734 90 19998 190
734.997 89 19996 190
735.999 90 19998 190
736.998 90 19993 190
737.999 92 19996 192
739 94 19997 192
740 95 19997 192
740.999 93 19996 192
741.999 94 19994 192
742.999 94 19996 194
743.999 94 19998 196
744.999 96 19994 196
745.998 97 19995 196
746.999 95 19998 194
747.997 95 19998 194
748.999 94 19997 196
749.997 93 19994 194
750.999 92 19995 193
751.999 92 19990 192
752.999 91 19999 191
753.999 94 19993 191
754.999 94 19997 192
755.999 96 19996 194
756.995 97 20000 195
757.996 93 19994 191
758.999 97 19996 191
759.998 96 19997 192
760.993 97 19999 192
761.998 96 19994 192
762.999 98 19995 192
764 98 19997 190
765 96 19995 188
766 96 19997 190
766.997 96 19995 189
767.999 94 19995 190
769 94 19993 190
769.996 95 19998 191
770.999 96 19995 193
771.997 95 19995 193
772.997 97 19991 194
773.997 98 19996 194
775 96 19996 191
775.999 90 19995 186
777 91 19995 186
777.999 91 19993 185
779 90 19992 183
779.99 91 19997 184
780.992 91 19998 184
782 92 19994 183
782.996 90 19996 182
783.999 90 19997 182
784.999 89 19998 182
786 88 19991 182
787 90 19997 183
787.997 92 19996 185
788.993 94 20000 185
790 94 19996 185
790.998 94 19999 184
791.999 94 19996 184
792.997 94 19996 185
794 93 19995 184
795 93 19992 184
795.997 92 19997 183
797 91 19996 184
797.998 92 19999 183
798.997 88 19999 178
799.997 86 19994 177
800.998 84 19995 175
802 84 19995 175
802.997 84 19995 175
804 82 19995 177
804.995 80 19997 175
805.999 80 19994 177
806.999 78 19991 175
807.996 78 19994 175
808.999 79 19997 178
809.999 81 19993 178
811 81 19993 178
811.998 80 19997 177
812.999 78 19996 176
813.999 80 19997 176
814.997 81 19998 176
816 85 19995 176
816.999 85 19996 176
817.997 84 19997 176
819 84 19992 178
819.999 84 19991 178
820.999 83 19994 178
821.998 83 19994 179
822.996 84 19993 181
823.999 83 19993 181
824.993 84 19995 180
825.998 82 19998 178
826.999 82 19995 182
827.999 81 19996 182
829 81 19995 183
829.993 82 19998 183
831 80 19995 182
831.998 80 19995 181
832.999 81 19995 181
833.995 80 20000 180
834.999 83 19997 183
835.998 83 19996 183
836.999 84 19996 183
837.999 85 19996 183
838.998 84 19999 182
839.999 87 19996 183
840.999 88 19992 184
841.998 88 19997 184
843 90 19993 184
843.999 89 19994 186
844.999 89 19998 185
845.998 90 19994 185
846.997 88 19994 184
847.999 88 19996 184
848.999 88 19998 185
850 88 19996 185
851 90 19995 184
851.997 90 19997 185
852.997 90 19994 182
853.999 91 19994 182
855 89 19997 180
856 90 19992 180
857 90 19996 180
857.999 90 19998 180
858.988 90 19998 180
859.999 91 19997 181
860.996 90 19999 180
861.999 91 19994 179
862.999 92 19997 180
863.996 91 19998 182
865 89 19994 180
865.998 87 19994 177
867 86 19991 178
867.999 86 19996 178
869 86 19998 176
870 85 19994 175
870.999 85 19998 177
871.998 87 19995 179
873 88 19990 181
873.996 86 19993 181
874.998 86 19996 182
875.998 87 19997 185
876.996 87 19995 188
877.997 89 19996 188
878.997 87 19998 184
879.999 89 19998 188
880.999 89 19998 189
882 88 19994 189
882.998 89 19995 188
884 89 19993 189
884.999 89 19993 189
885.999 89 19995 189
887 89 19992 191
887.998 88 19996 189
888.999 88 19996 190
889.999 87 19997 190
891 87 19996 190
891.999 87 19994 190
892.999 85 19997 188
894 84 19999 188
894.997 84 19994 187
895.999 85 19997 187
896.999 86 19998 186
897.998 86 19993 185
898.999 88 19998 187
899.999 89 19998 188
901 88 19995 187
901.998 87 19996 186
902.999 88 19998 187
904 87 19994 187
904.997 88 19994 187
905.999 86 19994 184
906.996 85 19996 184
907.999 86 20000 184
908.999 84 19996 184
910 83 19993 183
911 85 19995 184
911.997 84 19998 183
912.994 85 19997 183
913.998 86 19996 184
914.996 86 19998 184
915.997 86 19996 183
916.999 85 19995 185
918 85 19996 185
919 86 19999 184
919.999 86 19992 185
921 85 19995 184
921.998 83 19984 182
922.998 84 19995 182
924 81 19995 179
924.998 83 19998 180
925.997 83 19997 182
926.999 82 19997 182
928 83 19997 182
928.999 84 19993 181
929.999 83 19994 183
930.999 84 19996 184
931.996 83 19996 183
932.996 81 19994 180
934 80 19991 180
934.994 82 19998 181
935.998 83 20000 180
936.996 82 19993 179
938 81 19997 179
938.997 80 19995 178
939.998 81 19997 178
940.998 83 19998 179
941.999 83 19993 179
943 84 19990 180
944 86 19995 180
944.998 87 19995 179
945.997 88 19997 180
946.994 87 19992 179
947.998 88 19996 178
948.995 89 19998 179
950 90 19994 179
950.998 89 19992 181
951.999 88 19998 180
952.999 86 19999 177
953.996 85 19999 176
955 86 19996 177
956 87 19997 176
957 88 19989 177
957.999 88 19999 178
958.997 85 19998 176
959.999 82 19993 174
960.999 81 19994 173
961.993 82 19997 173
963 81 19995 171
964 81 19994 172
965 81 19996 174
966 79 19996 172
967 78 19996 171
968 78 19994 172
969 78 19997 174
969.999 77 19992 173
970.999 73 19998 170
971.997 73 19991 173
972.999 73 19995 174
973.999 72 19998 175
974.998 73 19997 176
975.997 75 19997 176
977 78 19993 176
977.999 78 19995 176
978.996 76 19999 175
979.999 78 19995 175
980.999 80 19997 176
981.999 80 19994 176
982.999 81 19995 177
983.998 81 19996 176
984.994 83 19995 177
985.996 85 19996 178
986.996 83 19994 177
987.994 84 19999 178
988.997 84 19997 177
989.993 85 19996 178
991 85 19996 177
992 85 19996 179
992.999 85 19992 178
993.994 86 19997 177
995 86 19995 178
995.998 86 19992 176
997 86 19997 176
997.999 86 19996 175
999 87 19993 175
999.999 89 19997 176
1000 89 19996 176
