0.999388 396 19993 396
1.99947 391 19996 391
2.99923 385 19996 385
3.99553 383 19999 383
4.99677 379 19995 379
5.99998 375 19994 376
6.99659 374 19997 375
7.9999 368 20000 369
8.99965 365 19997 367
9.99765 364 19997 366
10.9992 363 19996 366
11.9995 361 19992 364
12.9947 357 19995 360
13.9958 356 19998 360
14.9992 351 20000 355
15.9997 349 19994 354
16.9998 348 19994 354
17.9971 346 19996 352
18.9994 344 19997 350
19.9995 340 19998 347
20.998 336 19997 343
21.999 332 19997 339
22.9997 329 19995 336
23.9958 328 19998 336
24.9998 326 19995 334
25.9987 324 19994 332
26.9999 322 19996 332
27.9996 320 19996 332
28.9974 316 19996 328
29.9976 312 19996 324
30.9994 311 19993 323
31.9999 307 19994 319
32.9999 304 19994 317
33.9946 303 19998 316
34.9977 302 19996 315
35.9958 301 19993 314
36.9943 295 19996 312
38 293 19992 308
38.998 290 19995 305
39.9996 290 19988 307
40.9991 288 19996 305
41.9994 284 19993 303
42.9997 283 19996 303
43.9858 282 19998 303
44.9987 281 19995 303
45.9999 279 19995 303
46.9977 276 19993 300
47.9967 274 19995 299
48.9956 270 19995 295
49.9966 266 19995 291
50.9989 263 19994 288
51.9981 261 19999 287
52.9981 258 19992 285
53.9997 256 19996 283
54.9978 255 19997 282
55.9958 252 19994 280
56.9984 248 19994 279
57.9997 245 19998 276
58.9993 244 19994 276
59.9988 241 19996 277
60.9997 240 19996 277
61.9981 240 19994 276
62.9996 239 19994 275
63.9984 239 19994 273
64.9953 238 19992 274
65.9993 237 19995 273
67 235 19997 270
67.9994 233 19988 269
68.9986 232 19999 269
69.9994 228 19999 266
70.9949 225 19997 263
71.9996 222 19996 260
72.999 221 19997 261
73.9996 219 19997 259
74.9998 215 19998 257
76 215 19994 256
76.9954 215 19998 256
77.999 215 19995 259
78.9975 212 19997 256
79.9994 210 19997 255
80.9998 209 19997 254
81.9986 208 19992 255
82.9999 204 19997 251
83.9989 203 19999 251
84.997 201 19997 248
85.9981 200 19994 248
86.9971 200 19997 249
87.9991 198 19994 249
88.9999 197 19999 251
89.9987 194 19994 248
90.9969 191 19993 245
91.9981 190 19996 244
92.9987 191 19999 244
93.9958 191 19995 244
94.9999 187 19994 240
95.9998 182 19992 235
96.9978 181 19997 235
97.9997 179 19997 235
98.9985 176 20000 233
99.9994 177 19998 232
100.998 176 19995 232
101.999 174 19989 230
103 176 19994 230
103.999 177 19998 231
104.997 177 19996 230
105.999 176 19997 229
106.999 176 19997 231
108 177 19996 230
108.991 176 19999 232
110 176 19994 230
111 174 19998 232
111.998 174 19996 230
112.999 174 19995 232
113.999 173 19997 232
114.995 171 19995 231
115.998 169 19990 233
116.999 170 19997 234
118 169 19993 234
118.999 168 19997 234
120 169 19995 234
121 168 19987 235
122 168 19997 233
122.998 165 19993 231
123.997 163 19994 229
124.999 163 19996 229
125.997 160 19996 227
127 158 19993 225
127.997 156 19993 225
128.994 156 19996 226
129.999 156 19993 227
131 156 19995 229
132 155 19992 229
133 152 19992 228
133.999 153 19997 228
134.999 151 19994 228
135.999 151 19996 230
136.999 151 19998 230
137.999 149 19996 231
138.997 148 19996 229
139.999 146 19993 227
140.998 142 19997 225
141.998 140 19996 223
143 138 19997 221
143.999 137 19996 220
144.995 135 19997 218
146 136 19994 220
147 136 19994 221
147.998 135 19995 223
149 133 19996 222
149.999 133 19994 223
151 135 19994 224
151.999 133 19998 222
153 134 19995 222
154 131 19996 220
155 132 19993 220
156 130 19993 218
156.997 130 19994 218
157.999 131 19994 218
159 131 19991 218
159.998 130 19998 216
160.998 131 19999 215
161.998 130 19996 215
162.997 131 19996 216
164 132 19995 216
164.999 131 19990 217
166 129 19995 217
166.999 129 19997 217
168 130 19994 215
169 127 19998 218
169.995 124 20000 214
170.999 123 19992 213
172 120 19996 214
172.999 120 19996 213
174 121 19999 214
174.999 118 19990 213
176 118 19998 213
176.987 120 19996 213
177.998 120 19996 214
178.998 120 19997 213
179.995 120 19997 214
180.999 119 19997 214
181.999 116 19996 212
182.998 116 19993 212
183.992 114 19995 210
184.997 115 19997 211
185.998 115 19996 210
186.999 116 19995 209
187.998 119 19998 208
188.999 117 19995 207
190 114 19998 204
191 113 19995 203
191.995 109 19994 200
193 112 19994 200
193.997 112 19995 200
195 113 19993 199
195.998 113 19995 198
196.998 112 19998 197
197.996 112 19998 197
199 111 19999 196
200 109 19989 193
201 109 19992 193
201.994 109 19995 192
203 108 19996 190
204 108 19993 192
204.998 108 19996 192
205.995 107 19997 191
207 107 19995 191
207.999 108 19993 192
208.996 107 19995 189
209.992 109 19998 190
210.997 108 19995 190
211.999 107 19993 189
212.997 105 19994 187
213.989 104 19997 186
214.998 104 19997 186
216 104 19995 186
216.997 103 19993 185
217.995 102 19998 184
218.999 101 19998 184
219.997 100 19993 184
221 102 19991 189
221.999 97 19996 185
222.999 96 19992 185
223.998 96 19995 186
224.999 96 19997 187
226 97 19996 186
227 96 19992 185
227.998 96 19997 185
229 95 19992 184
229.996 94 19994 184
231 95 19994 184
231.999 94 19998 184
232.994 93 19995 187
233.999 92 19993 186
234.999 94 19995 186
235.999 94 19997 187
236.997 94 19994 188
238 98 19999 187
239 98 19996 188
239.999 100 19994 188
240.999 99 19992 187
242 99 19995 188
242.997 99 19995 187
243.998 100 19996 188
244.999 99 19996 186
245.997 99 19996 186
247 98 19992 185
247.999 98 19994 185
249 98 19995 190
250 99 19995 191
251 98 19994 190
251.999 98 19994 188
253 98 19997 188
253.999 97 19997 188
254.998 96 19997 187
255.995 96 19998 186
256.998 98 19999 186
258 99 19994 185
259 99 19997 188
259.998 100 19996 188
260.999 99 19994 186
261.998 100 19998 188
263 101 19995 188
263.992 101 19996 187
265 104 19996 187
265.998 103 19997 187
266.994 101 19999 188
267.994 101 19997 188
268.997 101 19997 189
269.993 100 19998 189
270.999 100 19995 189
272 99 19998 188
272.999 98 19995 189
273.998 97 19995 187
274.999 97 19993 188
275.999 98 19999 188
277 98 19998 187
277.997 96 19997 187
278.999 94 19996 186
279.998 93 19997 184
281 96 19996 183
281.995 96 19997 183
282.998 97 19997 182
283.995 97 19997 181
284.999 97 19995 179
285.999 97 19994 179
286.999 94 19994 176
287.997 95 19995 175
288.999 95 19999 176
289.999 95 19996 175
290.999 94 19998 178
291.999 90 19994 177
292.994 88 19992 177
294 86 19998 174
294.999 85 19997 176
295.996 88 19996 176
296.998 90 19996 176
297.999 89 19996 174
299 91 19996 173
299.987 90 19997 173
301 92 19996 174
301.999 93 19999 174
302.989 92 19999 175
304 92 19993 175
304.999 89 19997 172
305.999 90 19998 172
306.995 90 19996 173
307.995 90 19995 173
308.999 89 19997 174
309.996 90 19996 175
310.999 91 19994 177
311.998 91 19995 178
312.999 91 19996 178
314 90 19995 177
314.999 90 19994 178
316 89 19997 178
316.998 89 19997 178
317.999 87 19992 177
319 87 19997 178
320 87 19994 178
320.996 86 19996 180
322 86 19996 181
322.999 88 19995 181
323.997 87 19996 182
325 86 19996 181
325.999 86 19994 183
326.994 84 19996 180
328 84 19995 182
328.997 84 19996 180
330 87 19994 180
331 89 19995 182
331.999 86 19996 181
332.997 88 19995 182
334 88 19997 183
334.999 89 19994 185
335.998 89 19995 187
336.998 89 19996 186
337.999 89 19999 188
338.999 89 19991 189
339.997 90 19993 189
340.997 91 19994 190
342 90 19997 192
342.999 87 19995 189
343.994 88 19999 191
345 88 19996 193
345.996 89 19993 192
346.999 88 19996 190
347.999 89 19996 192
349 91 19994 195
349.994 92 19995 197
350.999 92 19997 198
352 88 19991 194
352.996 88 19996 195
354 90 19996 196
354.999 90 19998 196
355.987 92 19999 196
356.993 91 19998 196
357.999 90 19996 196
359 90 19991 197
359.997 92 19998 197
360.999 97 19997 198
361.996 98 19995 200
362.994 101 19998 200
364 102 19994 200
364.999 100 19999 201
365.999 97 19994 199
367 98 19994 199
368 97 19997 198
368.999 98 19997 198
369.994 95 19996 197
370.999 96 19998 197
371.993 96 19996 197
372.996 96 19996 197
374 96 19994 196
374.999 96 19996 200
376 97 19994 201
376.999 95 19997 200
377.996 96 19998 201
378.999 98 19995 202
379.998 99 19997 202
380.997 100 19999 202
382 100 19992 202
382.999 99 19991 201
384 101 19995 201
384.999 101 19998 201
386 101 19994 203
387 103 19993 205
388 101 19997 204
389 101 19998 203
389.993 100 19997 202
390.999 103 19992 202
392 104 19993 203
392.999 104 19998 204
393.997 104 19995 203
394.999 103 19995 201
395.999 104 19996 202
397 104 19994 204
397.997 102 19998 203
399 101 19996 204
399.999 100 19995 204
400.999 99 19997 205
401.998 99 19996 206
402.999 98 19999 206
404 100 19994 207
404.998 99 19994 209
406 97 19999 208
407 94 19995 205
407.998 95 19995 206
408.997 97 19996 206
409.999 100 19997 206
410.999 98 19997 205
412 97 19995 204
412.999 98 19997 204
413.999 99 19997 205
414.998 100 19998 204
415.999 100 19997 205
416.999 103 19993 205
417.996 103 19995 205
419 102 19996 203
419.997 102 19995 202
421 101 19997 202
422 101 19993 203
422.999 100 19992 203
424 101 19996 205
424.997 100 19993 205
425.994 98 19997 203
427 97 19992 203
427.999 97 19996 203
428.998 96 19998 202
430 96 19996 203
430.992 97 19997 205
431.998 100 19998 205
432.998 103 19998 209
433.998 103 19997 208
434.996 107 19994 208
435.994 108 19996 209
436.996 107 19994 209
437.999 107 19997 209
438.998 107 19997 212
440 108 19995 212
441 108 19989 212
441.995 108 19998 211
443 108 19992 210
444 107 19993 210
445 108 19994 210
445.999 110 19997 209
446.995 110 19996 210
448 111 19994 209
448.999 109 19997 208
449.999 109 19991 208
450.999 110 19995 207
451.999 112 19998 207
452.996 110 19999 206
453.998 108 19996 206
455 110 19993 205
456 108 19998 204
456.999 109 19997 205
457.997 108 19996 204
458.999 107 19993 203
459.999 109 19999 203
460.996 110 19993 203
461.998 111 19995 202
463 112 19998 204
463.998 112 19996 206
464.999 111 19995 207
465.997 111 20000 205
466.999 112 20000 206
468 113 19997 206
468.998 112 19997 207
469.988 112 19995 205
470.999 110 19994 202
471.999 110 19993 203
472.996 111 19996 205
474 112 19995 205
474.996 113 19997 205
476 113 19994 204
477 117 19997 205
477.994 118 19997 204
478.996 117 19992 202
479.999 117 19994 202
480.997 121 19996 202
481.999 119 19998 200
482.999 118 19996 201
483.999 116 19993 200
484.999 117 19996 199
485.999 117 19996 199
486.995 116 19996 198
487.997 116 19994 198
489 116 19996 200
489.993 116 19997 200
491 116 19994 199
492 116 19994 199
492.998 116 19999 199
494 116 19997 198
494.997 114 19996 197
495.998 113 19996 195
497 114 19994 194
497.999 114 19995 195
498.998 112 19996 193
499.997 111 19995 191
501 111 19992 194
501.996 110 19996 192
503 110 19995 192
503.996 112 19998 195
504.998 114 19995 196
506 114 19994 197
507 113 19997 195
508 112 19996 194
508.988 113 19997 196
509.999 114 19993 196
510.999 113 19994 196
511.998 113 19995 198
512.996 111 19993 197
513.997 111 19999 199
514.999 111 19997 200
515.997 110 19996 201
517 108 19997 200
517.997 108 19993 199
518.999 110 19994 196
519.997 110 19995 195
520.999 109 19997 194
522 111 19994 195
523 111 19996 195
524 110 19993 193
524.997 112 19998 194
525.998 110 19997 194
527 111 19995 195
527.998 109 19998 192
528.999 109 19995 194
530 108 19994 195
530.999 107 19994 194
531.998 105 20000 193
533 105 19992 195
533.999 107 19996 194
534.999 110 19992 193
535.999 110 19996 194
537 110 19994 195
537.992 109 19995 195
538.999 107 19995 195
539.997 104 20000 196
540.998 103 19998 195
541.998 102 19995 195
542.999 101 19995 195
543.998 100 19995 194
544.999 99 19993 193
545.999 99 19998 193
546.997 99 19997 192
547.998 98 19993 195
548.994 98 19997 196
549.999 98 19998 197
551 98 19996 197
551.999 97 19996 197
552.995 96 19998 196
553.996 97 19996 196
554.999 98 19996 196
555.998 98 19997 195
557 97 19993 196
557.997 97 19998 196
558.996 98 19995 196
559.999 96 19996 194
560.996 97 19996 196
561.993 96 20000 195
562.997 94 19995 193
563.999 94 19998 192
565 92 19996 189
565.999 92 19997 190
566.997 90 19995 192
568 91 19994 191
568.994 90 19997 190
569.99 90 19997 192
571 91 19994 193
572 91 19996 192
572.996 93 19999 192
573.997 94 19994 192
574.998 95 19992 192
576 93 19997 191
576.999 95 19994 192
577.991 92 19995 189
578.996 94 19998 190
579.998 95 19997 188
581 95 19998 188
582 94 19995 188
582.998 93 19995 186
583.997 96 19998 186
585 97 19994 187
585.995 97 19995 189
586.996 97 19998 190
587.997 97 19993 192
588.998 98 19996 193
589.998 96 19992 190
591 97 19997 191
591.998 98 19995 192
592.999 99 19995 192
594 101 19996 191
594.998 104 19999 191
596 105 19998 193
596.998 104 19993 191
598 103 19996 191
598.998 103 19995 188
599.995 102 19995 188
600.999 102 19998 187
601.996 103 19997 188
602.999 104 19994 187
603.999 105 19997 186
604.999 105 19996 186
605.999 103 19999 186
606.998 103 19994 185
607.993 103 19998 183
609 104 19997 183
609.997 103 19993 183
610.998 101 19997 182
612 101 19994 183
612.999 101 19998 185
613.996 102 19997 188
615 102 19995 188
615.999 102 19997 190
616.999 100 19992 188
618 101 19996 189
618.999 101 19994 188
619.999 100 19991 189
621 101 19992 189
621.998 100 19995 187
623 101 19994 188
623.999 99 19999 186
625 98 19995 189
625.998 97 19996 188
626.996 97 19995 192
628 98 19997 193
628.996 98 19999 193
629.989 98 20000 193
630.999 99 19997 192
631.999 99 19994 192
632.998 99 19996 195
633.994 99 19996 195
634.999 99 19997 193
635.999 101 19995 193
636.998 102 19995 193
637.998 100 19998 190
639 100 19997 190
639.999 99 19995 190
641 98 19996 189
641.998 99 19998 188
642.999 98 19999 188
643.997 99 19996 189
644.994 97 19993 187
645.998 98 19993 189
646.994 96 19997 187
648 94 19999 185
648.992 94 19998 185
649.996 93 19995 185
650.996 95 19992 187
651.999 94 19994 187
652.999 91 19993 185
653.996 91 19994 185
654.999 92 19997 184
655.999 93 19996 184
656.994 92 19992 183
657.999 95 19995 183
658.999 95 19996 184
659.996 96 19999 185
661 97 19996 186
661.999 94 19994 184
663 93 19997 183
663.998 93 19998 184
665 95 19995 186
666 93 19997 184
666.995 94 19997 186
667.997 95 19994 187
668.999 95 19996 188
669.997 96 19994 190
671 95 19995 189
671.998 97 19994 190
672.998 97 19996 190
674 98 19995 189
675 97 19994 190
676 97 19995 190
676.997 98 19999 190
677.999 98 19995 192
678.998 98 19995 193
679.999 96 19999 192
680.999 95 19994 191
681.999 96 19998 191
683 95 19994 191
683.993 97 19999 192
684.984 98 20000 195
685.998 96 19998 195
686.998 96 19989 197
687.999 97 19997 199
688.996 98 19998 201
690 97 19994 202
690.998 97 19999 203
691.994 100 19994 204
692.996 99 19997 204
694 102 19995 207
694.998 102 19994 209
696 103 19994 209
697 105 19997 213
697.996 106 19994 214
698.999 108 19994 217
699.998 107 19998 218
700.998 108 19993 218
701.995 109 19996 219
703 110 19991 220
703.999 111 19992 220
704.999 111 19992 220
705.999 111 19999 219
706.999 110 19996 218
707.999 111 19996 220
708.999 114 19995 221
710 114 19996 221
710.997 114 19995 219
711.999 114 19996 220
713 116 19995 220
713.999 114 20000 218
715 112 19993 217
715.995 113 19997 219
716.999 111 19995 217
717.999 112 19995 217
718.999 115 19996 217
720 116 19994 215
720.998 116 19997 215
721.998 112 19997 212
722.999 109 19996 212
723.998 109 19994 215
724.999 113 19997 216
725.999 114 19994 215
726.999 113 19997 214
728 113 19998 212
728.998 113 19995 213
729.998 115 19991 214
731 116 19992 218
731.999 117 19997 217
733 118 19997 218
733.996 118 19997 218
734.99 117 19999 216
736 117 19997 215
736.999 119 19997 215
737.998 119 19998 215
739 121 19994 215
740 121 19994 215
740.998 121 19995 216
742 122 19996 217
742.999 121 19993 215
743.996 121 19993 215
744.993 119 19998 213
746 117 19996 210
746.997 115 19995 210
748 112 19994 208
748.999 110 19993 208
749.998 109 19995 208
751 111 19997 208
751.998 112 19994 209
752.999 112 19996 208
753.999 111 19992 208
754.999 109 19996 206
756 109 19996 209
757 110 19995 210
757.998 110 19994 210
758.998 110 19991 209
760 109 19999 208
760.999 110 19999 208
762 109 19993 208
762.994 112 19999 209
763.998 112 19997 209
764.999 113 19995 208
766 110 19993 205
767 110 19994 204
768 112 19997 203
769 111 19995 204
770 109 19997 205
770.997 109 19997 205
771.998 108 19997 205
773 106 19995 204
773.999 105 19994 203
774.999 103 19998 202
775.997 104 19996 202
776.993 104 19997 202
778 105 19996 201
779 107 19994 202
779.999 105 19993 200
781 105 19992 200
781.998 103 19995 200
782.996 105 19997 200
784 103 19997 198
784.997 102 19998 197
785.999 103 19996 197
786.998 101 19995 197
788 101 19998 195
788.998 102 19994 195
789.999 103 19996 195
790.996 102 19996 195
791.994 102 19994 195
793 101 19992 194
794 102 19994 196
794.999 102 19996 196
796 102 19996 198
797 102 19995 200
797.994 102 19996 201
798.995 103 19996 200
799.997 102 19997 199
800.998 103 19994 202
801.998 104 19992 203
803 105 19997 203
803.995 106 19998 204
804.999 106 19995 205
805.999 105 19994 205
806.998 105 19996 206
807.998 107 19996 205
808.997 106 19997 204
810 106 19998 204
810.996 105 19996 203
812 105 19993 203
812.998 105 19997 202
814 104 19995 201
814.998 104 19995 200
815.989 104 19994 201
816.998 105 19999 201
818 106 19993 201
818.995 107 19996 204
819.996 108 19993 204
820.999 107 19996 204
822 107 19998 205
822.999 106 19994 204
823.999 108 19990 205
824.999 108 19992 206
825.998 107 19999 205
827 106 19999 204
828 107 19995 204
828.996 107 19998 203
830 109 19997 203
830.998 111 19996 203
832 109 19993 201
833 109 19996 199
833.999 108 19998 201
834.999 106 19995 199
835.999 105 19992 200
836.999 103 19995 198
837.999 103 19992 198
839 103 19995 197
840 103 19995 198
840.996 103 19996 196
841.997 104 19993 199
842.996 102 19997 198
843.998 102 19997 198
844.999 100 19993 194
846 102 19994 194
846.999 101 19994 193
847.999 100 19991 192
848.999 100 19994 192
849.999 101 19995 192
851 101 19997 193
851.999 101 19994 194
853 101 19993 194
853.998 100 19998 191
854.998 99 19998 189
855.999 99 19991 190
856.999 99 19996 191
857.998 100 19997 193
858.999 100 19996 194
860 99 19996 193
860.997 101 19999 192
861.994 100 19994 190
863 98 19995 189
864 101 19994 191
864.999 101 19995 191
865.999 99 19993 188
866.998 100 19995 187
867.994 98 19998 186
868.996 98 19995 184
869.999 98 19998 184
870.998 99 19997 184
871.995 100 19996 189
872.998 100 19993 186
873.999 100 19993 187
874.998 101 19994 186
875.999 102 19993 186
877 102 19997 187
878 100 19998 186
878.999 100 19998 186
879.997 103 19996 189
880.997 103 19995 190
881.998 103 19996 189
882.993 103 19999 188
883.998 99 19998 185
884.997 99 19995 186
885.999 96 19991 183
886.999 95 19994 183
888 98 19997 184
888.999 98 19995 184
889.997 99 19998 187
890.999 99 19996 187
891.997 99 19996 190
892.999 99 19996 189
893.999 99 19996 190
894.998 98 19995 190
895.997 96 19996 189
897 96 19996 190
897.999 96 19989 189
899 94 19997 187
899.992 93 19996 189
900.998 93 19998 190
902 94 19993 190
903 95 19993 193
903.998 94 19998 193
904.998 94 19993 193
905.999 95 19994 193
906.992 97 19999 194
907.999 96 19998 194
909 96 19994 195
909.999 96 19996 195
910.998 96 19997 194
911.998 97 19996 194
912.999 96 19990 194
914 96 19994 196
914.998 97 19998 200
916 97 19993 198
916.999 98 19997 199
917.999 99 19994 199
918.999 99 19998 200
920 98 19997 197
920.995 99 19996 196
921.998 98 19995 195
922.999 99 19994 196
923.997 99 19994 196
925 99 19995 195
925.999 99 19993 195
926.993 96 19998 194
927.997 93 19995 191
929 92 19993 190
929.999 93 19994 194
930.999 91 19998 192
931.998 91 19997 192
932.996 90 19998 192
934 90 19996 191
934.999 90 19992 193
935.999 92 19998 194
937 89 19996 192
937.995 90 19996 191
938.999 91 19989 191
939.999 91 19995 191
941 92 19996 192
941.997 90 19997 194
942.999 89 19993 193
944 87 19993 192
944.999 88 19995 194
946 86 19999 193
946.998 87 19997 193
947.999 88 19998 193
949 87 19995 191
950 86 19998 190
950.999 85 19993 189
951.998 85 19995 188
952.997 86 19999 187
953.999 85 19990 185
955 87 19994 184
956 88 19994 186
956.998 87 19998 185
957.999 87 19997 185
958.999 88 19992 187
960 87 19991 186
960.998 87 19993 186
961.996 87 19995 186
962.998 88 19993 184
963.995 89 19996 182
965 89 19997 182
965.997 88 19994 182
966.999 89 19996 183
967.999 87 19999 182
968.995 88 19997 183
969.998 89 19995 184
970.998 89 19994 186
971.995 89 19998 185
972.999 89 19996 184
973.998 92 19990 185
974.998 93 19998 185
975.996 92 19993 186
976.999 93 19993 186
977.999 95 19995 187
979 95 19996 188
980 94 19994 187
980.996 94 19996 187
981.995 94 19998 191
982.999 94 19988 191
983.999 94 19993 192
984.999 96 19995 196
985.997 94 19996 195
986.992 94 19999 193
987.999 92 19996 192
988.998 93 19994 192
990 93 19993 192
990.995 93 19999 192
991.999 96 19995 192
992.999 93 19999 189
993.998 93 19996 192
994.999 92 19994 190
996 91 19996 189
996.998 91 19996 189
997.997 91 19994 189
999 92 19994 191
999.999 93 19993 192
1000 93 19993 192
