0.998682 396 19999 396
1.99878 390 19994 390
2.99926 388 19998 388
3.99646 387 19997 387
4.99943 383 19991 383
5.99144 378 19994 379
6.99836 376 19996 377
7.99822 373 19998 374
8.99722 371 19995 372
9.99906 369 19992 370
10.9972 364 19999 365
11.9933 361 19997 363
12.9995 355 19996 357
13.9999 353 19994 355
14.9968 352 19997 355
15.9999 347 19994 352
16.9983 344 19994 349
17.9993 338 19998 345
18.9977 335 19996 343
19.9995 332 19989 340
20.9974 328 19995 337
21.9998 324 19997 333
22.998 321 19998 330
23.9985 316 19993 326
24.9968 312 20000 322
25.9995 309 19996 318
26.9991 307 19993 318
27.9975 305 19998 316
28.9998 300 19996 313
30 297 19997 311
30.9963 293 19998 309
31.9993 293 19996 311
32.9959 291 19997 309
33.999 288 19998 308
34.9977 284 19993 304
35.9998 281 19993 301
36.9967 274 19994 296
37.9966 275 19997 295
38.9991 272 19995 295
40 269 19993 293
40.9993 267 19994 292
41.9974 266 19993 291
42.9998 263 19995 288
43.9998 261 19994 287
44.9999 260 19992 286
45.9988 261 19996 285
46.9996 256 19995 280
47.999 255 19997 280
48.9942 254 20000 279
49.9978 253 19998 279
50.9958 251 19998 278
51.9998 249 19997 277
52.9978 249 19999 278
53.9997 243 19997 273
54.9983 242 19994 273
55.9989 242 19996 274
56.9996 238 19996 271
57.9995 235 19997 267
58.997 230 19998 265
59.9979 228 19997 261
60.9992 224 19994 258
61.9988 223 19995 257
62.9989 219 19996 253
63.9976 217 19993 251
64.9993 217 19993 251
65.9998 213 19996 247
66.9961 212 19996 247
67.9989 209 19995 247
68.9999 205 19997 245
69.9976 205 19995 244
70.999 203 19991 246
71.9994 202 19993 245
72.9984 201 19995 244
73.9999 201 19998 244
74.9999 202 19994 245
75.9953 200 19993 244
76.9995 198 19993 243
77.9994 195 19997 240
78.999 193 19995 238
79.9971 194 19997 238
80.9988 194 19995 238
81.9919 192 19996 237
82.9999 188 19995 233
83.999 187 19997 232
84.9991 185 19996 232
85.9932 184 19998 229
86.9998 181 19994 225
87.9973 178 19997 223
88.9939 178 19998 224
89.9999 175 19995 221
90.9991 176 19993 221
91.9985 174 19988 219
92.9989 174 19998 219
93.9985 170 19992 215
94.9997 168 19996 215
95.9967 167 19999 213
96.9989 166 19991 212
97.9998 165 19990 213
98.9979 163 19994 213
99.9939 159 19993 209
101 160 19994 208
102 161 20000 210
103 162 19993 213
103.998 159 19997 210
104.998 159 19996 211
106 159 19996 211
106.998 160 19996 212
107.998 158 19994 211
108.998 158 19996 211
110 158 19997 214
111 157 19997 214
112 156 19991 213
112.996 153 19997 210
114 151 19999 209
114.995 150 19998 209
115.999 149 19996 208
117 151 19994 213
117.995 150 19997 212
118.998 151 19994 212
119.997 151 19993 215
121 152 19996 216
121.996 150 19997 216
123 148 19993 214
123.994 147 19998 212
124.997 144 19999 209
125.999 141 19998 206
127 139 19997 203
127.998 139 19997 203
128.998 138 19993 202
130 135 19993 201
131 134 19994 201
131.999 133 19997 199
133 130 19997 197
134 128 19997 197
135 127 19995 198
135.997 125 19998 197
136.996 125 19996 197
138 125 19997 197
138.999 121 19997 192
140 121 19997 191
140.998 120 19993 191
141.999 117 19992 191
142.998 117 19995 191
144 114 19993 189
144.998 114 19995 190
146 114 19996 190
147 113 19997 189
147.999 112 19992 189
148.991 111 19996 188
150 111 19996 190
150.999 112 19991 190
151.992 109 19996 189
152.999 106 19992 186
154 105 19996 183
154.998 105 19992 182
155.998 105 19992 183
157 105 19996 184
158 105 19995 185
158.999 104 19991 182
160 103 19995 183
160.998 103 19991 184
161.998 104 19996 184
163 102 19990 181
163.999 99 19997 178
165 98 19996 177
165.998 97 19994 178
167 93 19993 174
167.998 94 19996 173
168.999 95 19994 175
169.999 96 19996 176
170.999 96 19998 176
171.996 96 19997 176
173 92 19994 172
174 92 19994 172
174.994 91 19995 173
175.999 91 19994 172
176.999 89 19992 172
177.998 89 19995 171
178.999 90 19997 171
180 89 19997 171
181 90 19994 172
181.998 92 19993 174
182.999 91 19997 173
183.996 90 19993 172
184.999 88 19998 173
186 89 19997 175
186.999 86 19996 174
188 85 19996 174
188.999 82 19994 171
190 80 19995 173
190.999 80 19997 173
191.999 82 19999 173
192.998 82 19996 173
193.999 81 19997 172
194.997 81 19997 172
196 81 19992 170
196.999 80 19997 169
197.986 83 19997 174
199 83 19994 173
200 84 19993 175
200.999 85 19995 175
201.995 87 19998 175
202.999 90 19998 175
203.999 90 19997 173
205 88 19997 171
206 86 19997 170
206.998 86 19996 171
207.999 87 19994 171
208.999 88 19997 170
209.998 86 19996 171
211 85 19996 170
211.999 84 19999 168
212.998 82 19997 168
213.999 80 19992 166
215 81 19999 167
216 83 19994 168
216.995 84 19996 171
217.998 84 19994 172
218.995 83 19998 172
219.995 84 19992 173
221 85 19995 173
221.998 82 19994 171
223 82 19996 170
223.999 82 19995 170
225 81 19995 172
226 82 19993 171
226.986 80 19997 169
227.989 79 19999 168
228.999 78 19996 167
229.996 78 19998 167
230.997 80 19997 168
231.994 79 19997 169
233 79 19989 168
233.997 79 19998 167
234.998 80 19998 167
235.995 82 19997 168
237 80 19993 166
238 80 19995 166
239 80 19996 167
240 79 19998 166
240.999 80 19994 168
241.996 80 19996 169
243 80 19994 171
243.997 79 19996 170
244.999 77 19993 167
245.999 77 19995 168
247 77 19997 169
247.996 77 19996 170
249 77 19998 168
249.997 76 20000 169
251 77 19998 171
251.997 78 19991 172
252.999 78 19996 172
254 78 19995 171
254.997 79 19997 174
256 80 19994 173
256.999 80 19996 175
258 80 19994 176
258.998 79 19996 177
259.991 82 19995 177
260.999 84 19993 177
262 84 19995 178
262.998 84 19998 178
263.998 85 19996 180
264.998 83 19995 177
265.999 83 19997 178
266.996 81 19998 177
267.999 79 19994 176
268.998 78 19997 175
270 78 19995 175
271 79 19990 175
271.999 80 19995 177
272.996 81 19997 178
273.999 81 19998 177
274.997 83 19996 177
275.998 84 19995 178
277 84 19995 179
277.998 83 19994 178
279 84 19996 179
279.998 80 19995 176
280.999 78 19995 173
282 78 19992 174
282.999 77 19992 173
284 75 19994 172
284.999 76 19997 173
286 75 19996 173
286.998 76 19998 173
287.999 77 19997 175
288.999 78 19997 176
290 80 19993 180
290.997 80 19993 182
291.997 81 19998 181
292.998 81 19997 183
293.996 80 19995 182
294.999 79 19999 183
295.999 78 19999 182
296.999 78 19995 181
297.999 78 19996 180
298.999 81 19999 180
300 81 19993 182
300.999 82 19997 182
301.999 82 19996 183
302.999 79 19996 181
303.996 78 19996 180
305 78 19992 179
306 78 19998 179
306.999 80 19999 178
307.998 80 19996 178
308.999 79 19998 177
309.999 81 19997 178
310.999 83 19994 180
312 86 19998 184
313 87 19992 184
313.999 87 19994 183
314.998 86 19996 183
315.983 86 20000 184
316.999 86 19991 184
317.997 86 19996 185
318.999 85 19994 185
319.999 84 19994 185
321 85 19995 185
321.995 85 19996 184
323 87 19995 185
324 86 19995 185
325 86 19995 185
325.997 86 19997 187
327 89 19997 187
327.998 89 19989 187
328.997 90 19996 187
330 93 19998 189
331 93 19996 188
331.991 92 20000 189
332.998 91 19997 187
333.994 89 19997 187
335 88 19998 187
335.999 88 19997 184
336.995 88 19998 184
337.998 85 19997 181
338.999 84 19996 179
339.993 84 19997 182
340.996 84 19997 181
341.999 83 19996 179
342.995 84 20000 180
343.998 85 19995 181
344.999 84 19996 180
345.998 85 19996 182
346.999 86 19999 183
347.997 86 19991 182
348.999 84 19995 179
350 80 19996 175
350.997 82 19996 176
351.999 82 19997 177
353 82 19998 178
353.998 83 19993 179
354.999 86 19998 181
355.996 86 19991 180
356.999 86 19998 183
357.996 87 19998 182
358.999 88 19994 183
359.999 89 19994 185
361 88 19998 186
362 87 19996 185
362.999 85 19995 182
364 86 19995 181
365 85 19990 180
366 85 19994 181
366.998 85 19994 181
367.999 85 19987 182
368.997 85 19995 183
369.998 84 19994 182
370.999 82 19998 181
371.999 83 19996 180
372.998 83 19996 179
373.997 84 19996 178
375 86 19992 179
375.999 86 19995 181
377 87 19994 181
378 88 19995 181
379 88 19996 180
380 88 19997 181
381 91 19993 184
381.996 89 19997 185
382.999 89 19992 185
384 87 19998 185
384.999 87 19995 185
385.999 87 19994 185
386.999 90 19997 184
387.998 90 20000 184
388.995 92 19997 184
389.999 91 19994 183
390.998 92 19998 184
391.997 92 19997 182
392.997 91 19996 182
393.996 90 19997 179
394.998 93 19997 181
395.998 92 19993 182
397 91 19995 182
397.995 91 19992 183
398.999 91 19996 183
399.998 92 19995 183
400.999 92 19995 181
402 92 19993 182
402.998 92 19997 181
403.998 93 19995 181
404.998 92 19998 182
405.997 90 19997 181
406.999 94 19996 181
408 96 19996 182
408.998 97 19996 183
409.997 98 19998 183
410.995 96 19997 182
411.998 96 19997 184
412.998 97 19991 183
413.997 98 19994 184
415 98 19997 184
415.993 98 19997 185
416.997 99 19999 186
417.999 98 19999 186
419 99 19993 189
420 98 19995 188
420.999 99 19997 190
421.995 98 19997 190
423 98 19993 191
424 96 19997 189
424.996 96 19996 189
425.999 96 19993 186
426.996 97 19997 187
428 96 19997 185
428.998 96 19996 185
429.998 96 19999 185
430.997 96 19994 186
431.998 94 19995 185
432.995 95 19991 186
433.999 93 19994 183
434.999 91 19998 184
435.998 92 19996 185
437 94 19996 186
437.995 96 19996 187
438.994 98 19995 189
440 99 19992 189
440.998 100 20000 189
442 101 19998 190
442.999 102 19998 192
444 101 19995 192
444.999 101 19996 191
445.999 102 19997 193
447 100 19997 191
447.998 100 19994 192
449 100 19993 193
449.997 101 19994 193
450.999 102 19990 194
452 105 19996 197
453 105 19997 198
454 104 19997 197
455 105 19993 199
456 106 19997 200
456.998 104 19997 198
457.989 106 19999 198
458.999 107 19995 199
459.992 106 19996 198
461 107 19995 198
462 106 19995 196
462.994 105 19996 196
463.999 106 19992 198
465 104 19994 196
465.997 101 19996 193
467 101 19995 192
467.998 99 19996 191
468.997 101 19996 192
469.997 102 19996 191
470.998 100 19996 190
472 100 19999 190
472.998 101 19997 191
473.997 105 19994 191
475 105 19999 193
475.999 105 19993 195
476.996 103 19995 192
478 101 19993 190
478.999 100 19996 190
480 102 19994 192
481 101 19995 193
481.999 100 19997 193
483 99 19996 191
484 98 19995 192
485 98 19994 191
485.998 97 19998 191
486.995 95 19998 191
487.999 92 19997 189
489 92 19998 189
489.998 92 19994 188
490.995 92 19997 189
491.999 92 19996 191
493 94 19995 191
493.999 95 19995 191
494.999 97 19995 190
495.999 95 19995 189
496.995 93 19995 187
497.998 93 19999 186
498.998 90 19995 183
499.997 93 19994 183
500.998 94 19999 186
502 96 19997 186
502.996 95 19998 186
503.997 95 19994 189
504.997 94 19997 188
506 95 19995 189
506.993 96 19994 187
507.996 94 19995 186
508.991 94 19996 184
509.999 95 19996 186
511 94 19992 185
511.999 93 19991 187
512.999 93 19994 186
513.999 93 19994 186
514.999 95 19993 186
515.998 97 19995 187
516.999 96 19992 187
518 95 19999 187
518.999 96 19995 188
520 98 19994 190
520.995 98 19995 190
522 98 19995 189
522.997 98 19992 188
523.998 99 19995 188
525 99 19996 189
525.999 99 19994 188
526.994 99 19997 187
527.997 100 19994 190
528.998 101 19995 191
529.997 102 19997 190
530.999 101 19998 190
532 101 19995 190
532.999 100 19996 191
534 99 19995 190
534.998 99 19991 192
535.992 99 19997 192
536.999 98 19996 191
537.998 99 19998 191
538.999 101 19996 192
540 101 19993 193
541 102 19994 194
541.997 102 19996 194
542.994 101 19998 194
544 100 19994 194
544.999 100 19995 194
545.997 100 19994 197
546.999 104 19996 198
547.999 104 19995 199
549 105 19996 199
549.997 104 19995 197
551 104 19994 199
551.997 103 19998 199
553 103 19990 200
554 103 19990 198
555 102 19995 197
555.998 105 19995 198
557 108 19995 198
557.999 107 19994 197
558.993 108 19995 197
559.996 108 19997 198
560.992 110 19998 198
561.994 109 19998 197
563 109 19995 196
564 107 19995 194
564.995 108 19995 195
565.999 109 19998 194
567 109 19995 194
567.996 110 19997 196
568.993 111 19998 196
569.995 111 19996 198
570.998 111 19994 196
571.999 112 19999 196
572.999 113 19995 196
573.999 112 19995 194
575 113 19999 194
575.997 113 19993 195
576.994 112 19997 195
578 111 19990 197
579 110 19997 196
579.998 111 19995 196
581 112 19996 197
581.999 112 19994 197
583 112 19995 200
583.999 113 19997 200
584.997 113 19998 201
585.999 114 19994 202
586.998 114 19994 201
587.999 114 19992 200
588.998 115 19998 203
589.999 114 19995 203
590.998 114 19995 204
592 113 19994 201
592.999 114 19996 205
593.998 114 19994 205
594.998 116 19990 205
595.999 117 19996 205
597 117 19992 205
597.999 120 19997 205
598.998 118 19996 205
599.999 119 19999 205
600.999 119 19994 204
601.999 117 19995 204
602.999 116 19994 203
603.998 116 19998 202
604.999 114 19995 201
605.998 115 19996 202
606.997 117 19995 202
607.998 117 19999 201
608.999 117 19998 202
610 118 19995 202
611 119 19995 202
611.999 120 19996 204
613 121 19992 204
613.999 121 19990 203
614.997 122 19995 205
616 123 19998 207
617 122 19994 205
617.995 121 20000 203
619 120 19998 203
619.999 120 19995 201
620.998 119 19998 200
622 119 19990 202
622.999 119 19992 202
624 120 19992 202
625 121 19997 204
625.999 121 19994 205
626.998 120 19999 205
628 120 19998 207
628.995 119 19994 208
630 119 19998 207
630.991 119 19995 207
632 119 19996 207
632.997 120 19990 207
633.998 120 19997 207
634.999 119 19997 206
635.998 120 19998 206
636.998 121 19995 208
638 119 19995 207
638.999 117 19996 206
640 117 19994 205
641 117 19997 204
642 117 19995 206
642.998 115 19997 205
643.995 116 19996 209
645 116 19994 208
645.999 113 19995 206
646.999 113 19996 208
648 114 19993 207
648.992 112 19995 205
650 112 19998 205
651 111 19996 207
651.999 111 19996 207
652.999 113 19989 210
654 113 19994 212
654.999 113 19994 212
655.998 113 19997 214
657 110 19995 211
657.999 109 19995 210
658.999 109 19996 209
659.995 112 19999 210
660.999 111 19996 207
662 111 19993 207
662.998 111 19998 208
663.999 113 19997 209
664.997 112 19997 209
665.999 112 19996 208
666.988 113 19997 207
667.998 113 19996 208
669 112 19998 207
669.999 115 19993 207
670.998 115 19997 209
672 115 19995 208
672.998 114 19998 209
673.998 114 19998 209
674.992 112 19996 210
675.999 111 19996 208
676.999 111 19996 208
677.997 109 19996 206
679 107 19997 204
679.999 104 19992 202
681 103 19995 201
681.999 101 19997 201
682.996 102 19997 199
684 102 19997 200
685 105 19997 203
685.999 107 19996 205
687 106 19999 205
688 107 20000 204
688.999 107 19995 208
689.992 106 19999 208
690.999 102 19993 205
691.999 100 19995 203
692.998 99 19998 203
693.999 98 19999 202
694.999 99 19996 201
695.998 100 19994 201
696.998 98 19999 200
698 100 19997 201
699 100 19994 201
699.999 104 19993 201
700.996 104 19996 203
701.997 103 19995 204
702.997 101 19996 204
703.999 104 19995 204
705 103 19989 205
705.994 103 19995 205
706.999 104 19997 207
708 105 19991 209
708.997 105 19999 208
709.999 104 19997 209
710.997 105 19995 212
712 103 19999 211
713 100 19993 209
713.999 99 19993 208
714.995 100 19995 210
715.998 100 19994 211
716.998 99 19995 210
717.997 98 19996 210
719 98 19997 211
719.999 97 19994 211
720.999 96 19994 209
722 95 19995 208
722.998 95 19998 208
723.999 95 19995 207
725 95 19995 206
725.999 95 19996 207
726.999 95 19995 208
727.999 94 19995 207
728.999 93 19995 207
729.998 95 19997 206
730.999 95 19998 209
731.998 95 19997 209
733 101 19996 210
734 105 19995 211
734.999 104 19999 211
735.999 104 19995 210
737 103 19996 209
737.999 103 19994 209
738.999 103 19998 210
739.998 102 19996 209
740.997 103 19995 211
741.999 102 19991 212
743 101 19992 215
743.997 100 19997 216
744.998 98 19996 215
745.999 99 19997 216
747 100 19997 216
748 100 19998 215
748.998 101 19993 218
749.997 99 19997 217
750.994 100 19997 219
751.999 100 19998 220
752.996 100 19995 220
754 100 19997 220
754.999 100 19998 220
755.998 98 19991 219
756.998 99 19996 219
757.997 98 19996 218
758.998 99 19995 217
759.997 99 19997 215
760.999 98 19995 213
762 98 19993 212
762.998 99 19995 213
763.998 99 19990 214
764.999 101 19993 214
765.999 101 19998 213
766.998 100 19994 212
767.999 101 19994 212
768.997 103 19998 212
769.998 103 19994 210
770.995 103 19994 210
771.997 104 19998 211
773 107 19996 212
773.999 107 19996 211
775 110 19997 211
775.998 111 19996 212
777 111 19995 212
777.997 111 19996 212
778.999 110 19991 215
779.998 110 19994 216
781 110 19994 216
781.999 112 19996 216
782.998 110 19997 215
783.994 110 19996 214
784.999 110 19997 215
785.991 110 19999 215
786.999 110 19998 217
787.997 108 19997 217
788.993 106 19995 216
789.999 103 19996 214
791 106 19995 216
792 106 19994 216
792.999 104 19996 214
793.998 106 19998 213
794.998 105 19997 213
796 107 19996 213
797 109 19994 213
797.997 109 19994 217
798.998 109 19994 218
799.998 111 20000 218
801 111 19994 219
801.999 110 19997 220
803 112 19997 219
803.997 111 19997 221
804.996 110 19995 218
805.999 109 19997 219
806.999 112 19997 220
807.997 112 19995 219
808.998 112 19993 220
809.998 114 19994 221
811 114 19997 221
811.998 112 19998 220
812.999 112 19992 219
813.997 111 19996 220
815 111 19996 221
816 111 19998 222
816.996 108 19999 218
817.999 106 19987 217
818.999 105 19998 217
819.996 103 19996 214
820.996 104 19997 214
822 105 19997 216
822.998 105 19997 216
823.998 106 19997 216
825 108 19997 218
825.998 110 19993 218
826.997 111 19997 219
827.999 110 19995 218
829 110 19996 218
829.999 110 19995 217
831 109 19998 217
831.998 109 19995 217
833 108 19997 214
833.998 111 19992 214
834.995 113 19997 215
835.998 114 19998 216
836.994 115 19996 215
837.999 113 19992 213
839 113 19997 214
840 110 19994 212
840.999 108 19994 212
841.998 108 19995 212
842.999 108 19995 212
843.996 107 19998 210
845 106 19994 208
846 105 19992 209
846.999 106 19991 210
847.994 106 19996 211
849 107 19992 211
849.997 104 19997 209
851 104 19997 210
851.999 105 19997 209
852.994 106 19997 210
854 108 19999 209
854.995 109 19997 211
855.999 107 19994 208
856.995 105 19995 206
857.999 105 19996 205
858.998 106 19993 206
860 105 19995 206
860.998 108 19990 206
861.998 109 19997 207
862.993 107 19995 206
863.996 108 19998 207
864.997 110 19996 209
866 112 19997 214
866.998 112 19997 212
868 111 19996 210
869 112 19997 211
870 112 19994 209
871 112 19994 209
871.99 111 19997 207
872.999 113 19993 207
873.997 113 19996 206
874.998 113 19995 206
875.999 115 19992 207
876.999 117 19997 208
877.999 120 19994 210
879 119 19996 209
879.998 118 19991 208
880.995 114 19997 204
881.998 114 19997 207
882.999 114 19995 207
883.998 112 19994 204
884.995 113 19996 204
885.998 113 19995 208
886.999 111 19997 204
887.997 108 19998 200
888.999 109 19995 200
889.997 108 19996 199
891 108 19995 200
891.998 108 19999 199
892.999 108 19995 202
893.999 105 19996 199
894.997 103 19998 199
895.999 102 19995 199
896.998 99 19991 199
897.999 99 19996 199
899 97 19995 196
899.998 98 19997 198
901 97 19993 199
902 96 19997 198
903 94 19993 197
903.997 98 19997 197
904.999 98 19996 198
905.999 97 19996 199
906.997 96 19998 198
907.999 99 19996 199
909 100 19992 199
910 102 19995 201
910.999 99 19994 198
911.999 101 19996 199
913 99 19988 200
913.999 99 19995 200
914.998 99 19995 201
915.997 100 19994 202
916.999 100 19992 202
917.996 100 19996 203
918.998 100 19996 202
919.999 100 19993 204
920.999 100 19995 203
922 101 19994 203
922.999 102 19995 203
924 104 19996 204
925 101 19990 204
925.999 101 19996 203
926.994 101 19997 204
928 100 19997 203
928.999 99 19997 202
929.999 100 19993 202
930.99 98 19989 202
931.997 96 19996 201
932.999 98 19993 201
934 97 19994 200
935 98 19996 200
936 99 19997 199
936.996 99 19996 199
937.999 99 19993 202
939 100 19993 201
939.998 100 19998 200
940.999 101 19998 202
942 99 19995 200
942.996 97 19998 197
943.999 97 19991 196
944.999 97 19993 197
945.999 98 19994 200
946.997 98 19992 200
947.998 99 19990 200
949 98 19998 198
949.994 99 19998 199
950.999 99 19995 198
951.999 99 19993 197
953 100 19995 197
953.993 101 19995 197
955 100 19993 198
955.999 101 19997 199
956.999 102 19992 201
958 101 19995 201
959 103 19993 202
959.993 104 19995 203
961 104 19993 202
961.997 103 19993 201
963 103 19993 201
963.999 104 19997 201
964.992 105 19997 200
966 102 19994 198
966.999 100 19992 196
968 102 19994 196
968.995 101 19998 196
969.999 101 19999 196
970.998 101 19997 196
971.993 102 19995 198
972.994 101 19993 199
973.999 101 19991 198
975 101 19995 198
975.999 100 19993 196
977 100 19995 196
977.997 100 19996 195
978.994 99 19999 194
980 100 19996 194
980.999 100 19996 195
982 100 19994 192
982.991 102 19995 193
983.997 103 19996 193
984.994 104 19995 192
985.999 104 19994 190
986.999 104 19997 191
988 105 19992 190
988.998 105 19995 191
989.997 103 19996 189
991 103 19996 189
992 102 19998 189
993 100 19996 188
994 99 19997 189
994.999 98 19998 190
995.993 98 19998 192
997 98 19992 192
997.998 97 19998 191
998.998 97 19997 191
999.998 96 19994 191
1000 96 19994 191
