20.560861000000003
14.081422000000002
17.202308000000002
21.16226
8.082028000000001
13.128731
15.740236000000001
17.758068
17.332994
15.328011000000002
14.187937000000002
13.163945
16.948131
14.311429
21.315997000000003
16.965276
12.548588
17.814735000000002
15.246001000000001
14.698878
13.923456000000002
14.347383
13.916957
13.608034
15.014213000000002
15.453304000000001
18.163802
20.481792000000002
17.315810000000003
15.107041
12.393985
13.930235000000001
19.000712
18.415347
14.548381000000001
14.731867000000001
15.262786
18.341304
12.777497
12.184116000000001
18.029836
15.876775
18.240712000000002
18.476603
2.599378
13.123602
10.053001
18.87538
9.075944
15.927766000000002
