270.971812
268.917226
270.200579
268.976620
270.288643
270.661492
269.041351
269.543545
269.591773
269.015880
270.165521
270.079084
271.163427
269.142681
271.961778
271.572538
270.421821
270.209312
270.914610
270.585521
272.365719
272.616461
271.495384
273.896871
272.782991
271.556389
272.104870
271.769365
269.601237
273.234257
270.940492
272.978011
269.806612
267.653098
267.490331
264.182795
262.482857
262.917735
261.645572
265.592203
261.975945
262.576643
262.136581
260.889910
262.983744
261.505861
261.928192
266.314301
262.835237
265.566955
