0.00865085 50 26 73 99
0.0180499 50 37 61 98
0.029716 50 38 59 97
0.0382556 50 42 54 96
0.0499532 50 40 54 94
0.059486 50 42 52 94
0.0669327 50 41 53 94
0.0799182 50 46 47 93
0.0881821 50 43 50 93
0.0966978 50 43 50 93
0.109767 50 40 52 92
0.1192 50 39 51 90
0.129906 50 43 44 87
0.139953 50 37 49 86
0.148203 50 41 45 86
0.159362 50 40 45 85
0.16921 50 42 42 84
0.178621 50 39 44 83
0.189383 50 38 44 82
0.199618 50 35 45 80
0.209693 50 33 46 79
0.215805 50 37 42 79
0.228252 50 45 33 78
0.239316 50 39 37 76
0.242851 50 40 35 75
0.25993 50 40 35 75
0.269571 50 43 32 75
0.279917 50 38 37 75
0.289352 50 37 36 73
0.299686 50 35 38 73
0.309969 50 36 36 72
0.318257 50 34 38 72
0.32839 50 40 32 72
0.339427 50 37 35 72
0.349817 50 39 33 72
0.359052 50 40 31 71
0.369105 50 43 28 71
0.378213 50 41 30 71
0.388479 50 41 30 71
0.393364 50 42 28 70
0.409287 50 40 26 66
0.418912 50 39 26 65
0.429965 50 35 29 64
0.438743 50 33 30 63
0.44806 50 32 31 63
0.459145 50 34 29 63
0.469854 50 31 32 63
0.477168 50 32 31 63
0.488948 50 36 27 63
0.499752 50 37 26 63
0.509083 50 39 22 61
0.519504 50 38 22 60
0.529873 50 36 23 59
0.535793 50 35 24 59
0.545176 50 34 25 59
0.558118 50 36 23 59
0.569198 50 36 21 57
0.57702 50 32 24 56
0.589486 50 36 20 56
0.599635 50 35 20 55
0.609379 50 33 22 55
0.6183 50 33 22 55
0.629989 50 35 20 55
0.639647 50 33 22 55
0.646934 50 34 20 54
0.659743 50 35 19 54
0.665961 50 36 18 54
0.679972 50 36 17 53
0.689852 50 32 20 52
0.699961 50 30 22 52
0.709679 50 33 19 52
0.718982 50 33 17 50
0.728424 50 33 17 50
0.739506 50 36 14 50
0.74831 50 33 16 49
0.759901 50 30 19 49
0.769427 50 29 17 46
0.777276 50 29 17 46
0.78871 50 31 14 45
0.79988 50 30 14 44
0.807954 50 29 15 44
0.819304 50 27 16 43
0.829891 50 28 15 43
0.839154 50 27 16 43
0.849694 50 27 16 43
0.859675 50 28 15 43
0.864838 50 31 12 43
0.879497 50 32 11 43
0.881234 50 30 13 43
0.899759 50 31 11 42
0.904491 50 32 10 42
0.916358 50 30 11 41
0.927406 50 31 10 41
0.939699 50 31 10 41
0.949371 50 25 15 40
0.959964 50 29 9 38
0.969884 50 24 12 36
0.979955 50 20 16 36
0.986229 50 20 16 36
0.99678 50 20 16 36
1.00848 50 21 15 36
1.01738 50 26 9 35
1.02669 50 25 9 34
1.03383 50 25 9 34
1.04906 50 24 10 34
1.05885 50 24 10 34
1.06829 50 24 10 34
1.07907 50 26 8 34
1.086 50 25 9 34
1.09879 50 27 7 34
1.10935 50 25 8 33
1.1193 50 26 7 33
1.12682 50 28 5 33
1.13855 50 31 2 33
1.14556 50 30 3 33
1.15829 50 31 2 33
1.1693 50 26 4 30
1.17034 50 27 3 30
1.1894 50 22 8 30
1.19448 50 23 7 30
1.20662 50 21 9 30
1.21549 50 18 12 30
1.22696 50 21 8 29
1.23695 50 22 6 28
1.24964 50 24 4 28
1.25591 50 25 3 28
1.26293 50 25 2 27
1.27501 50 25 2 27
1.28345 50 22 5 27
1.2931 50 21 5 26
1.30778 50 17 9 26
1.31743 50 19 7 26
1.32915 50 17 8 25
1.33892 50 21 4 25
1.34268 50 22 3 25
1.35475 50 20 4 24
1.36686 50 20 4 24
1.37813 50 15 9 24
1.38959 50 15 9 24
1.39869 50 18 6 24
1.40925 50 16 7 23
1.41452 50 17 6 23
1.42618 50 17 6 23
1.43798 50 16 5 21
1.44908 50 16 5 21
1.45588 50 17 3 20
1.47605 50 17 3 20
1.49062 50 19 1 20
1.50702 50 18 2 20
1.51914 50 15 4 19
1.52744 50 15 4 19
1.53776 50 13 6 19
1.54721 50 15 4 19
1.55457 50 17 2 19
1.56528 50 16 2 18
1.57884 50 17 1 18
1.58062 50 16 1 17
1.59968 50 14 3 17
1.60879 50 12 5 17
1.6163 50 13 4 17
1.62473 50 14 3 17
1.63635 50 13 4 17
1.64765 50 16 1 17
1.65862 50 14 3 17
1.67805 50 14 3 17
1.6857 50 14 2 16
1.69835 50 12 4 16
1.70924 50 10 6 16
1.71658 50 11 5 16
1.72786 50 10 5 15
1.73939 50 9 5 14
1.74002 50 10 4 14
1.75652 50 12 2 14
1.76616 50 11 3 14
1.77732 50 11 3 14
1.7994 50 11 3 14
1.81624 50 12 2 14
1.82977 50 13 1 14
1.83644 50 14 0 14
1.84742 50 13 1 14
1.8589 50 12 2 14
1.8687 50 11 3 14
1.87961 50 12 2 14
1.88992 50 11 3 14
1.89968 50 9 5 14
1.90631 50 11 3 14
1.91729 50 11 3 14
1.92501 50 11 3 14
1.93607 50 10 4 14
1.94703 50 12 2 14
1.95601 50 12 2 14
1.96968 50 13 0 13
1.97667 50 11 2 13
1.98836 50 9 4 13
1.99115 50 10 3 13
2.00245 50 11 2 13
2.0278 50 12 1 13
2.03741 50 10 3 13
2.04719 50 12 1 13
2.05939 50 10 3 13
2.06819 50 9 4 13
2.07992 50 6 7 13
2.08728 50 7 4 11
2.10724 50 9 2 11
2.11575 50 8 3 11
2.13442 50 8 3 11
2.14944 50 10 1 11
2.15224 50 9 2 11
2.17881 50 8 3 11
2.18843 50 6 5 11
2.19909 50 6 5 11
2.20421 50 6 5 11
2.21552 50 7 4 11
2.22304 50 8 3 11
2.24546 50 7 4 11
2.25908 50 10 1 11
2.26701 50 9 2 11
2.27866 50 8 3 11
2.2814 50 8 3 11
2.29871 50 9 2 11
2.30694 50 7 3 10
2.31963 50 9 0 9
2.32813 50 8 1 9
2.33656 50 8 1 9
2.34792 50 5 2 7
2.35948 50 6 1 7
2.36666 50 5 2 7
2.37992 50 7 0 7
2.38589 50 6 1 7
2.39817 50 4 3 7
2.41247 50 5 2 7
2.44425 50 6 1 7
2.45262 50 6 1 7
2.46739 50 7 0 7
2.5198 50 5 2 7
2.52941 50 5 2 7
2.53392 50 5 2 7
2.5492 50 3 4 7
2.55216 50 4 3 7
2.56099 50 5 2 7
2.57944 50 5 2 7
2.58576 50 7 0 7
2.6113 50 6 1 7
2.62936 50 6 1 7
2.63205 50 6 1 7
2.64948 50 6 1 7
2.65802 50 4 3 7
2.66281 50 4 3 7
2.68137 50 6 1 7
2.69589 50 5 2 7
2.70531 50 6 1 7
2.71873 50 5 2 7
2.73718 50 5 2 7
2.75419 50 6 1 7
2.76035 50 5 1 6
2.78613 50 6 0 6
2.79828 50 3 3 6
2.81527 50 5 1 6
2.838 50 5 1 6
2.84762 50 5 1 6
2.86393 50 6 0 6
2.87331 50 4 2 6
2.88866 50 6 0 6
2.91019 50 5 1 6
2.92553 50 5 1 6
2.93992 50 4 2 6
2.94537 50 5 1 6
2.95963 50 6 0 6
2.96473 50 5 1 6
2.99833 50 4 2 6
3.00731 50 3 3 6
3.01661 50 4 2 6
3.02889 50 5 1 6
3.04017 50 5 0 5
3.06902 50 4 1 5
3.1139 50 5 0 5
3.12782 50 4 0 4
3.1493 50 3 1 4
3.16945 50 4 0 4
3.17833 50 3 1 4
3.18939 50 2 2 4
3.19614 50 2 2 4
3.20438 50 2 2 4
3.21718 50 2 2 4
3.22289 50 3 1 4
3.23688 50 3 1 4
3.27939 50 2 2 4
3.2868 50 3 1 4
3.32249 50 3 1 4
3.38769 50 2 2 4
3.39684 50 2 2 4
3.41914 50 4 0 4
3.46117 50 3 1 4
3.47691 50 4 0 4
3.49987 50 4 0 4
3.58858 50 4 0 4
3.65687 50 4 0 4
3.74967 50 4 0 4
3.75969 50 3 1 4
3.76847 50 2 2 4
3.77868 50 1 3 4
3.78764 50 3 1 4
3.79686 50 4 0 4
3.81419 50 3 1 4
3.82002 50 4 0 4
3.89794 50 3 1 4
3.91147 50 4 0 4
3.93438 50 3 1 4
3.94052 50 4 0 4
3.95962 50 2 2 4
3.97123 50 3 1 4
4.00235 50 2 2 4
4.0298 50 3 1 4
4.03778 50 4 0 4
4.04645 50 3 1 4
4.0524 50 2 2 4
4.06528 50 3 1 4
4.09916 50 4 0 4
4.10567 50 3 0 3
4.11498 50 2 1 3
4.1247 50 3 0 3
4.13584 50 3 0 3
4.15369 50 2 1 3
4.16834 50 3 0 3
4.19585 50 2 1 3
4.20163 50 3 0 3
4.26618 50 1 2 3
4.28946 50 2 1 3
4.29451 50 3 0 3
4.30101 50 2 1 3
4.31613 50 3 0 3
4.32552 50 2 1 3
4.33803 50 3 0 3
4.34978 50 3 0 3
4.36735 50 2 1 3
4.37033 50 3 0 3
4.38205 50 2 1 3
4.4112 50 1 2 3
4.43793 50 1 2 3
4.45318 50 2 1 3
4.48065 50 1 2 3
4.49578 50 3 0 3
4.5393 50 3 0 3
4.56997 50 3 0 3
4.59895 50 2 1 3
4.60973 50 1 2 3
4.61977 50 2 1 3
4.62116 50 3 0 3
4.65201 50 3 0 3
4.66272 50 3 0 3
4.67945 50 2 1 3
4.68946 50 3 0 3
4.6908 50 2 1 3
4.71025 50 3 0 3
4.72662 50 2 1 3
4.75164 50 3 0 3
4.8502 50 2 0 2
4.90305 50 1 1 2
4.9205 50 2 0 2
4.9963 50 2 0 2
5.00191 50 1 1 2
5.02759 50 2 0 2
5.04719 50 2 0 2
5.08831 50 2 0 2
5.10756 50 1 1 2
5.13803 50 2 0 2
5.23317 50 0 2 2
5.25847 50 1 1 2
5.27775 50 1 1 2
5.28717 50 1 1 2
5.29245 50 2 0 2
5.3391 50 1 1 2
5.34577 50 2 0 2
5.37949 50 1 1 2
5.38732 50 2 0 2
5.43299 50 1 1 2
5.46208 50 2 0 2
5.48985 50 1 1 2
5.49296 50 2 0 2
5.64598 50 1 0 1
5.70237 50 0 0 0
18.8564 50 0 0 0
