0.00946954 50 27 72 99
0.0194486 50 39 57 96
0.0283288 50 39 56 95
0.0399467 50 42 51 93
0.0496521 50 41 50 91
0.059554 50 42 48 90
0.069608 50 42 47 89
0.0778212 50 44 43 87
0.0888876 50 42 45 87
0.0971887 50 41 44 85
0.109834 50 40 45 85
0.119894 50 38 47 85
0.128637 50 39 45 84
0.138566 50 39 43 82
0.149036 50 37 44 81
0.159808 50 37 44 81
0.164772 50 41 39 80
0.178745 50 39 41 80
0.189864 50 40 40 80
0.198713 50 40 38 78
0.209149 50 42 36 78
0.219645 50 41 37 78
0.229648 50 37 41 78
0.234828 50 39 39 78
0.249354 50 43 33 76
0.259253 50 38 37 75
0.268676 50 41 34 75
0.2798 50 34 41 75
0.289303 50 39 36 75
0.297372 50 39 36 75
0.309505 50 39 35 74
0.317586 50 37 37 74
0.328988 50 36 38 74
0.339105 50 39 35 74
0.349673 50 42 32 74
0.35937 50 39 35 74
0.369333 50 39 35 74
0.379828 50 43 30 73
0.388691 50 45 27 72
0.399105 50 38 33 71
0.409951 50 37 34 71
0.416471 50 35 35 70
0.42898 50 35 34 69
0.437015 50 33 34 67
0.448891 50 34 33 67
0.458155 50 32 35 67
0.469959 50 33 34 67
0.47996 50 34 32 66
0.489861 50 34 32 66
0.499317 50 34 31 65
0.508727 50 36 29 65
0.519656 50 37 28 65
0.52973 50 31 33 64
0.537407 50 36 28 64
0.547857 50 35 28 63
0.559019 50 33 28 61
0.566572 50 35 24 59
0.578977 50 38 21 59
0.588775 50 34 23 57
0.599184 50 36 21 57
0.609865 50 38 19 57
0.618804 50 36 21 57
0.628871 50 35 22 57
0.638486 50 34 22 56
0.649966 50 34 22 56
0.659885 50 32 23 55
0.668321 50 35 20 55
0.679913 50 37 18 55
0.688074 50 37 18 55
0.698579 50 37 17 54
0.707286 50 35 19 54
0.718568 50 35 18 53
0.72896 50 35 17 52
0.738839 50 33 18 51
0.748897 50 32 18 50
0.758611 50 31 19 50
0.766771 50 32 17 49
0.776824 50 30 19 49
0.788374 50 27 22 49
0.799486 50 31 18 49
0.807106 50 31 18 49
0.818349 50 33 15 48
0.829761 50 36 12 48
0.838551 50 35 12 47
0.849886 50 32 15 47
0.858139 50 33 14 47
0.868432 50 30 17 47
0.876864 50 30 17 47
0.888619 50 30 17 47
0.899825 50 28 18 46
0.909524 50 26 19 45
0.919297 50 29 16 45
0.928731 50 32 13 45
0.93716 50 32 13 45
0.949008 50 31 13 44
0.959477 50 28 16 44
0.966092 50 29 15 44
0.979958 50 31 13 44
0.98841 50 27 17 44
0.999336 50 27 16 43
1.00883 50 29 13 42
1.01841 50 29 12 41
1.02962 50 31 10 41
1.03851 50 28 12 40
1.04785 50 30 9 39
1.05909 50 32 6 38
1.06943 50 26 10 36
1.07976 50 24 12 36
1.08188 50 25 11 36
1.09777 50 28 8 36
1.1084 50 28 8 36
1.11971 50 29 7 36
1.12507 50 28 8 36
1.13968 50 24 11 35
1.14519 50 26 9 35
1.15271 50 24 11 35
1.1699 50 24 11 35
1.17865 50 24 10 34
1.18935 50 24 9 33
1.19581 50 23 10 33
1.20939 50 26 6 32
1.2195 50 25 7 32
1.22934 50 21 10 31
1.23793 50 22 9 31
1.24449 50 25 6 31
1.25962 50 25 6 31
1.263 50 24 7 31
1.27873 50 24 7 31
1.28839 50 20 11 31
1.2991 50 19 12 31
1.30856 50 19 12 31
1.31666 50 19 12 31
1.32934 50 24 7 31
1.33495 50 23 8 31
1.34506 50 24 7 31
1.35355 50 25 6 31
1.36977 50 17 12 29
1.37905 50 19 10 29
1.38793 50 15 14 29
1.39944 50 18 11 29
1.40946 50 21 8 29
1.41912 50 21 7 28
1.42835 50 19 9 28
1.43916 50 20 8 28
1.44611 50 23 5 28
1.45136 50 24 4 28
1.46955 50 21 7 28
1.4772 50 20 8 28
1.48386 50 21 7 28
1.49948 50 22 6 28
1.50544 50 22 6 28
1.51972 50 19 9 28
1.52926 50 17 10 27
1.53483 50 18 9 27
1.54885 50 20 7 27
1.55792 50 20 7 27
1.5697 50 23 4 27
1.5787 50 23 4 27
1.58953 50 20 7 27
1.59949 50 22 5 27
1.60916 50 19 8 27
1.61821 50 20 7 27
1.62692 50 19 7 26
1.63954 50 19 6 25
1.64915 50 18 7 25
1.65934 50 19 5 24
1.66718 50 21 3 24
1.6795 50 21 3 24
1.68808 50 20 3 23
1.69952 50 17 5 22
1.70986 50 17 4 21
1.71745 50 19 2 21
1.72905 50 17 4 21
1.73139 50 16 5 21
1.74562 50 15 6 21
1.75929 50 15 6 21
1.7688 50 17 4 21
1.77683 50 14 7 21
1.78556 50 16 5 21
1.7939 50 15 6 21
1.8007 50 16 5 21
1.81811 50 18 2 20
1.82508 50 18 1 19
1.83328 50 17 2 19
1.84482 50 17 2 19
1.85766 50 17 2 19
1.86984 50 14 4 18
1.87873 50 14 4 18
1.88962 50 13 5 18
1.89807 50 14 4 18
1.90994 50 13 5 18
1.91051 50 14 4 18
1.92759 50 11 7 18
1.93982 50 12 5 17
1.94358 50 13 4 17
1.96881 50 14 2 16
1.97101 50 15 1 16
1.98728 50 15 1 16
1.99658 50 16 0 16
2.00853 50 13 2 15
2.01998 50 11 3 14
2.02611 50 12 2 14
2.03173 50 11 3 14
2.049 50 11 2 13
2.05227 50 12 1 13
2.0688 50 9 4 13
2.07263 50 11 2 13
2.08659 50 10 3 13
2.09802 50 8 4 12
2.10051 50 9 3 12
2.13189 50 10 2 12
2.14474 50 12 0 12
2.16919 50 10 2 12
2.17646 50 9 3 12
2.18822 50 9 3 12
2.1911 50 8 4 12
2.20818 50 7 5 12
2.21223 50 8 4 12
2.22973 50 10 2 12
2.23231 50 9 3 12
2.24615 50 8 4 12
2.268 50 8 4 12
2.27629 50 8 4 12
2.28729 50 7 5 12
2.29773 50 8 4 12
2.30289 50 9 3 12
2.31383 50 11 1 12
2.32802 50 9 3 12
2.33205 50 10 2 12
2.34723 50 7 5 12
2.35936 50 10 2 12
2.37812 50 11 1 12
2.38135 50 12 0 12
2.40913 50 10 2 12
2.42196 50 9 3 12
2.43803 50 9 3 12
2.44991 50 9 3 12
2.45073 50 10 2 12
2.46316 50 8 4 12
2.4773 50 9 3 12
2.48563 50 9 3 12
2.49659 50 9 2 11
2.50676 50 9 2 11
2.51517 50 8 3 11
2.52414 50 9 2 11
2.53824 50 9 1 10
2.54645 50 10 0 10
2.5515 50 9 1 10
2.57578 50 9 1 10
2.58677 50 7 3 10
2.59507 50 9 1 10
2.60103 50 10 0 10
2.61121 50 9 1 10
2.63871 50 9 1 10
2.65975 50 9 1 10
2.68676 50 7 3 10
2.69794 50 8 2 10
2.70886 50 7 3 10
2.71656 50 6 3 9
2.72961 50 8 1 9
2.73432 50 9 0 9
2.74906 50 8 1 9
2.75483 50 8 1 9
2.76219 50 9 0 9
2.77783 50 8 1 9
2.78899 50 5 3 8
2.79312 50 5 2 7
2.80811 50 5 2 7
2.81306 50 5 1 6
2.82045 50 4 2 6
2.83577 50 4 2 6
2.84924 50 3 2 5
2.85075 50 4 1 5
2.86861 50 4 1 5
2.87583 50 3 2 5
2.89037 50 4 1 5
2.9081 50 2 2 4
2.91336 50 4 0 4
2.95522 50 3 1 4
2.9675 50 4 0 4
2.99225 50 3 1 4
3.02189 50 3 1 4
3.0336 50 4 0 4
3.05316 50 3 1 4
3.06653 50 4 0 4
3.07873 50 3 1 4
3.09964 50 2 2 4
3.11117 50 3 1 4
3.12024 50 4 0 4
3.15666 50 2 2 4
3.1714 50 3 1 4
3.21107 50 2 2 4
3.22284 50 3 1 4
3.23284 50 2 2 4
3.25338 50 3 1 4
3.26178 50 3 1 4
3.2863 50 3 0 3
3.30487 50 2 1 3
3.31569 50 2 0 2
3.42255 50 1 1 2
3.49981 50 2 0 2
3.51704 50 0 2 2
3.52906 50 2 0 2
3.57646 50 0 2 2
3.58348 50 1 1 2
3.59316 50 2 0 2
3.60614 50 1 1 2
3.61108 50 2 0 2
3.66139 50 1 1 2
3.67593 50 2 0 2
3.72891 50 1 1 2
3.73625 50 1 1 2
3.74378 50 2 0 2
3.77932 50 1 1 2
3.80447 50 2 0 2
3.98581 50 1 1 2
3.99672 50 2 0 2
4.03865 50 1 1 2
4.05673 50 2 0 2
4.14791 50 1 1 2
4.20705 50 2 0 2
4.2298 50 0 2 2
4.24708 50 2 0 2
4.2598 50 1 1 2
4.26018 50 2 0 2
4.30498 50 1 1 2
4.33157 50 2 0 2
4.37605 50 1 1 2
4.39705 50 2 0 2
4.42796 50 1 1 2
4.43582 50 2 0 2
4.46865 50 1 0 1
4.47664 50 0 1 1
4.48422 50 1 0 1
4.56582 50 0 1 1
4.69735 50 1 0 1
4.799 50 0 1 1
4.80876 50 1 0 1
4.88171 50 0 1 1
4.90736 50 1 0 1
5.02727 50 0 1 1
5.0403 50 1 0 1
5.1635 50 0 1 1
5.20547 50 1 0 1
5.23481 50 0 1 1
5.24098 50 1 0 1
5.32758 50 0 1 1
5.33482 50 0 0 0
54.2009 50 0 0 0
