0.00977743 50 29 69 98
0.0187962 50 37 61 98
0.0285012 50 42 56 98
0.039708 50 43 54 97
0.0487309 50 45 49 94
0.0578454 50 43 51 94
0.0682964 50 45 49 94
0.0750219 50 44 49 93
0.0897589 50 46 45 91
0.0994689 50 40 50 90
0.109171 50 42 47 89
0.119665 50 39 48 87
0.129237 50 40 46 86
0.138918 50 40 44 84
0.149854 50 38 45 83
0.158887 50 40 42 82
0.169874 50 40 41 81
0.178113 50 42 39 81
0.189403 50 41 38 79
0.199286 50 43 35 78
0.207957 50 43 35 78
0.217948 50 41 35 76
0.22832 50 43 31 74
0.239575 50 40 34 74
0.248316 50 40 34 74
0.259413 50 41 33 74
0.269034 50 44 30 74
0.2798 50 37 35 72
0.289817 50 41 31 72
0.299551 50 41 31 72
0.309892 50 40 31 71
0.318899 50 38 31 69
0.32895 50 39 29 68
0.337377 50 37 31 68
0.348445 50 38 29 67
0.358706 50 38 28 66
0.367434 50 40 26 66
0.375209 50 40 26 66
0.386753 50 40 26 66
0.399462 50 34 31 65
0.408726 50 31 30 61
0.419056 50 34 27 61
0.429649 50 35 26 61
0.438326 50 35 25 60
0.449687 50 35 24 59
0.459471 50 28 27 55
0.46984 50 30 25 55
0.476993 50 35 20 55
0.487386 50 34 21 55
0.493845 50 33 20 53
0.509496 50 32 20 52
0.519867 50 34 18 52
0.529713 50 32 20 52
0.539822 50 29 22 51
0.549742 50 33 17 50
0.557267 50 28 22 50
0.569635 50 31 19 50
0.576461 50 34 16 50
0.589304 50 33 17 50
0.596579 50 31 19 50
0.609012 50 33 17 50
0.617482 50 34 16 50
0.628666 50 31 19 50
0.639752 50 33 16 49
0.649213 50 28 20 48
0.658724 50 28 20 48
0.668486 50 29 19 48
0.67858 50 31 16 47
0.685816 50 33 14 47
0.698389 50 30 16 46
0.709191 50 30 16 46
0.719152 50 30 15 45
0.727178 50 34 11 45
0.737754 50 32 13 45
0.749458 50 30 15 45
0.756566 50 30 14 44
0.768207 50 32 11 43
0.779977 50 29 14 43
0.788527 50 30 12 42
0.799629 50 28 13 41
0.805415 50 25 16 41
0.818376 50 27 14 41
0.829611 50 29 12 41
0.83807 50 31 10 41
0.847408 50 30 11 41
0.858146 50 29 11 40
0.869361 50 28 10 38
0.877856 50 29 8 37
0.882984 50 28 8 36
0.898422 50 31 5 36
0.907069 50 30 6 36
0.919261 50 28 8 36
0.929263 50 26 10 36
0.939803 50 21 14 35
0.944103 50 21 14 35
0.959994 50 19 16 35
0.966235 50 18 17 35
0.979466 50 18 15 33
0.98283 50 17 16 33
0.997317 50 19 13 32
1.00805 50 21 11 32
1.01882 50 22 9 31
1.02993 50 19 10 29
1.0394 50 17 12 29
1.04889 50 19 9 28
1.05959 50 19 9 28
1.06962 50 22 6 28
1.07168 50 21 7 28
1.08973 50 19 8 27
1.09994 50 18 9 27
1.10966 50 18 8 26
1.11904 50 18 8 26
1.12286 50 20 6 26
1.13858 50 19 7 26
1.14613 50 19 7 26
1.15355 50 20 5 25
1.1687 50 20 5 25
1.17721 50 19 5 24
1.18986 50 19 5 24
1.19962 50 17 7 24
1.20576 50 16 8 24
1.21569 50 16 8 24
1.22926 50 15 8 23
1.23989 50 18 5 23
1.24458 50 18 5 23
1.25509 50 17 6 23
1.2688 50 18 5 23
1.27975 50 18 4 22
1.28701 50 17 5 22
1.29978 50 18 4 22
1.30079 50 19 3 22
1.31947 50 18 4 22
1.32629 50 16 6 22
1.33788 50 16 6 22
1.34977 50 17 5 22
1.35716 50 18 4 22
1.36362 50 18 4 22
1.37811 50 16 6 22
1.38767 50 16 5 21
1.39625 50 16 5 21
1.4064 50 15 6 21
1.41996 50 16 5 21
1.42976 50 15 6 21
1.43587 50 15 6 21
1.44975 50 17 4 21
1.45594 50 15 6 21
1.46926 50 18 3 21
1.47847 50 20 0 20
1.48971 50 16 3 19
1.49963 50 13 6 19
1.50625 50 12 7 19
1.51303 50 11 8 19
1.52831 50 15 4 19
1.53838 50 15 4 19
1.54921 50 15 3 18
1.55811 50 17 1 18
1.56733 50 15 3 18
1.57953 50 14 4 18
1.58959 50 16 2 18
1.59996 50 15 2 17
1.61255 50 15 2 17
1.62904 50 13 4 17
1.6398 50 13 4 17
1.64984 50 14 3 17
1.65836 50 13 4 17
1.66933 50 11 6 17
1.67473 50 13 4 17
1.68966 50 14 2 16
1.69562 50 12 4 16
1.70687 50 13 3 16
1.71945 50 11 5 16
1.7289 50 14 2 16
1.7342 50 13 3 16
1.74682 50 15 1 16
1.7697 50 13 2 15
1.77669 50 15 0 15
1.78531 50 13 2 15
1.80736 50 13 1 14
1.81816 50 11 3 14
1.82319 50 11 3 14
1.83765 50 13 1 14
1.84515 50 13 1 14
1.85029 50 14 0 14
1.86834 50 13 1 14
1.87498 50 13 1 14
1.88747 50 14 0 14
1.90304 50 13 1 14
1.91816 50 11 3 14
1.9283 50 11 3 14
1.93817 50 11 3 14
1.95789 50 12 2 14
1.96996 50 12 1 13
1.98689 50 12 0 12
1.99141 50 12 0 12
2.01845 50 12 0 12
2.02789 50 10 2 12
2.03653 50 11 1 12
2.04405 50 12 0 12
2.07681 50 9 3 12
2.08234 50 8 4 12
2.09753 50 7 5 12
2.10782 50 9 3 12
2.11854 50 9 3 12
2.12678 50 9 3 12
2.1312 50 10 2 12
2.14833 50 9 3 12
2.15913 50 11 1 12
2.17187 50 10 2 12
2.18889 50 9 3 12
2.19966 50 7 5 12
2.20982 50 7 5 12
2.2194 50 8 4 12
2.22505 50 8 4 12
2.23775 50 8 4 12
2.24121 50 8 4 12
2.25716 50 8 4 12
2.26972 50 9 3 12
2.27955 50 10 2 12
2.28071 50 11 1 12
2.29671 50 9 3 12
2.30858 50 8 3 11
2.31908 50 8 3 11
2.33877 50 10 0 10
2.37267 50 8 2 10
2.38871 50 8 2 10
2.40479 50 9 1 10
2.41973 50 9 0 9
2.45836 50 7 2 9
2.46287 50 8 1 9
2.47314 50 7 1 8
2.51388 50 8 0 8
2.5229 50 7 1 8
2.53533 50 5 3 8
2.54065 50 5 2 7
2.55537 50 6 1 7
2.57971 50 5 2 7
2.58336 50 6 1 7
2.6 50 5 2 7
2.62448 50 6 1 7
2.63307 50 7 0 7
2.6426 50 6 1 7
2.65262 50 6 1 7
2.67315 50 7 0 7
2.6856 50 5 2 7
2.69918 50 5 2 7
2.70654 50 5 2 7
2.71963 50 6 1 7
2.72252 50 7 0 7
2.73748 50 5 2 7
2.74781 50 5 2 7
2.75932 50 6 1 7
2.77474 50 5 2 7
2.78309 50 6 1 7
2.79474 50 7 0 7
2.80836 50 7 0 7
2.81409 50 6 0 6
2.82484 50 4 2 6
2.83328 50 3 2 5
2.84272 50 3 1 4
2.853 50 4 0 4
2.8931 50 3 1 4
2.9014 50 3 1 4
2.91885 50 4 0 4
2.93291 50 3 1 4
2.9476 50 4 0 4
3.02522 50 2 2 4
3.03182 50 3 1 4
3.04273 50 2 2 4
3.06762 50 4 0 4
3.07771 50 4 0 4
3.09464 50 3 1 4
3.10963 50 2 2 4
3.1281 50 4 0 4
3.14672 50 3 1 4
3.18957 50 4 0 4
3.2475 50 3 1 4
3.27577 50 2 1 3
3.32453 50 3 0 3
3.36969 50 2 1 3
3.37897 50 3 0 3
3.43082 50 2 1 3
3.45433 50 3 0 3
3.48197 50 2 1 3
3.4923 50 3 0 3
3.55897 50 2 1 3
3.56029 50 3 0 3
3.59603 50 2 1 3
3.61602 50 3 0 3
3.63594 50 2 1 3
3.64843 50 3 0 3
3.77517 50 2 0 2
3.87782 50 1 1 2
3.94421 50 2 0 2
3.96529 50 2 0 2
3.97706 50 1 1 2
3.98149 50 2 0 2
4.04514 50 1 1 2
4.05941 50 2 0 2
4.08243 50 1 1 2
4.10576 50 2 0 2
4.11947 50 1 0 1
4.16041 50 0 1 1
4.2628 50 1 0 1
4.34711 50 1 0 1
4.47168 50 1 0 1
4.70722 50 1 0 1
4.71865 50 1 0 1
4.75731 50 1 0 1
4.76611 50 1 0 1
5.32357 50 0 1 1
5.34883 50 0 0 0
26.7187 50 0 0 0
