0.00973988 50 31 68 99
0.0197677 50 35 63 98
0.0287774 50 36 60 96
0.0395866 50 36 58 94
0.0498341 50 39 54 93
0.0573273 50 41 52 93
0.0692552 50 43 50 93
0.0799201 50 45 47 92
0.0897527 50 42 49 91
0.0996992 50 39 49 88
0.107744 50 40 47 87
0.115107 50 41 46 87
0.129136 50 38 48 86
0.13964 50 37 49 86
0.149234 50 39 47 86
0.159668 50 38 47 85
0.168751 50 42 43 85
0.177674 50 44 40 84
0.189989 50 42 40 82
0.199832 50 40 40 80
0.209921 50 40 39 79
0.217301 50 44 35 79
0.229712 50 39 38 77
0.238037 50 38 39 77
0.249409 50 35 41 76
0.259984 50 33 43 76
0.269569 50 40 36 76
0.279881 50 40 36 76
0.288916 50 39 37 76
0.298721 50 39 37 76
0.309911 50 39 36 75
0.315504 50 41 34 75
0.329898 50 43 32 75
0.338044 50 39 34 73
0.349081 50 39 33 72
0.359886 50 42 30 72
0.369125 50 45 26 71
0.374108 50 44 27 71
0.389807 50 43 28 71
0.397608 50 44 27 71
0.408087 50 41 30 71
0.418497 50 42 29 71
0.423677 50 42 29 71
0.437376 50 42 29 71
0.449708 50 44 27 71
0.4595 50 40 30 70
0.469376 50 40 30 70
0.477885 50 37 31 68
0.489192 50 38 30 68
0.497542 50 38 29 67
0.508894 50 36 30 66
0.517467 50 33 32 65
0.527007 50 35 29 64
0.539966 50 38 26 64
0.549167 50 41 23 64
0.559298 50 38 26 64
0.569704 50 37 26 63
0.578784 50 34 29 63
0.587605 50 37 25 62
0.598166 50 35 26 61
0.609361 50 36 24 60
0.618128 50 34 26 60
0.629903 50 34 25 59
0.639653 50 35 24 59
0.648089 50 31 28 59
0.659039 50 32 25 57
0.669718 50 31 26 57
0.678869 50 29 27 56
0.689209 50 33 23 56
0.699177 50 35 21 56
0.70995 50 32 24 56
0.719362 50 32 21 53
0.728935 50 28 25 53
0.739563 50 28 25 53
0.74982 50 29 23 52
0.759624 50 28 24 52
0.769835 50 29 23 52
0.77983 50 31 20 51
0.787565 50 33 17 50
0.799747 50 30 19 49
0.807708 50 29 20 49
0.818558 50 27 22 49
0.826974 50 33 16 49
0.839982 50 33 14 47
0.849457 50 29 18 47
0.859703 50 27 20 47
0.86724 50 28 19 47
0.877559 50 26 19 45
0.889698 50 29 16 45
0.898463 50 33 12 45
0.909106 50 32 12 44
0.919648 50 32 12 44
0.929148 50 32 12 44
0.939626 50 33 10 43
0.949624 50 31 12 43
0.9596 50 29 14 43
0.969735 50 31 11 42
0.977772 50 30 12 42
0.989258 50 29 12 41
0.999472 50 28 13 41
1.00852 50 27 14 41
1.01942 50 26 15 41
1.02992 50 26 15 41
1.03997 50 28 12 40
1.0488 50 30 9 39
1.05988 50 31 8 39
1.0697 50 29 10 39
1.07125 50 29 10 39
1.08131 50 30 9 39
1.09593 50 31 8 39
1.10546 50 33 6 39
1.11944 50 33 6 39
1.12705 50 30 8 38
1.13818 50 26 11 37
1.14829 50 25 12 37
1.15873 50 28 9 37
1.1692 50 28 9 37
1.17428 50 28 9 37
1.18925 50 29 8 37
1.19994 50 27 9 36
1.20903 50 27 9 36
1.21527 50 28 8 36
1.22642 50 28 8 36
1.23799 50 27 9 36
1.24929 50 23 13 36
1.25914 50 24 11 35
1.26998 50 24 11 35
1.27906 50 21 14 35
1.28832 50 20 15 35
1.29966 50 21 14 35
1.30918 50 19 16 35
1.31686 50 25 10 35
1.32481 50 25 10 35
1.33981 50 26 9 35
1.3497 50 22 12 34
1.35749 50 26 7 33
1.36864 50 26 7 33
1.37912 50 27 6 33
1.38804 50 24 9 33
1.39841 50 21 12 33
1.4057 50 20 13 33
1.41885 50 19 14 33
1.42979 50 21 12 33
1.43867 50 20 13 33
1.44904 50 23 10 33
1.4593 50 26 7 33
1.46845 50 26 7 33
1.47989 50 25 7 32
1.4889 50 24 8 32
1.49945 50 25 6 31
1.50679 50 21 10 31
1.51773 50 23 7 30
1.52596 50 22 7 29
1.53772 50 23 6 29
1.54866 50 19 9 28
1.55753 50 22 6 28
1.56801 50 20 8 28
1.57614 50 20 7 27
1.58851 50 19 6 25
1.59934 50 20 5 25
1.60353 50 19 5 24
1.6195 50 21 3 24
1.6269 50 20 3 23
1.63789 50 16 7 23
1.64949 50 17 6 23
1.6533 50 18 5 23
1.66956 50 18 5 23
1.67571 50 19 4 23
1.68716 50 18 5 23
1.69796 50 21 2 23
1.70549 50 20 3 23
1.7286 50 19 3 22
1.73947 50 16 5 21
1.74968 50 17 4 21
1.75713 50 17 3 20
1.76949 50 13 6 19
1.77384 50 14 5 19
1.78981 50 14 5 19
1.79896 50 14 4 18
1.80344 50 15 2 17
1.81826 50 15 2 17
1.8284 50 16 0 16
1.83555 50 15 1 16
1.84436 50 13 3 16
1.85461 50 14 2 16
1.86788 50 14 2 16
1.87971 50 9 7 16
1.88939 50 11 5 16
1.89582 50 13 3 16
1.91744 50 14 2 16
1.92937 50 13 3 16
1.93961 50 12 4 16
1.94808 50 11 5 16
1.95896 50 11 5 16
1.96544 50 13 3 16
1.97791 50 16 0 16
1.98743 50 15 1 16
2.00594 50 14 2 16
2.01486 50 13 2 15
2.02937 50 9 5 14
2.03922 50 10 2 12
2.04502 50 9 3 12
2.05374 50 10 2 12
2.06555 50 8 4 12
2.07946 50 10 2 12
2.09457 50 8 4 12
2.10027 50 7 5 12
2.11297 50 8 4 12
2.12783 50 8 4 12
2.13671 50 9 2 11
2.1496 50 8 2 10
2.15966 50 8 2 10
2.16864 50 7 3 10
2.17078 50 8 2 10
2.1884 50 7 3 10
2.19065 50 8 2 10
2.20991 50 7 3 10
2.21187 50 8 2 10
2.22877 50 8 2 10
2.2346 50 9 1 10
2.24177 50 10 0 10
2.26961 50 7 3 10
2.28907 50 6 4 10
2.29852 50 8 1 9
2.31653 50 8 1 9
2.33547 50 8 0 8
2.34733 50 6 1 7
2.35974 50 7 0 7
2.37268 50 6 1 7
2.39366 50 7 0 7
2.4076 50 7 0 7
2.41357 50 5 2 7
2.42955 50 7 0 7
2.44732 50 7 0 7
2.47801 50 6 1 7
2.49259 50 5 2 7
2.5095 50 3 4 7
2.51847 50 6 1 7
2.53771 50 6 1 7
2.54913 50 5 2 7
2.55446 50 4 3 7
2.56562 50 6 1 7
2.57033 50 5 2 7
2.58843 50 4 3 7
2.59013 50 5 2 7
2.61936 50 4 3 7
2.6233 50 4 3 7
2.63475 50 4 3 7
2.64231 50 6 1 7
2.66368 50 7 0 7
2.67967 50 6 1 7
2.68418 50 6 1 7
2.69569 50 4 3 7
2.70726 50 5 2 7
2.7272 50 5 2 7
2.73826 50 6 1 7
2.75339 50 7 0 7
2.76754 50 5 2 7
2.78325 50 6 1 7
2.79754 50 6 1 7
2.81168 50 5 2 7
2.82502 50 4 3 7
2.83369 50 4 2 6
2.84187 50 4 2 6
2.8539 50 5 1 6
2.8661 50 6 0 6
2.88876 50 5 1 6
2.89739 50 5 1 6
2.91138 50 6 0 6
2.93336 50 5 0 5
2.9885 50 4 0 4
3.04664 50 3 0 3
3.06222 50 2 1 3
3.09599 50 3 0 3
3.11202 50 2 1 3
3.14758 50 2 1 3
3.16862 50 1 2 3
3.17463 50 2 1 3
3.22055 50 3 0 3
3.25963 50 2 1 3
3.2644 50 3 0 3
3.29814 50 3 0 3
3.30824 50 3 0 3
3.31716 50 2 1 3
3.32509 50 3 0 3
3.34205 50 2 1 3
3.39885 50 1 2 3
3.40112 50 2 1 3
3.41715 50 3 0 3
3.45698 50 3 0 3
3.47921 50 2 1 3
3.48909 50 3 0 3
3.51914 50 2 1 3
3.54978 50 3 0 3
3.56822 50 2 1 3
3.60182 50 2 0 2
3.62041 50 1 0 1
3.63341 50 1 0 1
3.69164 50 0 1 1
3.70254 50 1 0 1
3.80428 50 1 0 1
3.81525 50 0 1 1
3.86347 50 1 0 1
3.8875 50 0 1 1
3.90818 50 1 0 1
3.93793 50 0 1 1
3.94795 50 1 0 1
4.02771 50 0 1 1
4.0473 50 1 0 1
4.40886 50 0 1 1
4.42672 50 1 0 1
4.49881 50 0 1 1
4.51768 50 1 0 1
4.70546 50 0 1 1
4.729 50 1 0 1
4.84901 50 0 1 1
4.92072 50 1 0 1
5.04459 50 1 0 1
5.05529 50 0 1 1
5.07583 50 1 0 1
5.08664 50 0 1 1
5.09066 50 1 0 1
5.15451 50 0 1 1
5.16422 50 1 0 1
5.21777 50 0 1 1
5.24635 50 1 0 1
5.51118 50 0 1 1
5.52501 50 1 0 1
5.5892 50 0 1 1
5.62657 50 1 0 1
5.66757 50 1 0 1
5.73976 50 0 1 1
5.7466 50 1 0 1
5.77785 50 0 1 1
5.79008 50 1 0 1
5.80268 50 0 1 1
5.83122 50 1 0 1
5.84409 50 0 1 1
5.85107 50 1 0 1
5.96401 50 1 0 1
5.98454 50 0 1 1
5.99142 50 1 0 1
6.04265 50 0 1 1
6.05145 50 1 0 1
6.13705 50 0 1 1
6.14106 50 1 0 1
6.20172 50 1 0 1
6.31549 50 0 1 1
6.32469 50 1 0 1
6.35861 50 0 1 1
6.36926 50 1 0 1
6.47567 50 0 1 1
6.50515 50 1 0 1
6.53784 50 0 1 1
6.55023 50 1 0 1
7.04708 50 1 0 1
7.17466 50 0 1 1
7.1937 50 1 0 1
7.20337 50 0 1 1
7.21509 50 1 0 1
7.35512 50 0 1 1
7.37477 50 1 0 1
7.72706 50 0 1 1
7.7403 50 1 0 1
7.8165 50 1 0 1
7.89287 50 0 1 1
7.91326 50 1 0 1
7.988 50 0 1 1
8.04353 50 1 0 1
8.14713 50 0 1 1
8.15289 50 1 0 1
8.27613 50 1 0 1
8.38775 50 0 1 1
8.39947 50 0 1 1
8.43117 50 1 0 1
8.51555 50 0 1 1
8.55697 50 1 0 1
8.63556 50 0 0 0
21.8446 50 0 0 0
