0.0092951 50 28 72 100
0.0196137 50 35 64 99
0.0297738 50 37 61 98
0.0393881 50 42 55 97
0.0493141 50 37 60 97
0.059989 50 36 60 96
0.0695757 50 41 55 96
0.0782754 50 37 57 94
0.08948 50 37 55 92
0.0992124 50 38 54 92
0.109117 50 38 54 92
0.11969 50 40 50 90
0.128177 50 40 50 90
0.139754 50 39 49 88
0.149738 50 38 48 86
0.159224 50 40 46 86
0.16988 50 39 47 86
0.178661 50 38 48 86
0.189696 50 41 45 86
0.198905 50 40 45 85
0.206772 50 43 42 85
0.218217 50 43 41 84
0.22941 50 42 42 84
0.23978 50 38 46 84
0.249435 50 42 42 84
0.25782 50 43 40 83
0.269758 50 40 43 83
0.278904 50 35 47 82
0.289989 50 34 46 80
0.299817 50 37 43 80
0.30971 50 37 42 79
0.319598 50 36 43 79
0.329156 50 38 41 79
0.339424 50 37 41 78
0.348583 50 39 38 77
0.358072 50 36 39 75
0.36858 50 39 34 73
0.379468 50 41 32 73
0.389539 50 38 35 73
0.399463 50 34 39 73
0.409338 50 40 32 72
0.414469 50 38 33 71
0.429404 50 40 31 71
0.436843 50 36 35 71
0.449661 50 39 30 69
0.459807 50 38 31 69
0.46945 50 41 28 69
0.47867 50 42 25 67
0.488445 50 40 27 67
0.498667 50 36 31 67
0.508031 50 35 31 66
0.516937 50 38 28 66
0.528116 50 40 26 66
0.538665 50 39 26 65
0.549982 50 40 24 64
0.559252 50 40 24 64
0.564844 50 38 25 63
0.579976 50 41 22 63
0.589783 50 36 26 62
0.599785 50 38 24 62
0.605509 50 36 25 61
0.619147 50 34 27 61
0.629665 50 34 27 61
0.638552 50 34 26 60
0.648423 50 33 27 60
0.65952 50 30 30 60
0.669864 50 29 31 60
0.679941 50 31 28 59
0.688322 50 29 29 58
0.699529 50 31 27 58
0.709851 50 32 25 57
0.719168 50 33 23 56
0.724837 50 36 20 56
0.7397 50 39 17 56
0.746059 50 33 23 56
0.755454 50 29 26 55
0.767656 50 31 23 54
0.778732 50 31 23 54
0.789046 50 32 22 54
0.799544 50 31 23 54
0.809835 50 32 21 53
0.819014 50 36 17 53
0.829919 50 36 17 53
0.839786 50 33 20 53
0.849878 50 32 21 53
0.859648 50 36 17 53
0.867459 50 35 18 53
0.879525 50 29 24 53
0.886171 50 32 21 53
0.896565 50 33 20 53
0.906459 50 33 20 53
0.919175 50 31 21 52
0.928241 50 34 18 52
0.939274 50 33 17 50
0.949022 50 33 17 50
0.95926 50 32 18 50
0.969428 50 33 17 50
0.979989 50 35 15 50
0.989814 50 31 18 49
0.999944 50 32 16 48
1.00531 50 31 17 48
1.01946 50 30 17 47
1.0245 50 30 17 47
1.03882 50 31 16 47
1.04855 50 27 20 47
1.05972 50 28 18 46
1.0691 50 26 20 46
1.07853 50 29 17 46
1.08956 50 31 14 45
1.09967 50 25 19 44
1.10897 50 29 15 44
1.11911 50 29 14 43
1.12519 50 27 16 43
1.13876 50 27 16 43
1.14787 50 27 16 43
1.15671 50 27 16 43
1.16845 50 30 13 43
1.17958 50 28 15 43
1.18578 50 25 18 43
1.19952 50 25 17 42
1.20915 50 28 14 42
1.21948 50 25 17 42
1.22788 50 24 18 42
1.23783 50 22 19 41
1.24927 50 23 18 41
1.25759 50 21 20 41
1.26872 50 24 17 41
1.27493 50 22 19 41
1.28971 50 24 16 40
1.29833 50 23 17 40
1.30566 50 22 17 39
1.31755 50 25 14 39
1.32959 50 26 13 39
1.33867 50 26 13 39
1.34794 50 28 11 39
1.35756 50 27 12 39
1.36777 50 29 10 39
1.3776 50 28 11 39
1.38864 50 27 12 39
1.39964 50 26 12 38
1.40978 50 29 8 37
1.41997 50 26 11 37
1.42969 50 20 16 36
1.43769 50 20 16 36
1.44589 50 24 9 33
1.45775 50 27 6 33
1.46867 50 27 6 33
1.47949 50 28 4 32
1.48795 50 26 6 32
1.49049 50 25 7 32
1.50637 50 24 8 32
1.51981 50 22 7 29
1.5299 50 19 10 29
1.53969 50 20 8 28
1.55952 50 19 9 28
1.56853 50 21 6 27
1.57812 50 23 4 27
1.58961 50 22 5 27
1.59797 50 19 8 27
1.6097 50 21 5 26
1.6195 50 16 10 26
1.62779 50 16 10 26
1.63854 50 18 8 26
1.64616 50 20 6 26
1.65282 50 19 7 26
1.66902 50 18 8 26
1.67987 50 21 5 26
1.68827 50 21 5 26
1.69675 50 20 6 26
1.70578 50 19 6 25
1.71961 50 20 5 25
1.72768 50 18 6 24
1.73902 50 20 4 24
1.74929 50 18 4 22
1.75735 50 17 5 22
1.76165 50 18 4 22
1.7769 50 17 5 22
1.78968 50 16 6 22
1.80993 50 14 7 21
1.81965 50 14 7 21
1.82934 50 17 4 21
1.83249 50 19 2 21
1.84953 50 18 3 21
1.85443 50 17 4 21
1.86803 50 18 3 21
1.87757 50 18 3 21
1.88767 50 18 3 21
1.89715 50 15 5 20
1.9098 50 15 5 20
1.91978 50 14 6 20
1.92923 50 13 6 19
1.93974 50 13 6 19
1.94921 50 15 4 19
1.95945 50 14 5 19
1.96939 50 14 5 19
1.97969 50 14 5 19
1.98859 50 15 4 19
1.99958 50 11 8 19
2.00808 50 10 8 18
2.01861 50 11 7 18
2.0272 50 13 5 18
2.03816 50 10 8 18
2.04861 50 12 6 18
2.05832 50 13 4 17
2.06728 50 13 4 17
2.07969 50 12 5 17
2.08469 50 13 4 17
2.09859 50 13 4 17
2.10981 50 12 5 17
2.11779 50 12 5 17
2.12972 50 11 6 17
2.13965 50 13 4 17
2.15971 50 15 2 17
2.16693 50 15 2 17
2.17944 50 13 4 17
2.18761 50 15 2 17
2.19463 50 14 3 17
2.2079 50 14 3 17
2.21513 50 16 1 17
2.22477 50 14 3 17
2.24554 50 14 3 17
2.2586 50 13 4 17
2.26728 50 15 2 17
2.27908 50 15 2 17
2.28349 50 16 1 17
2.29841 50 15 2 17
2.30799 50 14 3 17
2.3193 50 13 3 16
2.32584 50 14 2 16
2.33778 50 14 2 16
2.34975 50 15 1 16
2.35993 50 13 2 15
2.36699 50 15 0 15
2.37385 50 13 2 15
2.38739 50 13 2 15
2.39901 50 14 1 15
2.40454 50 12 3 15
2.41922 50 9 4 13
2.42323 50 10 3 13
2.43855 50 11 2 13
2.44979 50 10 2 12
2.4553 50 10 2 12
2.46978 50 9 3 12
2.47935 50 9 3 12
2.48543 50 8 4 12
2.49153 50 9 3 12
2.50958 50 8 4 12
2.5181 50 7 5 12
2.52974 50 8 4 12
2.53696 50 8 4 12
2.54057 50 7 5 12
2.55978 50 9 3 12
2.56767 50 9 3 12
2.57595 50 10 2 12
2.58672 50 11 1 12
2.59901 50 10 2 12
2.60686 50 11 1 12
2.61698 50 11 0 11
2.62224 50 10 1 11
2.64205 50 9 2 11
2.6582 50 10 1 11
2.66779 50 9 1 10
2.67567 50 10 0 10
2.6859 50 9 1 10
2.69993 50 7 3 10
2.71632 50 8 2 10
2.74577 50 8 1 9
2.75466 50 9 0 9
2.76842 50 8 1 9
2.77604 50 7 2 9
2.78558 50 7 2 9
2.81693 50 7 2 9
2.82418 50 6 3 9
2.83692 50 7 2 9
2.84279 50 7 2 9
2.85564 50 7 2 9
2.86806 50 7 2 9
2.88814 50 8 0 8
2.92766 50 5 3 8
2.93299 50 5 3 8
2.94949 50 7 1 8
2.95735 50 6 2 8
2.96646 50 7 1 8
2.9753 50 8 0 8
2.98338 50 7 1 8
3.00885 50 7 1 8
3.01302 50 6 2 8
3.02501 50 6 2 8
3.03763 50 7 1 8
3.044 50 5 3 8
3.05845 50 8 0 8
3.06001 50 7 1 8
3.09897 50 7 1 8
3.10924 50 8 0 8
3.11025 50 6 2 8
3.12151 50 6 2 8
3.16801 50 6 2 8
3.19635 50 8 0 8
3.20911 50 7 1 8
3.21974 50 6 2 8
3.22158 50 7 1 8
3.25938 50 5 2 7
3.26914 50 5 2 7
3.27457 50 4 3 7
3.28786 50 4 3 7
3.29815 50 5 2 7
3.30774 50 4 3 7
3.32002 50 5 2 7
3.33417 50 4 3 7
3.34277 50 5 2 7
3.35836 50 4 3 7
3.36045 50 5 2 7
3.37369 50 6 1 7
3.38622 50 7 0 7
3.4483 50 6 1 7
3.4616 50 7 0 7
3.47345 50 6 0 6
3.49745 50 5 1 6
3.52328 50 4 2 6
3.53676 50 5 1 6
3.54182 50 6 0 6
3.55714 50 5 1 6
3.57165 50 6 0 6
3.58097 50 5 1 6
3.59526 50 5 1 6
3.60747 50 6 0 6
3.61525 50 5 1 6
3.62055 50 6 0 6
3.63905 50 6 0 6
3.65628 50 5 1 6
3.67735 50 2 4 6
3.6874 50 4 2 6
3.70079 50 5 1 6
3.71921 50 4 2 6
3.72129 50 4 2 6
3.73785 50 4 1 5
3.76391 50 4 1 5
3.79185 50 4 1 5
3.80648 50 4 1 5
3.82391 50 5 0 5
3.83273 50 4 1 5
3.84553 50 2 3 5
3.8686 50 2 3 5
3.87645 50 4 1 5
3.88429 50 5 0 5
3.90366 50 3 2 5
3.92703 50 4 1 5
3.93256 50 4 1 5
3.96834 50 4 1 5
3.97182 50 5 0 5
3.9937 50 4 1 5
4.0017 50 5 0 5
4.02832 50 4 1 5
4.03681 50 3 1 4
4.0846 50 3 1 4
4.09423 50 4 0 4
4.13713 50 3 1 4
4.15443 50 2 2 4
4.19538 50 3 1 4
4.20743 50 2 2 4
4.21987 50 4 0 4
4.22636 50 3 1 4
4.25972 50 3 1 4
4.30164 50 2 2 4
4.31176 50 3 1 4
4.33872 50 2 2 4
4.34629 50 3 1 4
4.3586 50 4 0 4
4.3834 50 3 1 4
4.40513 50 2 2 4
4.42615 50 3 1 4
4.44235 50 4 0 4
4.46159 50 3 1 4
4.49739 50 4 0 4
4.60112 50 2 2 4
4.63069 50 3 1 4
4.65797 50 4 0 4
4.66402 50 3 1 4
4.69806 50 4 0 4
4.73021 50 3 1 4
4.76642 50 3 1 4
4.7973 50 4 0 4
4.80591 50 2 2 4
4.81654 50 3 1 4
4.82276 50 2 2 4
4.83559 50 2 2 4
4.84049 50 3 1 4
4.85032 50 4 0 4
4.86442 50 2 2 4
4.8759 50 3 1 4
4.88291 50 4 0 4
4.89309 50 3 1 4
4.90619 50 2 2 4
4.91678 50 4 0 4
4.92353 50 3 1 4
4.94863 50 4 0 4
4.95208 50 3 1 4
4.96922 50 2 2 4
4.97824 50 3 1 4
4.98723 50 2 2 4
4.99317 50 2 1 3
5.0035 50 2 1 3
5.04927 50 2 1 3
5.06206 50 3 0 3
5.07721 50 2 1 3
5.08923 50 3 0 3
5.13198 50 2 0 2
5.15502 50 2 0 2
5.1602 50 1 0 1
5.41031 50 0 1 1
5.42053 50 1 0 1
5.43567 50 0 1 1
5.4798 50 1 0 1
5.6652 50 0 1 1
5.67918 50 1 0 1
5.8181 50 0 1 1
5.877 50 1 0 1
5.98461 50 0 1 1
6.01537 50 1 0 1
6.14554 50 0 1 1
6.16287 50 1 0 1
6.3177 50 0 1 1
6.32913 50 1 0 1
6.45792 50 0 1 1
6.48103 50 1 0 1
6.51187 50 0 1 1
6.53048 50 1 0 1
6.58026 50 0 1 1
6.5937 50 1 0 1
6.77721 50 1 0 1
6.87396 50 0 1 1
6.88093 50 1 0 1
7.09289 50 1 0 1
7.11377 50 0 1 1
7.15294 50 1 0 1
7.46925 50 0 1 1
7.5362 50 1 0 1
7.57402 50 0 1 1
7.60837 50 1 0 1
7.62654 50 0 1 1
7.63584 50 1 0 1
7.72606 50 0 1 1
7.73754 50 1 0 1
7.89874 50 1 0 1
8.00183 50 0 1 1
8.07675 50 1 0 1
8.1361 50 0 1 1
8.14692 50 1 0 1
8.20129 50 0 1 1
8.28422 50 1 0 1
8.38054 50 0 1 1
8.39591 50 1 0 1
8.43597 50 0 0 0
12.2798 50 0 0 0
