0.00979025 50 26 73 99
0.0191934 50 31 67 98
0.0295527 50 36 59 95
0.0387839 50 40 55 95
0.0493312 50 38 56 94
0.058914 50 42 49 91
0.0677052 50 39 51 90
0.07909 50 42 48 90
0.0899537 50 43 45 88
0.0999094 50 43 45 88
0.109727 50 40 48 88
0.119483 50 41 47 88
0.129694 50 41 46 87
0.138637 50 42 44 86
0.148502 50 40 45 85
0.158315 50 41 43 84
0.16919 50 40 44 84
0.179521 50 40 44 84
0.189189 50 41 43 84
0.199759 50 42 41 83
0.209118 50 40 43 83
0.219991 50 40 42 82
0.229607 50 44 37 81
0.239169 50 44 37 81
0.249963 50 42 36 78
0.259496 50 36 39 75
0.26821 50 38 35 73
0.278349 50 38 35 73
0.288277 50 37 34 71
0.299668 50 35 35 70
0.309082 50 35 33 68
0.319959 50 36 31 67
0.329371 50 36 30 66
0.338264 50 37 28 65
0.34956 50 37 27 64
0.359098 50 36 28 64
0.365776 50 35 28 63
0.379883 50 33 30 63
0.388963 50 38 25 63
0.399823 50 34 28 62
0.409384 50 35 27 62
0.418239 50 32 29 61
0.42796 50 35 26 61
0.439917 50 38 23 61
0.44833 50 37 23 60
0.459667 50 35 25 60
0.4666 50 33 26 59
0.474953 50 33 26 59
0.488098 50 35 22 57
0.499086 50 33 23 56
0.508781 50 35 21 56
0.517989 50 38 17 55
0.52877 50 34 20 54
0.538599 50 35 18 53
0.547322 50 31 21 52
0.557009 50 36 15 51
0.569361 50 35 16 51
0.576299 50 37 14 51
0.588485 50 35 16 51
0.598911 50 34 16 50
0.60837 50 30 20 50
0.616866 50 33 17 50
0.629674 50 31 17 48
0.636319 50 34 14 48
0.647215 50 32 15 47
0.658565 50 32 15 47
0.669995 50 32 15 47
0.678208 50 34 13 47
0.688112 50 31 15 46
0.699123 50 27 18 45
0.709953 50 28 16 44
0.718311 50 25 19 44
0.726722 50 29 15 44
0.739261 50 28 15 43
0.748848 50 29 13 42
0.758762 50 31 11 42
0.768175 50 29 13 42
0.779526 50 28 14 42
0.788542 50 29 12 41
0.798258 50 29 12 41
0.808774 50 31 10 41
0.819107 50 29 12 41
0.828505 50 30 11 41
0.838282 50 27 13 40
0.846124 50 27 12 39
0.859605 50 28 10 38
0.869195 50 27 11 38
0.878479 50 26 11 37
0.888668 50 23 13 36
0.899529 50 24 11 35
0.907782 50 25 10 35
0.919953 50 25 10 35
0.925973 50 24 11 35
0.938625 50 23 12 35
0.948776 50 24 10 34
0.953393 50 25 9 34
0.96618 50 24 10 34
0.977277 50 21 13 34
0.987291 50 22 12 34
0.997884 50 22 12 34
1.00962 50 25 9 34
1.01902 50 26 8 34
1.02942 50 26 8 34
1.03582 50 27 7 34
1.0447 50 26 8 34
1.05843 50 25 8 33
1.06508 50 25 8 33
1.07795 50 27 6 33
1.08633 50 26 6 32
1.09425 50 27 4 31
1.10986 50 24 7 31
1.11976 50 22 8 30
1.12876 50 19 10 29
1.13628 50 23 6 29
1.14827 50 24 5 29
1.15802 50 21 8 29
1.16641 50 18 10 28
1.17897 50 21 7 28
1.18821 50 19 8 27
1.20982 50 19 7 26
1.21943 50 20 5 25
1.22804 50 19 6 25
1.2367 50 17 8 25
1.24897 50 17 8 25
1.25623 50 18 7 25
1.26016 50 19 6 25
1.27687 50 20 5 25
1.28916 50 19 6 25
1.2983 50 18 6 24
1.30952 50 17 7 24
1.31678 50 18 6 24
1.32926 50 16 8 24
1.33936 50 15 9 24
1.34838 50 18 6 24
1.35872 50 18 6 24
1.36976 50 18 4 22
1.37873 50 18 3 21
1.38858 50 18 2 20
1.39827 50 16 4 20
1.4044 50 14 5 19
1.41477 50 17 2 19
1.42874 50 16 3 19
1.43959 50 16 3 19
1.44645 50 17 1 18
1.45462 50 16 2 18
1.46963 50 14 4 18
1.47981 50 12 6 18
1.48921 50 13 4 17
1.49764 50 13 4 17
1.50891 50 13 4 17
1.51725 50 14 2 16
1.52058 50 15 1 16
1.55955 50 13 3 16
1.56578 50 14 2 16
1.57474 50 14 2 16
1.58653 50 13 3 16
1.59039 50 14 2 16
1.60789 50 15 1 16
1.61749 50 11 4 15
1.62801 50 10 5 15
1.63798 50 13 2 15
1.64569 50 14 1 15
1.65933 50 12 3 15
1.66958 50 12 3 15
1.67824 50 12 3 15
1.68649 50 11 4 15
1.69853 50 11 4 15
1.70904 50 12 3 15
1.71811 50 12 3 15
1.7298 50 13 2 15
1.73479 50 12 3 15
1.74702 50 12 3 15
1.75798 50 12 2 14
1.76038 50 13 1 14
1.77868 50 12 2 14
1.78993 50 10 3 13
1.79959 50 9 4 13
1.80863 50 9 4 13
1.81792 50 10 3 13
1.84568 50 12 1 13
1.8654 50 11 1 12
1.87946 50 10 2 12
1.88955 50 8 3 11
1.8985 50 8 3 11
1.90921 50 8 3 11
1.91981 50 9 2 11
1.92196 50 8 3 11
1.93651 50 10 1 11
1.9442 50 9 1 10
1.96469 50 10 0 10
1.99317 50 10 0 10
2.00033 50 9 1 10
2.01884 50 8 2 10
2.02983 50 10 0 10
2.03867 50 9 1 10
2.0426 50 10 0 10
2.05382 50 10 0 10
2.06853 50 8 2 10
2.07768 50 9 0 9
2.08918 50 7 2 9
2.09605 50 8 1 9
2.12641 50 5 4 9
2.13642 50 5 3 8
2.14171 50 4 4 8
2.15904 50 5 2 7
2.16106 50 7 0 7
2.19441 50 6 1 7
2.20807 50 7 0 7
2.23974 50 6 1 7
2.24675 50 5 2 7
2.25952 50 5 2 7
2.26248 50 6 1 7
2.27831 50 6 1 7
2.28565 50 7 0 7
2.31859 50 6 1 7
2.32946 50 7 0 7
2.33672 50 6 1 7
2.34926 50 5 2 7
2.36773 50 4 2 6
2.37553 50 5 1 6
2.38451 50 3 3 6
2.40666 50 4 1 5
2.41851 50 1 4 5
2.42523 50 2 3 5
2.43953 50 3 2 5
2.44472 50 3 2 5
2.45989 50 2 3 5
2.46044 50 3 2 5
2.47984 50 4 1 5
2.49897 50 3 2 5
2.50657 50 4 1 5
2.5581 50 4 0 4
2.5864 50 3 1 4
2.64218 50 4 0 4
2.65439 50 3 1 4
2.68993 50 3 1 4
2.69069 50 4 0 4
2.72121 50 3 1 4
2.75566 50 4 0 4
2.77378 50 4 0 4
2.81877 50 3 1 4
2.86533 50 2 2 4
2.87474 50 3 1 4
2.90683 50 2 2 4
2.91643 50 4 0 4
2.96954 50 3 1 4
2.97314 50 4 0 4
2.98486 50 3 1 4
3.02856 50 3 1 4
3.03637 50 2 2 4
3.04076 50 3 1 4
3.05507 50 2 2 4
3.06685 50 4 0 4
3.10849 50 3 1 4
3.11321 50 3 1 4
3.15392 50 4 0 4
3.20335 50 3 1 4
3.23835 50 4 0 4
3.25754 50 3 1 4
3.27099 50 2 2 4
3.28073 50 3 1 4
3.29393 50 4 0 4
3.3488 50 2 2 4
3.35242 50 3 1 4
3.36576 50 2 2 4
3.37488 50 3 1 4
3.38838 50 4 0 4
3.4089 50 3 1 4
3.41789 50 3 1 4
3.44962 50 4 0 4
3.47216 50 3 1 4
3.4878 50 2 2 4
3.49819 50 3 1 4
3.50686 50 4 0 4
3.51266 50 3 1 4
3.52615 50 4 0 4
3.5351 50 3 1 4
3.54637 50 2 2 4
3.55234 50 3 1 4
3.56529 50 4 0 4
3.58196 50 3 1 4
3.60419 50 4 0 4
3.6198 50 3 1 4
3.62827 50 4 0 4
3.63387 50 3 1 4
3.65661 50 2 2 4
3.6839 50 3 1 4
3.69988 50 2 2 4
3.70839 50 3 1 4
3.71858 50 4 0 4
3.77558 50 3 1 4
3.82419 50 1 3 4
3.83931 50 1 3 4
3.8637 50 2 2 4
3.87227 50 3 1 4
3.91921 50 3 1 4
3.9323 50 4 0 4
3.94837 50 4 0 4
3.95333 50 3 1 4
3.98834 50 3 1 4
3.99588 50 4 0 4
4.02938 50 3 1 4
4.03644 50 2 2 4
4.04285 50 3 1 4
4.05585 50 4 0 4
4.06729 50 3 1 4
4.0834 50 4 0 4
4.12555 50 3 1 4
4.14534 50 4 0 4
4.16127 50 3 0 3
4.17143 50 3 0 3
4.20747 50 2 1 3
4.21765 50 1 2 3
4.22686 50 2 1 3
4.24126 50 3 0 3
4.26081 50 2 1 3
4.27994 50 1 2 3
4.30627 50 3 0 3
4.34882 50 3 0 3
4.38633 50 2 1 3
4.39773 50 3 0 3
4.40968 50 3 0 3
4.49077 50 2 1 3
4.51341 50 1 2 3
4.52967 50 2 1 3
4.60164 50 3 0 3
4.63795 50 3 0 3
4.68447 50 2 1 3
4.69059 50 3 0 3
4.75699 50 3 0 3
4.87089 50 2 1 3
4.88272 50 3 0 3
4.90179 50 2 1 3
4.91459 50 3 0 3
4.95904 50 3 0 3
4.9792 50 2 1 3
4.98143 50 1 2 3
4.99919 50 2 1 3
5.00859 50 3 0 3
5.02937 50 2 1 3
5.03725 50 1 2 3
5.05365 50 2 1 3
5.07053 50 3 0 3
5.13498 50 2 1 3
5.14841 50 3 0 3
5.1746 50 2 1 3
5.19548 50 3 0 3
5.25969 50 2 1 3
5.26911 50 3 0 3
5.37511 50 2 1 3
5.38499 50 3 0 3
5.39925 50 2 1 3
5.42841 50 1 2 3
5.43753 50 2 1 3
5.44682 50 2 1 3
5.45384 50 1 2 3
5.46915 50 2 1 3
5.51943 50 3 0 3
5.53981 50 2 1 3
5.58228 50 3 0 3
5.66775 50 2 1 3
5.67735 50 3 0 3
5.7194 50 2 1 3
5.72445 50 3 0 3
5.77181 50 2 1 3
5.79467 50 1 1 2
5.84513 50 0 2 2
5.85778 50 2 0 2
5.86328 50 1 1 2
5.88156 50 2 0 2
5.96032 50 2 0 2
6.20881 50 1 1 2
6.21024 50 0 2 2
6.22223 50 1 1 2
6.23987 50 1 1 2
6.24127 50 2 0 2
6.30212 50 2 0 2
6.33436 50 2 0 2
6.41927 50 1 1 2
6.43933 50 0 2 2
6.44899 50 1 1 2
6.45692 50 2 0 2
6.4892 50 1 1 2
6.50883 50 2 0 2
6.60734 50 1 1 2
6.61535 50 2 0 2
6.63366 50 2 0 2
6.65897 50 1 1 2
6.68261 50 1 0 1
6.71445 50 0 1 1
6.7486 50 1 0 1
6.81968 50 0 1 1
6.83867 50 1 0 1
7.11731 50 0 1 1
7.165 50 1 0 1
7.56312 50 0 1 1
7.5796 50 1 0 1
7.63425 50 0 1 1
7.7137 50 1 0 1
7.78034 50 1 0 1
7.88722 50 0 1 1
7.8951 50 1 0 1
7.91364 50 0 1 1
7.94133 50 1 0 1
7.95359 50 0 1 1
7.99252 50 1 0 1
8.00986 50 0 1 1
8.03547 50 1 0 1
8.12754 50 1 0 1
8.28086 50 0 1 1
8.30782 50 1 0 1
8.33593 50 0 1 1
8.36796 50 1 0 1
8.38676 50 0 1 1
8.40101 50 1 0 1
8.46163 50 1 0 1
8.48971 50 0 1 1
8.49834 50 1 0 1
8.87266 50 0 1 1
8.90631 50 1 0 1
8.92827 50 0 1 1
8.95318 50 1 0 1
8.98602 50 1 0 1
9.13314 50 0 1 1
9.19479 50 1 0 1
9.24754 50 1 0 1
9.29802 50 0 1 1
9.30031 50 1 0 1
9.47374 50 1 0 1
9.56618 50 0 1 1
9.60211 50 1 0 1
9.71096 50 0 1 1
9.72528 50 1 0 1
9.75226 50 0 1 1
9.77141 50 1 0 1
9.98862 50 0 1 1
9.99977 50 1 0 1
10.4231 50 0 1 1
