0.00990289 50 22 77 99
0.0184238 50 33 65 98
0.028935 50 38 59 97
0.0399089 50 39 58 97
0.0488669 50 40 56 96
0.0595337 50 41 55 96
0.0690029 50 45 51 96
0.0797927 50 42 54 96
0.0880073 50 43 53 96
0.0997264 50 42 52 94
0.108053 50 43 49 92
0.119609 50 42 49 91
0.128428 50 38 52 90
0.138979 50 41 49 90
0.149028 50 43 46 89
0.158735 50 38 50 88
0.169531 50 39 48 87
0.179456 50 40 45 85
0.188639 50 40 44 84
0.198153 50 43 39 82
0.2089 50 44 38 82
0.21842 50 42 39 81
0.228865 50 39 40 79
0.239524 50 40 38 78
0.249713 50 41 37 78
0.259362 50 40 35 75
0.266349 50 38 37 75
0.276775 50 39 35 74
0.289515 50 42 32 74
0.298175 50 38 36 74
0.309625 50 40 32 72
0.31917 50 39 32 71
0.328425 50 35 36 71
0.339211 50 32 38 70
0.349121 50 34 36 70
0.359809 50 34 36 70
0.369643 50 32 36 68
0.377402 50 32 36 68
0.38517 50 35 33 68
0.399974 50 35 33 68
0.409672 50 31 35 66
0.41931 50 28 38 66
0.429185 50 31 35 66
0.439027 50 34 31 65
0.44889 50 40 24 64
0.459397 50 37 27 64
0.465741 50 39 25 64
0.479984 50 35 27 62
0.488934 50 36 26 62
0.4998 50 33 28 61
0.509991 50 38 23 61
0.519075 50 41 19 60
0.529434 50 39 20 59
0.539241 50 37 22 59
0.549576 50 34 23 57
0.559391 50 32 24 56
0.569907 50 34 22 56
0.579455 50 37 18 55
0.586874 50 35 19 54
0.59946 50 37 17 54
0.609907 50 36 18 54
0.619105 50 33 21 54
0.629296 50 36 18 54
0.6397 50 33 21 54
0.644776 50 35 19 54
0.654727 50 35 19 54
0.668519 50 34 20 54
0.678807 50 35 19 54
0.689963 50 32 20 52
0.699963 50 30 22 52
0.709419 50 30 22 52
0.719003 50 32 20 52
0.729737 50 35 17 52
0.73956 50 36 16 52
0.747467 50 34 17 51
0.758149 50 30 21 51
0.768605 50 36 14 50
0.777713 50 33 16 49
0.787063 50 33 16 49
0.798648 50 34 15 49
0.808422 50 37 11 48
0.817677 50 38 9 47
0.828355 50 38 9 47
0.837137 50 36 11 47
0.846841 50 30 16 46
0.858382 50 30 16 46
0.869008 50 30 16 46
0.879846 50 29 15 44
0.884634 50 31 11 42
0.899252 50 31 11 42
0.908556 50 30 12 42
0.919665 50 28 13 41
0.929861 50 27 14 41
0.935636 50 26 15 41
0.946074 50 29 12 41
0.957206 50 28 13 41
0.969738 50 27 13 40
0.979495 50 28 12 40
0.987336 50 28 12 40
0.996227 50 25 14 39
1.00921 50 28 11 39
1.01905 50 28 10 38
1.02959 50 25 13 38
1.03799 50 26 12 38
1.04905 50 26 12 38
1.05845 50 29 9 38
1.0698 50 27 10 37
1.07996 50 25 12 37
1.08951 50 23 13 36
1.09659 50 22 14 36
1.10901 50 22 14 36
1.11988 50 23 12 35
1.12946 50 24 11 35
1.13708 50 24 9 33
1.14808 50 25 7 32
1.15985 50 21 11 32
1.16788 50 23 8 31
1.17702 50 22 9 31
1.18915 50 18 12 30
1.19955 50 20 10 30
1.2077 50 22 7 29
1.22824 50 21 8 29
1.2377 50 23 6 29
1.24394 50 24 5 29
1.25833 50 25 3 28
1.26585 50 23 4 27
1.27634 50 22 5 27
1.28752 50 21 6 27
1.29545 50 23 4 27
1.30771 50 25 2 27
1.31989 50 25 2 27
1.32941 50 24 3 27
1.33959 50 23 3 26
1.35818 50 19 7 26
1.36827 50 18 8 26
1.37132 50 19 7 26
1.38988 50 21 5 26
1.39983 50 19 7 26
1.40882 50 20 5 25
1.41949 50 19 6 25
1.42622 50 19 6 25
1.4384 50 19 6 25
1.44631 50 21 3 24
1.45752 50 18 6 24
1.46975 50 16 8 24
1.47936 50 17 6 23
1.48389 50 16 7 23
1.49852 50 17 6 23
1.50836 50 18 5 23
1.51724 50 18 5 23
1.52744 50 17 5 22
1.53148 50 18 4 22
1.54882 50 19 3 22
1.55986 50 14 8 22
1.56765 50 17 5 22
1.57801 50 16 6 22
1.58935 50 16 5 21
1.59527 50 16 4 20
1.60747 50 16 4 20
1.61892 50 16 4 20
1.62944 50 13 7 20
1.63859 50 13 7 20
1.64823 50 13 7 20
1.65886 50 11 9 20
1.66876 50 13 7 20
1.6797 50 11 9 20
1.68774 50 12 8 20
1.69815 50 14 6 20
1.70938 50 14 6 20
1.71034 50 12 8 20
1.72727 50 16 4 20
1.73314 50 17 3 20
1.74948 50 18 2 20
1.76985 50 15 5 20
1.77766 50 16 4 20
1.78753 50 16 4 20
1.79527 50 15 5 20
1.80666 50 17 3 20
1.81878 50 18 2 20
1.82993 50 14 5 19
1.83384 50 16 3 19
1.8453 50 14 4 18
1.85861 50 15 3 18
1.86838 50 15 3 18
1.87955 50 13 4 17
1.8863 50 15 2 17
1.89569 50 14 2 16
1.90866 50 14 2 16
1.91416 50 11 5 16
1.92798 50 13 3 16
1.95475 50 11 5 16
1.96715 50 11 5 16
1.97802 50 12 3 15
1.98352 50 11 4 15
1.994 50 7 8 15
2.00602 50 7 8 15
2.01872 50 11 4 15
2.02281 50 11 4 15
2.03767 50 11 4 15
2.04882 50 12 3 15
2.05652 50 11 4 15
2.06919 50 11 4 15
2.07984 50 11 3 14
2.08861 50 9 5 14
2.09883 50 10 4 14
2.10715 50 9 5 14
2.11736 50 9 5 14
2.12807 50 11 2 13
2.13927 50 11 2 13
2.14305 50 10 3 13
2.15835 50 12 1 13
2.16138 50 11 2 13
2.17137 50 10 2 12
2.18186 50 10 2 12
2.19806 50 9 3 12
2.20942 50 8 4 12
2.2151 50 10 2 12
2.22835 50 10 2 12
2.24917 50 10 2 12
2.26757 50 9 3 12
2.29978 50 7 5 12
2.30078 50 8 4 12
2.31892 50 11 1 12
2.32553 50 9 3 12
2.33306 50 11 1 12
2.34934 50 11 1 12
2.35801 50 10 2 12
2.36927 50 10 2 12
2.37827 50 8 3 11
2.38002 50 9 2 11
2.39694 50 10 1 11
2.41661 50 9 2 11
2.42918 50 9 2 11
2.44638 50 7 4 11
2.45282 50 7 3 10
2.46771 50 7 3 10
2.47869 50 6 4 10
2.48066 50 8 2 10
2.49727 50 8 2 10
2.5066 50 9 1 10
2.51957 50 7 3 10
2.52877 50 6 3 9
2.53925 50 9 0 9
2.54066 50 8 1 9
2.55938 50 7 2 9
2.56954 50 8 1 9
2.57199 50 7 2 9
2.58439 50 6 3 9
2.59119 50 5 4 9
2.60876 50 6 3 9
2.61895 50 5 4 9
2.62805 50 5 4 9
2.63613 50 8 1 9
2.64884 50 9 0 9
2.67538 50 8 1 9
2.68856 50 7 2 9
2.6999 50 5 4 9
2.71521 50 7 2 9
2.72001 50 6 3 9
2.73226 50 7 2 9
2.75994 50 6 3 9
2.76986 50 6 3 9
2.79017 50 7 2 9
2.80782 50 6 3 9
2.81078 50 7 2 9
2.82929 50 6 3 9
2.84657 50 6 3 9
2.85776 50 6 3 9
2.86873 50 5 4 9
2.8796 50 6 3 9
2.88486 50 9 0 9
2.90562 50 7 2 9
2.92515 50 6 3 9
2.93475 50 6 3 9
2.95767 50 5 4 9
2.96194 50 6 3 9
2.97223 50 7 2 9
2.98221 50 7 2 9
2.99797 50 5 4 9
3.02804 50 6 3 9
3.03149 50 7 2 9
3.05285 50 9 0 9
3.06909 50 7 2 9
3.07783 50 7 2 9
3.08974 50 5 2 7
3.09031 50 6 1 7
3.10755 50 5 2 7
3.13551 50 5 2 7
3.1456 50 4 3 7
3.15791 50 5 2 7
3.16212 50 4 3 7
3.17901 50 4 3 7
3.1855 50 5 2 7
3.19043 50 6 1 7
3.20709 50 3 3 6
3.21727 50 2 4 6
3.22818 50 3 3 6
3.23948 50 5 1 6
3.27702 50 4 2 6
3.28988 50 4 1 5
3.31532 50 4 1 5
3.32328 50 4 1 5
3.33456 50 5 0 5
3.37067 50 4 1 5
3.38532 50 3 2 5
3.40121 50 4 1 5
3.41595 50 4 0 4
3.46403 50 2 2 4
3.47775 50 1 3 4
3.48616 50 1 3 4
3.49994 50 1 3 4
3.50822 50 4 0 4
3.54782 50 3 1 4
3.5853 50 4 0 4
3.59616 50 2 1 3
3.61357 50 0 2 2
3.62837 50 0 1 1
3.65754 50 1 0 1
3.77679 50 1 0 1
3.83275 50 0 1 1
3.84317 50 1 0 1
4.1008 50 0 1 1
4.11705 50 1 0 1
4.13684 50 0 0 0
22.141 50 0 0 0
