0.00899098 50 22 76 98
0.0197355 50 33 65 98
0.0299709 50 41 56 97
0.0398992 50 37 58 95
0.0496934 50 44 51 95
0.0594199 50 45 48 93
0.0698004 50 43 49 92
0.0796862 50 42 50 92
0.089527 50 44 47 91
0.0963255 50 42 48 90
0.108886 50 46 44 90
0.119739 50 42 48 90
0.129502 50 42 47 89
0.138405 50 41 47 88
0.149746 50 41 45 86
0.159752 50 42 44 86
0.169978 50 37 48 85
0.179803 50 37 48 85
0.189767 50 38 46 84
0.199314 50 40 43 83
0.20976 50 39 44 83
0.215639 50 41 42 83
0.228791 50 40 43 83
0.239818 50 38 45 83
0.249801 50 39 43 82
0.258592 50 40 42 82
0.268405 50 39 43 82
0.279225 50 38 42 80
0.288312 50 38 41 79
0.295014 50 37 42 79
0.309703 50 37 42 79
0.31991 50 37 42 79
0.32921 50 39 40 79
0.338681 50 38 40 78
0.348534 50 35 41 76
0.358078 50 37 38 75
0.369995 50 39 35 74
0.379747 50 38 36 74
0.389601 50 33 40 73
0.399483 50 37 36 73
0.40975 50 36 36 72
0.419684 50 36 35 71
0.425966 50 39 31 70
0.439803 50 39 31 70
0.449274 50 35 35 70
0.458467 50 38 31 69
0.46975 50 33 36 69
0.478894 50 35 34 69
0.487891 50 35 33 68
0.499442 50 31 36 67
0.507407 50 34 33 67
0.517441 50 35 30 65
0.529904 50 36 28 64
0.538819 50 34 29 63
0.549597 50 30 33 63
0.559833 50 34 29 63
0.568104 50 33 30 63
0.579658 50 37 25 62
0.589663 50 39 22 61
0.599947 50 35 25 60
0.607707 50 37 23 60
0.619225 50 38 22 60
0.629097 50 39 21 60
0.639654 50 39 20 59
0.649718 50 37 22 59
0.659207 50 34 24 58
0.668889 50 29 28 57
0.679859 50 29 26 55
0.687729 50 29 26 55
0.699186 50 31 23 54
0.709857 50 32 22 54
0.718712 50 32 21 53
0.728231 50 34 19 53
0.739205 50 33 20 53
0.748456 50 29 21 50
0.759151 50 33 17 50
0.769674 50 30 20 50
0.779988 50 30 19 49
0.78984 50 29 20 49
0.799942 50 33 16 49
0.80924 50 33 16 49
0.819636 50 30 19 49
0.828647 50 27 21 48
0.839935 50 29 19 48
0.848542 50 29 18 47
0.859115 50 31 16 47
0.867564 50 32 13 45
0.879776 50 32 12 44
0.889816 50 29 14 43
0.899625 50 27 15 42
0.905008 50 30 12 42
0.919626 50 30 12 42
0.929646 50 26 16 42
0.939775 50 27 15 42
0.947523 50 27 14 41
0.958314 50 25 16 41
0.96886 50 23 16 39
0.978703 50 23 16 39
0.983763 50 25 14 39
0.999963 50 25 14 39
1.0072 50 28 11 39
1.01926 50 29 9 38
1.02964 50 29 9 38
1.03983 50 23 14 37
1.04947 50 28 9 37
1.05917 50 28 8 36
1.06769 50 31 5 36
1.07547 50 28 7 35
1.08629 50 26 9 35
1.09802 50 24 10 34
1.10963 50 25 9 34
1.11997 50 25 9 34
1.12852 50 27 7 34
1.13643 50 25 9 34
1.14801 50 25 9 34
1.15886 50 22 12 34
1.1678 50 22 12 34
1.1772 50 18 16 34
1.18904 50 20 13 33
1.19852 50 23 10 33
1.20922 50 16 15 31
1.21367 50 17 13 30
1.22584 50 20 10 30
1.23547 50 18 11 29
1.24794 50 17 12 29
1.25736 50 16 13 29
1.26783 50 21 8 29
1.27917 50 19 9 28
1.28599 50 21 6 27
1.29171 50 22 5 27
1.30697 50 16 10 26
1.31508 50 18 7 25
1.32646 50 16 9 25
1.33364 50 19 6 25
1.34989 50 18 7 25
1.35658 50 19 6 25
1.36909 50 17 7 24
1.37569 50 17 7 24
1.38876 50 17 7 24
1.39516 50 17 7 24
1.40861 50 14 9 23
1.41366 50 15 8 23
1.42913 50 15 8 23
1.4388 50 15 7 22
1.44997 50 17 5 22
1.45879 50 16 6 22
1.46025 50 17 5 22
1.47993 50 18 4 22
1.4857 50 17 5 22
1.49803 50 17 5 22
1.5053 50 18 4 22
1.51836 50 19 3 22
1.5264 50 16 5 21
1.53788 50 19 2 21
1.54417 50 19 2 21
1.55278 50 20 1 21
1.56926 50 16 5 21
1.57969 50 14 7 21
1.58746 50 15 5 20
1.59519 50 16 4 20
1.60896 50 14 6 20
1.61943 50 17 3 20
1.627 50 16 4 20
1.63863 50 14 6 20
1.6449 50 14 6 20
1.65887 50 17 3 20
1.66696 50 17 3 20
1.67732 50 17 3 20
1.68846 50 16 4 20
1.69859 50 14 6 20
1.70883 50 13 7 20
1.71891 50 16 4 20
1.72893 50 17 3 20
1.73397 50 15 5 20
1.74549 50 17 3 20
1.75992 50 14 5 19
1.76474 50 17 2 19
1.77583 50 19 0 19
1.78831 50 18 1 19
1.80915 50 15 4 19
1.81841 50 12 7 19
1.82609 50 14 5 19
1.83665 50 12 7 19
1.84944 50 11 8 19
1.85879 50 11 8 19
1.86843 50 9 9 18
1.87922 50 8 10 18
1.88763 50 11 7 18
1.89779 50 11 6 17
1.90824 50 9 7 16
1.91958 50 11 5 16
1.92971 50 10 5 15
1.93409 50 11 4 15
1.94414 50 11 3 14
1.95465 50 12 1 13
1.96972 50 8 5 13
1.97875 50 8 4 12
1.98655 50 9 3 12
1.99958 50 9 2 11
2.01539 50 7 4 11
2.02597 50 5 6 11
2.03785 50 6 5 11
2.04855 50 5 5 10
2.05921 50 8 2 10
2.06147 50 8 2 10
2.0835 50 9 1 10
2.10021 50 10 0 10
2.13651 50 8 2 10
2.14869 50 8 2 10
2.15748 50 9 1 10
2.16633 50 9 1 10
2.17426 50 8 2 10
2.18939 50 8 2 10
2.19888 50 7 3 10
2.20773 50 10 0 10
2.24817 50 8 2 10
2.25747 50 7 3 10
2.26723 50 7 3 10
2.27573 50 7 3 10
2.2831 50 9 1 10
2.29854 50 9 1 10
2.30517 50 7 3 10
2.31956 50 6 4 10
2.32574 50 5 5 10
2.33677 50 6 4 10
2.34879 50 4 5 9
2.35815 50 7 1 8
2.37773 50 8 0 8
2.38479 50 7 1 8
2.39457 50 8 0 8
2.40963 50 7 1 8
2.41222 50 8 0 8
2.43735 50 8 0 8
2.45784 50 7 1 8
2.46043 50 8 0 8
2.50437 50 7 1 8
2.51253 50 6 2 8
2.52982 50 8 0 8
2.54222 50 7 0 7
2.55775 50 6 1 7
2.57919 50 6 1 7
2.58469 50 5 1 6
2.60673 50 6 0 6
2.65993 50 6 0 6
2.67718 50 5 1 6
2.68483 50 4 2 6
2.69594 50 4 1 5
2.71814 50 4 1 5
2.73074 50 3 2 5
2.75527 50 3 1 4
2.77508 50 3 1 4
2.78397 50 2 2 4
2.80393 50 3 1 4
2.85441 50 4 0 4
2.87681 50 3 1 4
2.88758 50 4 0 4
2.94386 50 3 1 4
2.95724 50 4 0 4
2.9897 50 4 0 4
2.99973 50 3 1 4
3.00048 50 2 2 4
3.01731 50 3 1 4
3.05136 50 4 0 4
3.06684 50 3 1 4
3.07519 50 1 3 4
3.08565 50 1 3 4
3.09693 50 2 2 4
3.1079 50 4 0 4
3.1147 50 3 1 4
3.12523 50 3 1 4
3.13175 50 4 0 4
3.1523 50 2 2 4
3.16537 50 1 3 4
3.17311 50 2 2 4
3.19648 50 3 1 4
3.20826 50 2 2 4
3.21926 50 2 2 4
3.24231 50 3 1 4
3.25441 50 4 0 4
3.31098 50 3 1 4
3.33646 50 2 2 4
3.34093 50 3 1 4
3.3528 50 4 0 4
3.37611 50 2 2 4
3.38804 50 4 0 4
3.41042 50 3 1 4
3.42596 50 4 0 4
3.43616 50 3 1 4
3.45527 50 3 1 4
3.46342 50 3 1 4
3.48791 50 2 2 4
3.50944 50 1 2 3
3.52142 50 2 1 3
3.54897 50 3 0 3
3.55822 50 2 1 3
3.59534 50 1 2 3
3.60009 50 2 1 3
3.658 50 3 0 3
3.68758 50 2 1 3
3.69599 50 3 0 3
3.71546 50 3 0 3
3.72894 50 3 0 3
3.82228 50 3 0 3
3.83038 50 2 1 3
3.84306 50 3 0 3
3.86372 50 2 1 3
3.88718 50 2 1 3
3.90925 50 3 0 3
3.91939 50 2 1 3
3.92395 50 1 2 3
3.93892 50 3 0 3
3.95953 50 2 1 3
3.96249 50 3 0 3
4.01187 50 2 0 2
4.06006 50 1 1 2
4.07139 50 0 1 1
4.08169 50 1 0 1
4.31479 50 0 1 1
4.3278 50 0 0 0
5.70752 50 0 0 0
10.9979 50 0 0 0
