0.00953058 50 22 77 99
0.01922 50 33 64 97
0.0290551 50 39 57 96
0.0396637 50 41 55 96
0.0499153 50 39 56 95
0.0597295 50 39 52 91
0.0689537 50 42 48 90
0.0764009 50 42 48 90
0.0886573 50 43 43 86
0.0989926 50 37 47 84
0.109592 50 37 45 82
0.11878 50 36 44 80
0.128967 50 38 42 80
0.138561 50 38 42 80
0.149856 50 34 46 80
0.159227 50 33 46 79
0.169732 50 36 40 76
0.177005 50 38 37 75
0.189438 50 39 35 74
0.195784 50 40 34 74
0.207447 50 36 38 74
0.216427 50 38 36 74
0.229003 50 40 32 72
0.239689 50 38 33 71
0.247656 50 40 31 71
0.259959 50 40 30 70
0.269804 50 41 28 69
0.27945 50 39 30 69
0.289025 50 35 34 69
0.29925 50 35 34 69
0.309951 50 36 32 68
0.316667 50 36 31 67
0.329786 50 35 32 67
0.339695 50 38 29 67
0.349284 50 41 26 67
0.359549 50 39 27 66
0.368757 50 39 26 65
0.379325 50 41 24 65
0.387641 50 39 26 65
0.399275 50 41 23 64
0.40892 50 42 22 64
0.419292 50 44 20 64
0.426971 50 42 22 64
0.439616 50 39 24 63
0.449207 50 37 26 63
0.459305 50 34 28 62
0.467323 50 33 29 62
0.479839 50 35 26 61
0.488438 50 37 24 61
0.499794 50 36 25 61
0.509838 50 35 25 60
0.518784 50 33 26 59
0.529603 50 32 27 59
0.539752 50 35 24 59
0.549231 50 36 23 59
0.55809 50 37 22 59
0.569605 50 35 20 55
0.577654 50 34 20 54
0.587202 50 35 19 54
0.599264 50 39 15 54
0.608247 50 37 16 53
0.618087 50 36 16 52
0.626722 50 36 16 52
0.637201 50 34 17 51
0.647726 50 33 17 50
0.659275 50 30 20 50
0.666817 50 33 17 50
0.679689 50 34 16 50
0.689927 50 34 16 50
0.697841 50 34 16 50
0.708375 50 34 15 49
0.71783 50 32 17 49
0.729511 50 31 18 49
0.739197 50 32 17 49
0.748888 50 33 15 48
0.758105 50 32 16 48
0.769776 50 33 15 48
0.779949 50 33 15 48
0.788949 50 31 17 48
0.799679 50 29 19 48
0.809947 50 29 18 47
0.818754 50 34 13 47
0.829316 50 34 13 47
0.839826 50 30 17 47
0.849266 50 27 19 46
0.859914 50 28 17 45
0.869805 50 25 19 44
0.879112 50 25 19 44
0.888675 50 24 18 42
0.89712 50 24 18 42
0.908815 50 27 14 41
0.918592 50 30 10 40
0.92958 50 29 11 40
0.939948 50 24 15 39
0.948404 50 26 12 38
0.959326 50 24 13 37
0.965494 50 26 10 36
0.973943 50 26 10 36
0.987884 50 26 10 36
0.999806 50 27 8 35
1.00885 50 24 11 35
1.01996 50 22 13 35
1.02913 50 23 10 33
1.03642 50 26 7 33
1.04715 50 26 6 32
1.05891 50 23 9 32
1.06891 50 23 9 32
1.07628 50 24 8 32
1.08865 50 24 8 32
1.09998 50 25 6 31
1.10881 50 24 6 30
1.11997 50 22 6 28
1.12809 50 19 8 27
1.1373 50 17 9 26
1.14739 50 14 12 26
1.15843 50 18 8 26
1.16964 50 16 9 25
1.17534 50 16 9 25
1.1895 50 17 8 25
1.19937 50 20 3 23
1.20682 50 19 4 23
1.21943 50 20 3 23
1.22986 50 17 6 23
1.23625 50 16 6 22
1.24917 50 19 3 22
1.25622 50 16 6 22
1.26379 50 17 5 22
1.27128 50 18 4 22
1.28985 50 17 5 22
1.29662 50 17 4 21
1.30829 50 18 3 21
1.31175 50 16 4 20
1.32107 50 15 4 19
1.33887 50 14 5 19
1.34562 50 11 7 18
1.35937 50 15 3 18
1.36927 50 14 4 18
1.37593 50 14 4 18
1.38959 50 15 2 17
1.39716 50 15 2 17
1.40988 50 11 4 15
1.41869 50 13 2 15
1.42792 50 13 2 15
1.43329 50 13 1 14
1.44414 50 11 3 14
1.45551 50 11 3 14
1.46921 50 11 3 14
1.48111 50 12 2 14
1.49263 50 11 3 14
1.50894 50 9 5 14
1.51651 50 11 3 14
1.52036 50 12 2 14
1.5393 50 9 5 14
1.54308 50 9 5 14
1.5695 50 10 4 14
1.57675 50 10 3 13
1.58904 50 9 4 13
1.59893 50 11 2 13
1.60762 50 9 4 13
1.6198 50 11 2 13
1.6296 50 10 3 13
1.63697 50 12 1 13
1.64367 50 13 0 13
1.6537 50 10 3 13
1.66996 50 11 2 13
1.6788 50 12 1 13
1.68194 50 11 2 13
1.69412 50 10 2 12
1.70777 50 9 3 12
1.71985 50 9 3 12
1.72488 50 9 2 11
1.73974 50 10 1 11
1.7583 50 9 2 11
1.76831 50 8 3 11
1.77499 50 10 1 11
1.78516 50 8 2 10
1.79913 50 9 1 10
1.80589 50 9 1 10
1.87865 50 9 1 10
1.88167 50 10 0 10
1.89614 50 9 1 10
1.90658 50 8 1 9
1.91719 50 9 0 9
1.94214 50 8 1 9
1.95785 50 7 2 9
1.96741 50 6 3 9
1.97119 50 7 2 9
2.01359 50 6 3 9
2.03685 50 6 3 9
2.04807 50 7 2 9
2.05726 50 8 1 9
2.06261 50 9 0 9
2.08975 50 7 2 9
2.09913 50 5 4 9
2.10516 50 6 3 9
2.12987 50 5 4 9
2.13709 50 6 3 9
2.14987 50 7 1 8
2.15867 50 8 0 8
2.18908 50 7 0 7
2.19774 50 6 1 7
2.20868 50 4 3 7
2.22304 50 5 2 7
2.23489 50 6 1 7
2.24732 50 7 0 7
2.25919 50 4 2 6
2.26357 50 5 1 6
2.27737 50 5 1 6
2.30982 50 4 2 6
2.31144 50 5 1 6
2.33289 50 6 0 6
2.37474 50 6 0 6
2.39767 50 4 2 6
2.40994 50 6 0 6
2.41429 50 5 1 6
2.42433 50 4 2 6
2.43825 50 6 0 6
2.4435 50 5 1 6
2.46871 50 6 0 6
2.47405 50 4 2 6
2.48215 50 3 3 6
2.51429 50 3 3 6
2.52922 50 4 2 6
2.53153 50 4 2 6
2.5406 50 5 1 6
2.55531 50 4 2 6
2.56012 50 3 3 6
2.57705 50 3 3 6
2.58985 50 1 3 4
2.6058 50 3 1 4
2.6202 50 4 0 4
2.66355 50 3 1 4
2.67771 50 3 1 4
2.69166 50 4 0 4
2.70102 50 3 0 3
2.71135 50 2 1 3
2.73725 50 3 0 3
2.74822 50 2 1 3
2.79836 50 3 0 3
2.80929 50 2 1 3
2.82929 50 3 0 3
2.85453 50 2 1 3
2.86353 50 3 0 3
2.87636 50 2 1 3
2.88172 50 3 0 3
2.90806 50 2 1 3
2.91516 50 3 0 3
2.92941 50 2 1 3
2.93646 50 3 0 3
2.96762 50 3 0 3
3.03875 50 2 1 3
3.04009 50 3 0 3
3.08245 50 2 1 3
3.10341 50 2 1 3
3.16695 50 3 0 3
3.18554 50 3 0 3
3.24272 50 2 1 3
3.2719 50 3 0 3
3.28805 50 2 0 2
3.32609 50 2 0 2
3.36395 50 1 1 2
3.38759 50 2 0 2
3.46812 50 1 1 2
3.47185 50 2 0 2
3.57871 50 2 0 2
3.72182 50 1 1 2
3.73912 50 0 1 1
3.76624 50 1 0 1
4.02454 50 0 1 1
4.10545 50 1 0 1
4.30592 50 0 1 1
4.35465 50 1 0 1
4.36742 50 0 1 1
4.43939 50 0 1 1
4.45981 50 1 0 1
4.4748 50 0 1 1
4.51517 50 1 0 1
5.09236 50 0 1 1
5.15688 50 1 0 1
5.1666 50 0 1 1
5.1765 50 1 0 1
5.22729 50 0 1 1
5.3252 50 1 0 1
5.48878 50 0 1 1
5.49856 50 0 0 0
18.6568 50 0 0 0
