0.00848495 50 25 75 100
0.0192127 50 31 69 100
0.0277777 50 39 61 100
0.0378891 50 41 58 99
0.049957 50 40 59 99
0.0596859 50 40 58 98
0.0694111 50 38 59 97
0.0787122 50 39 57 96
0.0887986 50 40 56 96
0.098758 50 44 52 96
0.109123 50 41 54 95
0.117571 50 41 51 92
0.129666 50 42 49 91
0.139841 50 40 49 89
0.148571 50 42 47 89
0.1577 50 44 44 88
0.169238 50 39 49 88
0.178296 50 40 48 88
0.189322 50 43 43 86
0.198595 50 42 44 86
0.209937 50 44 42 86
0.219945 50 39 45 84
0.229935 50 37 46 83
0.239208 50 39 44 83
0.247384 50 40 43 83
0.257924 50 44 38 82
0.267554 50 42 39 81
0.2787 50 43 38 81
0.289761 50 42 38 80
0.296971 50 40 39 79
0.308474 50 46 32 78
0.31984 50 42 34 76
0.329153 50 42 34 76
0.33839 50 40 35 75
0.349713 50 38 36 74
0.359905 50 37 36 73
0.368425 50 37 36 73
0.379357 50 35 38 73
0.388213 50 36 37 73
0.399379 50 36 37 73
0.406225 50 39 34 73
0.419774 50 35 38 73
0.426555 50 39 34 73
0.439683 50 33 39 72
0.447451 50 32 38 70
0.45959 50 36 34 70
0.468461 50 37 33 70
0.479716 50 34 36 70
0.488971 50 31 39 70
0.499967 50 32 37 69
0.509972 50 34 35 69
0.518008 50 33 35 68
0.529293 50 38 30 68
0.539224 50 38 30 68
0.548611 50 36 31 67
0.555117 50 31 35 66
0.56921 50 28 38 66
0.579427 50 28 36 64
0.589394 50 33 31 64
0.599907 50 31 32 63
0.608454 50 37 26 63
0.617588 50 38 24 62
0.626516 50 34 28 62
0.639993 50 34 27 61
0.648503 50 33 28 61
0.659381 50 37 22 59
0.664604 50 38 21 59
0.679506 50 37 21 58
0.688809 50 39 19 58
0.69959 50 36 21 57
0.709888 50 36 21 57
0.719045 50 33 22 55
0.729464 50 29 25 54
0.739261 50 29 25 54
0.746785 50 35 19 54
0.759627 50 35 19 54
0.767327 50 35 18 53
0.779383 50 31 22 53
0.789151 50 35 18 53
0.798322 50 36 17 53
0.809623 50 36 17 53
0.817913 50 37 16 53
0.829838 50 35 18 53
0.838269 50 34 19 53
0.849429 50 29 23 52
0.857314 50 31 20 51
0.868632 50 32 19 51
0.879914 50 34 17 51
0.88387 50 36 15 51
0.899694 50 37 14 51
0.906514 50 34 16 50
0.919578 50 36 13 49
0.929089 50 33 16 49
0.934956 50 32 17 49
0.948352 50 33 15 48
0.9594 50 31 17 48
0.965826 50 34 14 48
0.979463 50 34 14 48
0.989997 50 32 16 48
0.999108 50 31 16 47
1.00992 50 33 14 47
1.01943 50 33 13 46
1.02848 50 33 12 45
1.03956 50 34 11 45
1.04933 50 32 12 44
1.05909 50 35 8 43
1.06861 50 35 8 43
1.07743 50 34 9 43
1.08888 50 30 12 42
1.09709 50 29 12 41
1.10981 50 28 13 41
1.11482 50 31 10 41
1.12907 50 30 11 41
1.13889 50 28 13 41
1.14851 50 26 15 41
1.15434 50 24 17 41
1.16795 50 24 17 41
1.17977 50 25 16 41
1.18912 50 28 13 41
1.19684 50 27 13 40
1.20786 50 27 13 40
1.21974 50 26 14 40
1.22821 50 27 13 40
1.23785 50 30 10 40
1.24944 50 25 15 40
1.25892 50 23 16 39
1.26993 50 20 19 39
1.27963 50 17 21 38
1.28542 50 21 17 38
1.29825 50 27 9 36
1.30969 50 24 11 35
1.3195 50 21 14 35
1.32978 50 23 11 34
1.33647 50 24 10 34
1.34939 50 25 9 34
1.35741 50 23 11 34
1.36918 50 25 9 34
1.37903 50 26 8 34
1.38991 50 25 9 34
1.39906 50 24 10 34
1.40887 50 24 9 33
1.41358 50 25 8 33
1.42349 50 26 7 33
1.43809 50 26 7 33
1.44838 50 26 7 33
1.45612 50 25 8 33
1.46898 50 22 11 33
1.47875 50 21 11 32
1.4889 50 23 8 31
1.49817 50 21 10 31
1.5088 50 23 7 30
1.51975 50 24 6 30
1.52254 50 23 6 29
1.53891 50 21 7 28
1.54906 50 23 4 27
1.55423 50 20 7 27
1.56765 50 18 9 27
1.579 50 18 6 24
1.5864 50 18 5 23
1.59615 50 18 4 22
1.60972 50 16 6 22
1.61843 50 15 7 22
1.62351 50 17 5 22
1.6382 50 16 5 21
1.64698 50 14 5 19
1.65815 50 15 4 19
1.66848 50 15 4 19
1.6758 50 15 4 19
1.68698 50 15 4 19
1.70952 50 18 1 19
1.71414 50 17 2 19
1.72792 50 16 3 19
1.73544 50 15 4 19
1.74891 50 16 3 19
1.75178 50 17 2 19
1.76709 50 15 4 19
1.77485 50 16 3 19
1.78813 50 13 5 18
1.79553 50 16 2 18
1.80969 50 17 1 18
1.81093 50 16 2 18
1.82639 50 16 2 18
1.83792 50 16 1 17
1.86879 50 16 1 17
1.87865 50 15 2 17
1.88968 50 13 4 17
1.89847 50 12 5 17
1.90739 50 13 4 17
1.9184 50 11 5 16
1.92421 50 10 6 16
1.93971 50 8 8 16
1.94925 50 10 6 16
1.9573 50 13 3 16
1.96197 50 14 2 16
1.97435 50 14 2 16
1.98984 50 14 2 16
1.99708 50 13 3 16
2.00352 50 12 4 16
2.01449 50 9 7 16
2.02834 50 11 5 16
2.03648 50 11 5 16
2.04817 50 12 4 16
2.05961 50 13 3 16
2.06397 50 14 2 16
2.07065 50 15 1 16
2.08948 50 13 3 16
2.09946 50 12 4 16
2.10322 50 14 2 16
2.11839 50 11 5 16
2.12488 50 12 4 16
2.13039 50 14 2 16
2.14937 50 14 2 16
2.15712 50 15 1 16
2.16853 50 15 1 16
2.18936 50 14 2 16
2.21937 50 15 1 16
2.22635 50 14 2 16
2.23938 50 12 4 16
2.24447 50 13 3 16
2.25758 50 14 2 16
2.27 50 13 2 15
2.27232 50 12 3 15
2.28641 50 10 5 15
2.29878 50 10 5 15
2.30672 50 11 4 15
2.31946 50 12 3 15
2.32545 50 13 2 15
2.33539 50 11 3 14
2.34792 50 13 1 14
2.36911 50 14 0 14
2.37775 50 12 2 14
2.38887 50 12 2 14
2.39057 50 11 3 14
2.419 50 10 4 14
2.42767 50 11 3 14
2.44539 50 13 1 14
2.45673 50 12 2 14
2.46812 50 10 4 14
2.47815 50 10 4 14
2.48432 50 10 4 14
2.49599 50 12 2 14
2.50342 50 10 3 13
2.51982 50 11 2 13
2.52647 50 10 3 13
2.53964 50 12 1 13
2.54308 50 13 0 13
2.56737 50 12 1 13
2.58233 50 10 3 13
2.59426 50 11 2 13
2.6017 50 10 3 13
2.61606 50 8 4 12
2.62754 50 9 3 12
2.63535 50 9 3 12
2.64527 50 10 2 12
2.65867 50 8 3 11
2.66393 50 10 1 11
2.70928 50 10 1 11
2.71775 50 7 4 11
2.72658 50 7 4 11
2.73734 50 7 4 11
2.74895 50 8 3 11
2.75907 50 8 2 10
2.76387 50 9 1 10
2.77482 50 8 2 10
2.79864 50 8 2 10
2.80407 50 9 1 10
2.82991 50 9 1 10
2.83997 50 7 2 9
2.86899 50 7 2 9
2.87795 50 8 1 9
2.88668 50 6 3 9
2.89674 50 8 1 9
2.92285 50 9 0 9
2.97859 50 7 2 9
2.98943 50 8 1 9
2.9952 50 7 2 9
3.01906 50 6 2 8
3.02635 50 5 2 7
3.03841 50 5 2 7
3.04539 50 6 1 7
3.08542 50 5 2 7
3.09837 50 7 0 7
3.11746 50 4 3 7
3.12997 50 5 2 7
3.13115 50 6 1 7
3.15797 50 3 4 7
3.16213 50 3 4 7
3.17894 50 4 3 7
3.18298 50 5 2 7
3.19154 50 6 1 7
3.20396 50 7 0 7
3.22464 50 6 0 6
3.2617 50 5 1 6
3.3178 50 5 0 5
3.32764 50 4 1 5
3.33093 50 5 0 5
3.37668 50 4 1 5
3.39501 50 4 0 4
3.40424 50 3 1 4
3.43109 50 2 2 4
3.4429 50 1 3 4
3.46387 50 2 1 3
3.47963 50 3 0 3
3.52726 50 2 1 3
3.55819 50 2 1 3
3.56852 50 1 2 3
3.57638 50 2 1 3
3.5817 50 3 0 3
3.67732 50 2 1 3
3.68015 50 3 0 3
3.75399 50 2 1 3
3.86589 50 3 0 3
4.00421 50 3 0 3
4.0418 50 2 1 3
4.056 50 3 0 3
4.12221 50 3 0 3
4.15651 50 3 0 3
4.20597 50 2 1 3
4.21901 50 3 0 3
4.25336 50 2 1 3
4.26997 50 2 0 2
4.27868 50 2 0 2
4.29614 50 1 1 2
4.30544 50 2 0 2
4.31927 50 1 1 2
4.32689 50 2 0 2
4.36358 50 1 1 2
4.38272 50 1 1 2
4.39057 50 1 0 1
4.42145 50 0 0 0
44.6144 50 0 0 0
