0.00962514 50 27 73 100
0.0197318 50 34 64 98
0.0281586 50 36 61 97
0.0387449 50 41 56 97
0.0497792 50 40 57 97
0.059402 50 41 56 97
0.0681307 50 44 51 95
0.0794294 50 43 51 94
0.087904 50 41 52 93
0.0997825 50 39 54 93
0.10994 50 41 51 92
0.119157 50 39 52 91
0.129677 50 39 51 90
0.139601 50 40 50 90
0.14969 50 45 45 90
0.159022 50 43 47 90
0.169293 50 39 50 89
0.178708 50 37 51 88
0.188662 50 42 46 88
0.19902 50 46 41 87
0.209462 50 45 41 86
0.219826 50 44 41 85
0.228823 50 43 42 85
0.237934 50 42 42 84
0.249377 50 37 47 84
0.259429 50 40 44 84
0.268219 50 40 42 82
0.279088 50 41 40 81
0.288408 50 46 35 81
0.299649 50 44 36 80
0.30869 50 41 39 80
0.319829 50 39 40 79
0.328262 50 40 38 78
0.339633 50 41 35 76
0.349293 50 41 34 75
0.35967 50 33 41 74
0.369147 50 35 37 72
0.378446 50 35 37 72
0.389303 50 37 35 72
0.39735 50 38 34 72
0.408852 50 39 33 72
0.419799 50 41 31 72
0.425874 50 39 33 72
0.439531 50 39 30 69
0.449739 50 41 26 67
0.459729 50 41 26 67
0.468534 50 42 25 67
0.478852 50 36 29 65
0.488637 50 32 32 64
0.496052 50 36 27 63
0.507583 50 34 29 63
0.519239 50 32 30 62
0.529507 50 33 29 62
0.539082 50 35 27 62
0.549574 50 34 28 62
0.558316 50 30 31 61
0.569921 50 35 26 61
0.575151 50 33 26 59
0.588006 50 33 25 58
0.599958 50 31 26 57
0.608314 50 31 26 57
0.619879 50 31 26 57
0.629484 50 35 22 57
0.638822 50 37 20 57
0.64806 50 39 16 55
0.654949 50 38 17 55
0.669822 50 35 20 55
0.679937 50 34 18 52
0.686616 50 38 13 51
0.697466 50 35 15 50
0.709286 50 34 15 49
0.718903 50 32 17 49
0.729805 50 28 20 48
0.739859 50 27 21 48
0.749787 50 29 18 47
0.758392 50 32 14 46
0.76873 50 31 15 46
0.778515 50 29 17 46
0.789783 50 28 18 46
0.798525 50 29 17 46
0.809423 50 30 13 43
0.819668 50 30 12 42
0.829464 50 26 15 41
0.837929 50 28 13 41
0.849509 50 26 14 40
0.859957 50 22 18 40
0.868243 50 21 19 40
0.877317 50 23 16 39
0.889115 50 21 17 38
0.899148 50 26 12 38
0.90954 50 24 14 38
0.919053 50 29 9 38
0.925121 50 29 9 38
0.939071 50 28 10 38
0.946876 50 27 11 38
0.951938 50 27 10 37
0.969453 50 25 11 36
0.974714 50 27 8 35
0.988726 50 28 7 35
0.997603 50 26 9 35
1.00992 50 24 10 34
1.01973 50 22 11 33
1.02989 50 22 11 33
1.03997 50 24 9 33
1.04363 50 24 8 32
1.05916 50 22 10 32
1.06795 50 22 9 31
1.07995 50 22 8 30
1.08458 50 22 8 30
1.09757 50 21 9 30
1.1091 50 24 6 30
1.11827 50 25 5 30
1.12894 50 27 3 30
1.13675 50 28 2 30
1.14965 50 28 2 30
1.15951 50 23 7 30
1.16499 50 21 9 30
1.1787 50 18 12 30
1.18978 50 17 13 30
1.19935 50 19 11 30
1.20979 50 17 12 29
1.21598 50 19 10 29
1.22872 50 18 11 29
1.23821 50 19 10 29
1.24983 50 19 10 29
1.25898 50 22 7 29
1.26632 50 21 7 28
1.27867 50 24 4 28
1.28846 50 23 5 28
1.29841 50 24 4 28
1.30901 50 23 5 28
1.31712 50 21 7 28
1.32998 50 19 9 28
1.33629 50 25 3 28
1.34199 50 26 2 28
1.35946 50 24 4 28
1.3685 50 22 5 27
1.37205 50 23 4 27
1.38712 50 21 6 27
1.39854 50 22 5 27
1.40865 50 18 9 27
1.41353 50 16 11 27
1.4256 50 18 9 27
1.43893 50 18 9 27
1.44998 50 15 11 26
1.45854 50 18 8 26
1.46906 50 15 11 26
1.47864 50 13 12 25
1.48914 50 17 8 25
1.49971 50 17 8 25
1.50987 50 22 3 25
1.51574 50 20 5 25
1.52776 50 21 4 25
1.53729 50 21 4 25
1.54907 50 19 6 25
1.55849 50 22 3 25
1.56971 50 20 5 25
1.57876 50 20 5 25
1.58546 50 22 2 24
1.59999 50 19 4 23
1.60911 50 16 6 22
1.61095 50 15 7 22
1.62891 50 18 4 22
1.63947 50 17 4 21
1.65 50 16 5 21
1.66 50 15 6 21
1.66222 50 13 8 21
1.67917 50 14 5 19
1.6846 50 14 5 19
1.69943 50 13 4 17
1.70965 50 15 2 17
1.715 50 12 5 17
1.72857 50 12 5 17
1.73995 50 11 6 17
1.74773 50 11 6 17
1.75792 50 12 5 17
1.76689 50 11 6 17
1.77884 50 11 6 17
1.78846 50 13 4 17
1.79504 50 11 6 17
1.80905 50 13 4 17
1.81462 50 15 2 17
1.82218 50 16 1 17
1.8382 50 15 1 16
1.85988 50 14 2 16
1.86845 50 14 2 16
1.87907 50 15 1 16
1.88831 50 16 0 16
1.8984 50 15 1 16
1.90193 50 14 2 16
1.91303 50 13 2 15
1.92675 50 14 0 14
1.94759 50 12 1 13
1.95102 50 12 1 13
1.96899 50 13 0 13
1.97744 50 12 1 13
1.98653 50 10 3 13
1.99874 50 12 1 13
2.01634 50 11 2 13
2.02459 50 11 2 13
2.03933 50 10 2 12
2.04859 50 7 4 11
2.05944 50 9 2 11
2.07853 50 10 1 11
2.0817 50 10 1 11
2.09871 50 10 1 11
2.10463 50 9 2 11
2.11469 50 10 1 11
2.1258 50 9 2 11
2.13906 50 10 1 11
2.14974 50 9 1 10
2.15824 50 7 2 9
2.16381 50 9 0 9
2.19771 50 8 1 9
2.2065 50 8 1 9
2.22004 50 9 0 9
2.23972 50 7 2 9
2.25806 50 7 2 9
2.26449 50 8 1 9
2.27044 50 7 2 9
2.28811 50 7 2 9
2.29449 50 4 4 8
2.30886 50 6 1 7
2.31146 50 6 1 7
2.33275 50 6 1 7
2.35752 50 5 2 7
2.38392 50 4 3 7
2.39235 50 6 1 7
2.41448 50 7 0 7
2.42478 50 7 0 7
2.4395 50 6 1 7
2.44746 50 7 0 7
2.45697 50 6 1 7
2.46009 50 7 0 7
2.47731 50 6 1 7
2.48412 50 7 0 7
2.49575 50 6 1 7
2.51654 50 7 0 7
2.57711 50 6 1 7
2.58917 50 5 2 7
2.59168 50 4 2 6
2.60897 50 2 4 6
2.61169 50 3 3 6
2.63102 50 4 2 6
2.64601 50 4 2 6
2.65242 50 3 3 6
2.66683 50 3 3 6
2.67551 50 4 2 6
2.68107 50 5 1 6
2.6987 50 4 1 5
2.70153 50 3 2 5
2.71389 50 4 1 5
2.72694 50 4 1 5
2.74993 50 5 0 5
2.75812 50 4 0 4
2.77185 50 3 1 4
2.78118 50 4 0 4
2.81167 50 3 1 4
2.83748 50 4 0 4
2.90958 50 3 1 4
2.96212 50 4 0 4
2.97552 50 3 1 4
2.98891 50 3 1 4
2.9905 50 4 0 4
3.00296 50 3 1 4
3.06296 50 4 0 4
3.09868 50 3 1 4
3.10597 50 4 0 4
3.13663 50 3 1 4
3.14647 50 1 3 4
3.15662 50 2 2 4
3.16344 50 1 3 4
3.17994 50 2 2 4
3.18825 50 3 1 4
3.19995 50 3 1 4
3.20345 50 4 0 4
3.27281 50 3 1 4
3.28932 50 4 0 4
3.29122 50 3 1 4
3.30563 50 4 0 4
3.33319 50 3 1 4
3.34279 50 3 1 4
3.37709 50 2 2 4
3.40977 50 2 2 4
3.41789 50 4 0 4
3.45908 50 2 2 4
3.46693 50 1 3 4
3.47249 50 2 2 4
3.49657 50 3 1 4
3.5005 50 3 0 3
3.51988 50 1 1 2
3.54683 50 2 0 2
3.6317 50 1 1 2
3.64467 50 2 0 2
3.69383 50 1 1 2
3.71317 50 2 0 2
3.77784 50 1 1 2
3.79869 50 0 2 2
3.80078 50 0 1 1
3.82955 50 0 1 1
3.89733 50 1 0 1
4.20616 50 0 1 1
4.21025 50 1 0 1
4.25956 50 1 0 1
4.34923 50 1 0 1
4.74252 50 0 1 1
4.76297 50 1 0 1
4.85127 50 0 1 1
4.86646 50 1 0 1
4.96514 50 0 0 0
40.0978 50 0 0 0
