0.00987818 50 26 73 99
0.0193509 50 32 67 99
0.0299686 50 39 58 97
0.0341171 50 43 54 97
0.0499621 50 38 58 96
0.058903 50 42 52 94
0.068614 50 41 53 94
0.0797924 50 38 56 94
0.0899822 50 40 54 94
0.0982185 50 38 52 90
0.109672 50 39 50 89
0.119328 50 39 49 88
0.128717 50 37 48 85
0.139161 50 38 47 85
0.149817 50 41 44 85
0.159793 50 44 41 85
0.169194 50 43 40 83
0.177382 50 46 37 83
0.188276 50 44 38 82
0.199912 50 44 37 81
0.207699 50 45 36 81
0.21905 50 44 36 80
0.228621 50 45 34 79
0.235078 50 43 36 79
0.24995 50 39 40 79
0.258398 50 40 39 79
0.269165 50 40 38 78
0.271591 50 40 38 78
0.287862 50 42 34 76
0.296917 50 39 37 76
0.308888 50 38 36 74
0.319768 50 36 38 74
0.329871 50 42 32 74
0.337071 50 42 32 74
0.349429 50 38 36 74
0.358366 50 37 35 72
0.367462 50 37 35 72
0.375619 50 42 30 72
0.389563 50 40 31 71
0.397286 50 43 28 71
0.406869 50 40 29 69
0.415375 50 40 29 69
0.428667 50 41 27 68
0.43992 50 41 27 68
0.449768 50 41 25 66
0.45903 50 41 25 66
0.4687 50 42 24 66
0.478973 50 35 30 65
0.489536 50 35 29 64
0.498496 50 35 29 64
0.509719 50 34 30 64
0.517746 50 38 25 63
0.528016 50 35 28 63
0.539559 50 34 28 62
0.549005 50 37 25 62
0.558085 50 37 24 61
0.569712 50 34 26 60
0.576506 50 35 24 59
0.589428 50 32 27 59
0.599806 50 32 27 59
0.609855 50 33 25 58
0.619867 50 30 24 54
0.629944 50 31 22 53
0.639138 50 31 22 53
0.649064 50 32 21 53
0.657519 50 32 20 52
0.669768 50 27 25 52
0.679581 50 26 25 51
0.689589 50 28 22 50
0.699894 50 27 23 50
0.709611 50 28 20 48
0.71769 50 28 19 47
0.729537 50 29 18 47
0.737972 50 31 16 47
0.749663 50 33 14 47
0.759894 50 34 12 46
0.768256 50 31 13 44
0.779018 50 32 12 44
0.788785 50 28 16 44
0.796336 50 28 16 44
0.809935 50 33 11 44
0.81874 50 34 10 44
0.826781 50 32 12 44
0.839813 50 30 13 43
0.846181 50 31 12 43
0.859995 50 32 11 43
0.867154 50 30 13 43
0.876352 50 32 11 43
0.889165 50 32 11 43
0.899832 50 30 12 42
0.909028 50 29 13 42
0.919382 50 31 11 42
0.92996 50 30 11 41
0.936882 50 32 9 41
0.949628 50 29 12 41
0.958215 50 26 14 40
0.968868 50 27 12 39
0.979304 50 32 7 39
0.989273 50 31 8 39
0.99989 50 29 10 39
1.00855 50 31 8 39
1.0169 50 30 9 39
1.02858 50 31 8 39
1.03931 50 25 14 39
1.0478 50 27 12 39
1.05732 50 29 9 38
1.06964 50 30 8 38
1.07604 50 29 9 38
1.08892 50 27 11 38
1.09976 50 31 6 37
1.10697 50 28 9 37
1.11746 50 25 10 35
1.12726 50 22 12 34
1.1392 50 24 10 34
1.14979 50 27 7 34
1.15764 50 26 8 34
1.16648 50 25 9 34
1.17875 50 26 7 33
1.18746 50 26 7 33
1.19993 50 28 5 33
1.20741 50 26 5 31
1.21934 50 24 7 31
1.2282 50 23 7 30
1.23393 50 22 7 29
1.24988 50 23 6 29
1.25991 50 22 7 29
1.26351 50 22 6 28
1.27949 50 23 5 28
1.2854 50 22 6 28
1.29606 50 21 7 28
1.30934 50 21 7 28
1.3198 50 19 9 28
1.32931 50 19 9 28
1.33831 50 18 10 28
1.34827 50 22 6 28
1.3594 50 24 3 27
1.36226 50 23 4 27
1.37774 50 21 5 26
1.38861 50 25 1 26
1.39571 50 22 3 25
1.40796 50 22 2 24
1.417 50 21 3 24
1.42954 50 21 2 23
1.43521 50 21 2 23
1.4478 50 19 4 23
1.45795 50 16 7 23
1.46952 50 14 9 23
1.47964 50 16 7 23
1.48939 50 17 6 23
1.49546 50 18 4 22
1.50961 50 18 3 21
1.51916 50 15 4 19
1.52653 50 13 6 19
1.53967 50 15 4 19
1.54843 50 14 5 19
1.559 50 14 5 19
1.56844 50 15 4 19
1.57459 50 14 5 19
1.58997 50 12 7 19
1.59696 50 14 5 19
1.60755 50 16 3 19
1.61848 50 15 3 18
1.62954 50 14 4 18
1.63929 50 12 6 18
1.64749 50 12 5 17
1.65992 50 11 6 17
1.66356 50 11 6 17
1.67835 50 11 6 17
1.68957 50 12 5 17
1.69624 50 15 2 17
1.70739 50 14 3 17
1.71261 50 16 1 17
1.7304 50 17 0 17
1.74793 50 16 1 17
1.75928 50 14 3 17
1.76639 50 16 1 17
1.77195 50 15 1 16
1.79282 50 14 2 16
1.80698 50 14 2 16
1.81425 50 12 4 16
1.8286 50 12 4 16
1.84724 50 12 4 16
1.85045 50 12 4 16
1.86675 50 14 2 16
1.88747 50 13 3 16
1.90367 50 13 3 16
1.91763 50 10 6 16
1.92848 50 13 2 15
1.93719 50 14 1 15
1.94679 50 13 2 15
1.95852 50 12 2 14
1.96523 50 11 3 14
1.97294 50 12 2 14
1.99447 50 11 2 13
2.00864 50 11 2 13
2.01069 50 10 3 13
2.02942 50 9 4 13
2.03891 50 13 0 13
2.04675 50 11 2 13
2.05679 50 11 2 13
2.06582 50 12 1 13
2.07876 50 10 3 13
2.08992 50 9 4 13
2.09781 50 10 3 13
2.10562 50 10 3 13
2.11604 50 10 2 12
2.12603 50 8 4 12
2.13884 50 7 5 12
2.14976 50 10 2 12
2.15993 50 8 3 11
2.16462 50 9 2 11
2.19675 50 8 3 11
2.21375 50 7 3 10
2.22262 50 7 3 10
2.23459 50 7 2 9
2.24204 50 6 3 9
2.27 50 6 3 9
2.28775 50 5 4 9
2.2921 50 4 4 8
2.3021 50 5 3 8
2.32837 50 6 1 7
2.33884 50 6 1 7
2.34618 50 6 1 7
2.35549 50 5 1 6
2.3764 50 5 0 5
2.41048 50 4 1 5
2.43958 50 5 0 5
2.44975 50 5 0 5
2.46468 50 4 0 4
2.4969 50 3 1 4
2.52123 50 4 0 4
2.58556 50 3 1 4
2.59263 50 4 0 4
2.62878 50 3 1 4
2.63687 50 2 2 4
2.64752 50 3 1 4
2.65726 50 4 0 4
2.67182 50 4 0 4
2.69813 50 3 1 4
2.70044 50 4 0 4
2.71625 50 3 1 4
2.727 50 3 1 4
2.75464 50 1 3 4
2.765 50 3 1 4
2.77869 50 2 2 4
2.78263 50 3 1 4
2.79416 50 4 0 4
2.80122 50 3 1 4
2.83266 50 4 0 4
2.88844 50 3 0 3
2.89996 50 3 0 3
2.91888 50 3 0 3
2.97225 50 2 1 3
2.99398 50 1 2 3
3.00552 50 1 2 3
3.018 50 0 3 3
3.02066 50 1 2 3
3.03198 50 2 1 3
3.04298 50 3 0 3
3.23681 50 2 1 3
3.25579 50 2 1 3
3.27586 50 3 0 3
3.33591 50 2 1 3
3.35085 50 3 0 3
3.38657 50 3 0 3
3.40978 50 2 1 3
3.41101 50 3 0 3
3.43697 50 3 0 3
3.44595 50 2 1 3
3.45662 50 3 0 3
3.46126 50 2 1 3
3.47768 50 2 1 3
3.493 50 3 0 3
3.51887 50 2 1 3
3.52251 50 3 0 3
3.53432 50 2 1 3
3.56276 50 1 2 3
3.57887 50 2 1 3
3.58355 50 2 1 3
3.59017 50 3 0 3
3.61486 50 3 0 3
3.63615 50 2 1 3
3.64655 50 3 0 3
3.68424 50 1 1 2
3.70268 50 2 0 2
3.71217 50 1 1 2
3.72868 50 2 0 2
3.74822 50 1 1 2
3.75128 50 2 0 2
3.79689 50 1 1 2
3.80589 50 2 0 2
3.84663 50 1 1 2
3.85095 50 2 0 2
3.92492 50 1 1 2
3.94384 50 1 1 2
3.95104 50 2 0 2
3.96588 50 2 0 2
3.98325 50 1 1 2
3.99127 50 2 0 2
4.01143 50 1 1 2
4.02498 50 1 1 2
4.03523 50 2 0 2
4.06239 50 1 0 1
4.125 50 1 0 1
4.14292 50 0 1 1
4.17278 50 1 0 1
4.55504 50 1 0 1
4.57067 50 0 1 1
4.6482 50 1 0 1
4.86867 50 0 1 1
4.89647 50 1 0 1
5.18133 50 0 1 1
5.20317 50 1 0 1
5.2952 50 0 1 1
5.30197 50 1 0 1
5.32537 50 1 0 1
5.33048 50 1 0 1
5.35035 50 0 0 0
56.24 50 0 0 0
