0.00875015 50 28 72 100
0.0198417 50 38 61 99
0.027487 50 41 56 97
0.0391153 50 41 54 95
0.0494301 50 46 48 94
0.0596342 50 41 52 93
0.0694837 50 44 49 93
0.0788761 50 44 47 91
0.0898974 50 43 47 90
0.0999401 50 41 49 90
0.107047 50 43 46 89
0.119748 50 42 47 89
0.127452 50 44 44 88
0.139583 50 41 46 87
0.149912 50 42 45 87
0.158364 50 43 43 86
0.169647 50 43 41 84
0.179559 50 39 45 84
0.186953 50 40 44 84
0.198796 50 44 40 84
0.207543 50 42 41 83
0.219423 50 42 40 82
0.228675 50 42 40 82
0.239508 50 37 43 80
0.248821 50 39 41 80
0.25997 50 40 40 80
0.269861 50 41 38 79
0.278651 50 43 34 77
0.289561 50 39 35 74
0.298648 50 39 35 74
0.309326 50 39 35 74
0.316946 50 36 37 73
0.329616 50 38 35 73
0.337928 50 39 34 73
0.349802 50 42 31 73
0.359016 50 39 33 72
0.369756 50 35 37 72
0.379532 50 38 33 71
0.389312 50 41 30 71
0.397317 50 44 27 71
0.407379 50 40 31 71
0.419837 50 38 33 71
0.428028 50 41 30 71
0.437715 50 45 26 71
0.449114 50 42 28 70
0.459633 50 36 32 68
0.469354 50 37 31 68
0.479671 50 38 29 67
0.487242 50 34 33 67
0.499824 50 38 28 66
0.509712 50 39 25 64
0.516976 50 38 26 64
0.529616 50 38 26 64
0.535496 50 37 27 64
0.54906 50 40 24 64
0.557306 50 38 25 63
0.56908 50 38 25 63
0.578579 50 37 24 61
0.58838 50 38 22 60
0.599969 50 33 25 58
0.60885 50 40 18 58
0.619273 50 39 18 57
0.62603 50 39 18 57
0.639849 50 36 20 56
0.64892 50 37 19 56
0.659722 50 34 19 53
0.669983 50 29 24 53
0.679631 50 31 22 53
0.68836 50 33 20 53
0.69779 50 32 20 52
0.709486 50 32 19 51
0.717319 50 33 18 51
0.729254 50 31 19 50
0.737464 50 27 22 49
0.748992 50 26 23 49
0.754961 50 31 18 49
0.768981 50 28 21 49
0.779793 50 30 19 49
0.789905 50 33 16 49
0.794515 50 35 14 49
0.809671 50 36 13 49
0.818617 50 35 14 49
0.826806 50 37 12 49
0.834529 50 36 13 49
0.849837 50 36 13 49
0.856213 50 34 14 48
0.864631 50 32 16 48
0.879625 50 33 14 47
0.889598 50 28 18 46
0.898325 50 30 16 46
0.908081 50 31 14 45
0.919021 50 30 14 44
0.925238 50 31 13 44
0.936448 50 30 14 44
0.943854 50 31 12 43
0.959537 50 32 11 43
0.969614 50 30 13 43
0.978932 50 30 12 42
0.988001 50 31 11 42
0.99898 50 29 12 41
1.00972 50 28 12 40
1.01247 50 28 12 40
1.02791 50 29 10 39
1.03871 50 26 13 39
1.04995 50 28 10 38
1.05448 50 27 11 38
1.06464 50 26 12 38
1.0787 50 27 11 38
1.08984 50 27 10 37
1.09757 50 28 9 37
1.10975 50 27 9 36
1.11778 50 24 12 36
1.12493 50 26 10 36
1.1393 50 23 12 35
1.14921 50 23 10 33
1.15893 50 22 11 33
1.16785 50 22 11 33
1.17984 50 23 9 32
1.18942 50 23 9 32
1.19559 50 21 11 32
1.20991 50 24 6 30
1.21778 50 23 6 29
1.22989 50 16 11 27
1.23809 50 19 7 26
1.24912 50 18 8 26
1.25854 50 18 8 26
1.26717 50 20 6 26
1.27159 50 21 5 26
1.28596 50 22 4 26
1.29401 50 23 3 26
1.30883 50 22 4 26
1.31841 50 21 5 26
1.3292 50 18 7 25
1.33941 50 17 8 25
1.34769 50 15 10 25
1.35897 50 17 8 25
1.36774 50 17 7 24
1.38752 50 18 6 24
1.39581 50 19 5 24
1.40593 50 19 5 24
1.41241 50 18 6 24
1.42943 50 17 7 24
1.43575 50 18 6 24
1.44723 50 16 7 23
1.45906 50 15 8 23
1.46996 50 12 10 22
1.47929 50 11 11 22
1.48741 50 13 9 22
1.49522 50 16 6 22
1.50413 50 17 5 22
1.51971 50 17 5 22
1.5292 50 16 5 21
1.53793 50 15 5 20
1.54974 50 14 6 20
1.55743 50 11 9 20
1.56905 50 12 8 20
1.57758 50 14 6 20
1.58151 50 13 6 19
1.59688 50 15 4 19
1.61882 50 16 2 18
1.62654 50 14 4 18
1.63835 50 15 3 18
1.6518 50 16 2 18
1.66212 50 17 1 18
1.67693 50 16 2 18
1.68488 50 16 2 18
1.69966 50 16 2 18
1.70416 50 16 2 18
1.71983 50 14 3 17
1.72434 50 15 2 17
1.73391 50 17 0 17
1.74923 50 15 1 16
1.75775 50 13 3 16
1.76862 50 13 3 16
1.77768 50 10 5 15
1.78873 50 13 2 15
1.79621 50 13 2 15
1.80932 50 12 2 14
1.81503 50 11 3 14
1.82129 50 12 2 14
1.83906 50 11 3 14
1.84242 50 12 2 14
1.85966 50 11 3 14
1.86938 50 12 2 14
1.87931 50 11 3 14
1.89941 50 13 1 14
1.90795 50 14 0 14
1.93652 50 11 2 13
1.9478 50 13 0 13
1.95586 50 12 1 13
1.96912 50 10 3 13
1.97811 50 11 2 13
1.98558 50 12 1 13
2.00249 50 11 1 12
2.01503 50 11 1 12
2.02421 50 9 3 12
2.03944 50 8 4 12
2.04438 50 8 4 12
2.0592 50 8 4 12
2.07863 50 8 4 12
2.0891 50 8 4 12
2.09917 50 8 4 12
2.10414 50 9 3 12
2.11692 50 10 2 12
2.12753 50 8 3 11
2.13157 50 7 4 11
2.14938 50 8 2 10
2.15649 50 8 2 10
2.16436 50 7 3 10
2.17917 50 8 2 10
2.18942 50 9 1 10
2.20769 50 9 1 10
2.21598 50 10 0 10
2.22384 50 8 2 10
2.23307 50 9 1 10
2.24398 50 10 0 10
2.25139 50 9 1 10
2.26143 50 10 0 10
2.27569 50 8 1 9
2.28997 50 8 1 9
2.30783 50 8 0 8
2.31763 50 7 1 8
2.32987 50 6 1 7
2.35826 50 6 1 7
2.36746 50 7 0 7
2.37537 50 6 1 7
2.38126 50 7 0 7
2.39784 50 6 1 7
2.41686 50 5 2 7
2.42193 50 6 1 7
2.43449 50 5 2 7
2.44317 50 6 1 7
2.4565 50 6 1 7
2.46247 50 7 0 7
2.47943 50 5 2 7
2.49681 50 6 1 7
2.50379 50 7 0 7
2.52261 50 6 1 7
2.54113 50 7 0 7
2.55477 50 5 2 7
2.56596 50 5 2 7
2.57183 50 6 1 7
2.60565 50 5 2 7
2.62947 50 4 3 7
2.63194 50 3 4 7
2.64799 50 5 2 7
2.66355 50 5 2 7
2.68008 50 4 3 7
2.70899 50 5 2 7
2.71525 50 6 0 6
2.82947 50 5 1 6
2.83725 50 4 2 6
2.85363 50 5 1 6
2.86949 50 5 1 6
2.87645 50 4 2 6
2.89574 50 3 3 6
2.91998 50 5 1 6
2.92377 50 6 0 6
2.94852 50 5 1 6
2.95666 50 4 2 6
2.96584 50 4 2 6
2.97011 50 5 1 6
2.98273 50 4 2 6
2.99527 50 3 3 6
3.00852 50 5 1 6
3.01609 50 4 2 6
3.02191 50 6 0 6
3.0463 50 6 0 6
3.05509 50 5 0 5
3.06674 50 4 1 5
3.07764 50 4 1 5
3.10749 50 5 0 5
3.13529 50 4 1 5
3.1489 50 5 0 5
3.1655 50 4 1 5
3.1749 50 5 0 5
3.19822 50 3 2 5
3.205 50 5 0 5
3.26849 50 4 1 5
3.27358 50 3 2 5
3.28483 50 3 2 5
3.29603 50 3 2 5
3.30411 50 4 1 5
3.31439 50 4 1 5
3.32626 50 3 2 5
3.3362 50 4 1 5
3.34446 50 3 2 5
3.35156 50 4 1 5
3.38817 50 5 0 5
3.42215 50 4 1 5
3.43205 50 5 0 5
3.44845 50 4 1 5
3.46567 50 4 1 5
3.47873 50 3 2 5
3.48571 50 4 1 5
3.49489 50 5 0 5
3.52627 50 4 0 4
3.5861 50 3 1 4
3.59976 50 4 0 4
3.7384 50 3 1 4
3.76084 50 4 0 4
3.77925 50 3 1 4
3.78904 50 2 2 4
3.79931 50 3 1 4
3.82606 50 4 0 4
3.85407 50 3 1 4
3.87478 50 4 0 4
3.889 50 2 2 4
3.91324 50 2 2 4
3.94294 50 1 3 4
3.97126 50 2 2 4
3.98964 50 1 1 2
3.99557 50 2 0 2
4.0078 50 1 1 2
4.01288 50 2 0 2
4.02354 50 2 0 2
4.12386 50 1 1 2
4.1481 50 2 0 2
4.2764 50 1 1 2
4.34217 50 2 0 2
4.40891 50 2 0 2
4.46067 50 1 1 2
4.47889 50 2 0 2
4.48528 50 1 1 2
4.49311 50 2 0 2
4.56472 50 1 1 2
4.5772 50 1 1 2
4.62077 50 2 0 2
4.6717 50 1 1 2
4.6873 50 2 0 2
4.71217 50 1 1 2
4.74096 50 2 0 2
4.82209 50 1 1 2
4.83144 50 2 0 2
4.86515 50 1 0 1
4.87324 50 0 1 1
4.88661 50 1 0 1
4.92395 50 0 1 1
4.95888 50 1 0 1
4.99279 50 0 1 1
5.00502 50 1 0 1
5.0178 50 0 0 0
20.968 50 0 0 0
