0.00984716 96.0 100.0 99.04 0.9467452300446223
0.0199302 93.0 100.0 98.02 1.4068346290411633
0.0297504 92.0 100.0 97.02 1.708203495978588
0.0397621 90.0 99.0 96.08 1.9466349825023799
0.0450769 90.0 99.0 94.92 2.0388071742755742
0.0585829 90.0 99.0 93.96 2.128139937089837
0.0687107 88.0 98.0 93.12 2.2098111471622297
0.079801 87.0 97.0 92.38 2.3895179259355532
0.0899466 85.0 96.0 91.2 2.649605284427344
0.0996037 84.0 96.0 90.4 2.7847983842311326
0.10961 82.0 95.0 89.64 2.9881398213331205
0.116972 80.0 95.0 88.76 2.9524116741873163
0.129922 80.0 94.0 87.7 3.058944729337694
0.139112 80.0 94.0 86.92 3.1547825695639453
0.148972 78.0 93.0 86.26 3.3613044115252007
0.159604 77.0 92.0 85.6 3.3502969713024497
0.166529 76.0 92.0 84.62 3.4338649611521666
0.179633 75.0 92.0 83.84 3.501369994264344
0.189414 74.0 91.0 83.16 3.5476925527699823
0.199919 74.0 91.0 82.36 3.5671974937173965
0.209998 74.0 91.0 81.7 3.5413015017830114
0.218869 74.0 90.0 80.9 3.6770107646382146
0.228371 72.0 89.0 80.14 3.875669790698198
0.239869 71.0 88.0 79.36 3.7566811231756803
0.249811 69.0 88.0 78.54 3.990856897398127
0.259803 69.0 86.0 77.84 3.898508348963585
0.268845 68.0 85.0 77.18 3.80488407933052
0.279687 67.0 84.0 76.5 3.688094469550167
0.289179 67.0 84.0 75.76 3.639690500410098
0.294362 66.0 84.0 75.22 3.6437813953560467
0.309416 64.0 84.0 74.38 3.88030085094926
0.319403 63.0 83.0 73.62 3.811315055066898
0.329716 63.0 83.0 73.02 3.862377400471563
0.339567 63.0 81.0 72.54 3.693402833403895
0.349082 62.0 79.0 71.96 3.52807978067043
0.359206 61.0 79.0 71.08 3.509985754956849
0.369635 60.0 79.0 70.46 3.6433333022138408
0.378813 60.0 78.0 69.86 3.6027767069303644
0.389344 59.0 77.0 69.1 3.351819487614305
0.399296 58.0 75.0 68.38 3.4040192330207995
0.408425 58.0 75.0 67.74 3.5387649177159455
0.417968 58.0 73.0 67.14 3.4759230164557056
0.429166 58.0 73.0 66.48 3.4180791837115843
0.439486 58.0 72.0 65.86 3.4107273746944062
0.44949 57.0 71.0 65.28 3.2578946500800803
0.458094 55.0 71.0 64.72 3.4878213771900177
0.469858 55.0 71.0 64.24 3.65088750742018
0.477548 55.0 70.0 63.58 3.5172461398320225
0.488348 53.0 70.0 62.94 3.650048923351185
0.49975 51.0 69.0 62.26 3.6801175668886517
0.508963 51.0 69.0 61.82 3.777970516625268
0.519379 51.0 68.0 61.2 3.730732816343027
0.528131 51.0 68.0 60.74 3.8269186197839353
0.535429 50.0 68.0 60.28 3.928129845312226
0.549886 48.0 67.0 59.68 4.18666493348896
0.557457 47.0 66.0 59.1 4.267819784654187
0.568137 46.0 66.0 58.54 4.286714169074833
0.579428 46.0 65.0 57.94 4.306663086285658
0.58969 46.0 65.0 57.4 4.2378277069118075
0.599862 44.0 65.0 56.84 4.418698672593965
0.606184 44.0 64.0 56.38 4.327840579507597
0.6191 44.0 64.0 55.88 4.378239325555049
0.629901 43.0 64.0 55.3 4.445818948455838
0.639987 43.0 64.0 54.78 4.409127823421011
0.649399 43.0 64.0 54.26 4.521197240753374
0.658547 43.0 64.0 53.6 4.481253468959463
0.669378 43.0 62.0 53.14 4.440123182700117
0.679541 43.0 61.0 52.64 4.2318520092946805
0.68983 42.0 61.0 52.2 4.347178301343696
0.694666 40.0 61.0 51.8 4.535573676110727
0.70458 40.0 61.0 51.32 4.568927887460726
0.718012 40.0 61.0 50.72 4.384760249885915
0.729995 39.0 59.0 50.34 4.359413928031882
0.736863 39.0 59.0 49.94 4.418929596125085
0.748579 39.0 59.0 49.4 4.44007721940573
0.757172 39.0 59.0 48.88 4.502334995106791
0.769117 39.0 59.0 48.14 4.379963656544773
0.778995 38.0 57.0 47.76 4.3026332705942405
0.787654 38.0 57.0 47.44 4.319674968876095
0.796963 37.0 55.0 47.0 4.337778985911136
0.809652 37.0 55.0 46.48 4.229343558848762
0.81727 37.0 55.0 46.04 4.237635074001555
0.827423 35.0 55.0 45.68 4.330433357208547
0.839235 35.0 54.0 45.22 4.277563678124285
0.847965 35.0 54.0 44.84 4.2202621061846335
0.854519 35.0 54.0 44.56 4.24821691286774
0.864365 34.0 53.0 44.02 4.358852123751698
0.879975 33.0 53.0 43.6 4.485805276602166
0.889372 33.0 53.0 43.24 4.5872938979448925
0.899603 33.0 53.0 42.74 4.539216870333292
0.908154 33.0 53.0 42.28 4.412597920518396
0.919747 33.0 52.0 41.92 4.256279874179674
0.929258 33.0 52.0 41.6 4.318918987951707
0.939334 33.0 52.0 41.14 4.356604182158393
0.946744 33.0 52.0 40.76 4.424237510692708
0.956378 33.0 52.0 40.16 4.752485923070114
0.96991 31.0 51.0 39.7 4.799022009211664
0.978886 31.0 51.0 39.4 4.981598792617913
0.987142 28.0 50.0 38.84 5.044131769306037
0.999219 27.0 50.0 38.5 5.083988471221213
1.00779 24.0 50.0 38.08 5.1063785641897255
1.01915 24.0 50.0 37.74 5.041906021191848
1.02957 24.0 49.0 37.24 4.901311777764922
1.03796 24.0 48.0 36.78 4.845742924443672
1.04939 23.0 48.0 36.38 4.865077552499727
1.05951 23.0 48.0 35.96 4.831698057872509
1.06911 23.0 48.0 35.7 4.916652254100863
1.07418 22.0 47.0 35.38 4.948262939906183
1.08836 22.0 47.0 35.02 4.987699154634615
1.09952 22.0 47.0 34.72 4.836257618769087
1.10761 22.0 46.0 34.4 4.7979587496419045
1.11957 22.0 46.0 34.06 4.846248285940331
1.12996 22.0 45.0 33.68 4.782792284933177
1.13948 21.0 44.0 33.26 4.711297754399762
1.14812 21.0 44.0 32.82 4.788123061177479
1.15965 21.0 44.0 32.64 4.8266268273621735
1.16827 20.0 44.0 32.38 4.940007436167253
1.17768 20.0 43.0 32.14 4.952880011484557
1.18648 20.0 43.0 31.62 4.85668065027705
1.19976 19.0 42.0 31.22 4.82886727749619
1.20961 19.0 42.0 30.86 4.8990211433780635
1.21884 19.0 42.0 30.56 4.978156367203278
1.22997 19.0 42.0 30.2 4.878106022561107
1.23736 19.0 41.0 29.84 4.846037725054672
1.2494 19.0 41.0 29.64 4.762780871786258
1.25579 19.0 41.0 29.34 4.779249364680181
1.2667 19.0 41.0 29.04 4.810532661753365
1.27853 19.0 41.0 28.64 4.719737107863842
1.28806 19.0 40.0 28.36 4.685017369775916
1.29965 19.0 40.0 28.14 4.673022882154854
1.30976 19.0 39.0 27.94 4.5012923314378535
1.31907 19.0 39.0 27.84 4.519165536120263
1.32908 19.0 39.0 27.62 4.544069918979178
1.33818 19.0 39.0 27.42 4.531477211052232
1.3464 18.0 39.0 27.14 4.531116905152996
1.35866 18.0 39.0 26.84 4.514647363452269
1.36811 18.0 39.0 26.58 4.477107302256488
1.37782 18.0 39.0 26.34 4.452057538546712
1.38652 17.0 39.0 26.02 4.423914602268365
1.3988 17.0 38.0 25.74 4.601729932030664
1.40919 15.0 37.0 25.38 4.663755165625438
1.41748 15.0 37.0 25.24 4.64037296178764
1.42855 15.0 36.0 25.02 4.582531160476129
1.43933 14.0 36.0 24.68 4.595650117230423
1.44828 14.0 33.0 24.46 4.468529411567167
1.45768 14.0 33.0 24.24 4.52458138778538
1.46815 14.0 33.0 24.08 4.539351747299859
1.47898 14.0 32.0 23.84 4.4417315983562915
1.48766 14.0 32.0 23.5 4.427419204946211
1.4987 14.0 32.0 23.34 4.405979239763221
1.50798 14.0 32.0 23.08 4.457692273829954
1.51873 14.0 30.0 22.76 4.415002253448936
1.5254 14.0 29.0 22.52 4.334201901440331
1.53998 13.0 29.0 22.16 4.292185590448897
1.54857 13.0 29.0 21.88 4.3548706018874626
1.55938 13.0 29.0 21.72 4.389412121857573
1.56919 13.0 28.0 21.52 4.394987868850941
1.5794 13.0 28.0 21.3 4.243843079289414
1.58511 13.0 28.0 21.02 4.103209296466882
1.59709 13.0 28.0 20.76 4.063576388013948
1.60737 13.0 28.0 20.52 4.056941644909879
1.61707 13.0 28.0 20.32 4.0780147230769845
1.62832 13.0 28.0 20.16 3.965977759876716
1.63327 13.0 28.0 19.94 3.950768460511376
1.6498 13.0 28.0 19.68 3.856825383760111
1.65601 13.0 28.0 19.5 3.9083897200869866
1.66954 13.0 28.0 19.38 3.82734521941403
1.67922 12.0 28.0 19.14 3.912356145885098
1.68991 12.0 28.0 19.0 3.822596617217043
1.69972 12.0 28.0 18.78 3.737782819822905
1.70927 11.0 28.0 18.6 3.7904283318347427
1.71442 11.0 28.0 18.4 3.697765458727081
1.72785 11.0 28.0 18.26 3.7187336005469303
1.73095 11.0 28.0 18.16 3.6831663396749117
1.74961 11.0 28.0 17.94 3.754779267405579
1.75708 10.0 28.0 17.7 3.8185904013210457
1.76916 10.0 27.0 17.52 3.861056215861253
1.77028 10.0 27.0 17.3 3.87693335574626
1.78226 10.0 27.0 17.08 3.8589413796310215
1.81034 10.0 27.0 16.94 3.798012369540636
1.82261 10.0 27.0 16.86 3.801235030237152
1.83937 9.0 27.0 16.64 3.7074662672031122
1.8479 9.0 27.0 16.46 3.7318813989072863
1.85736 9.0 26.0 16.36 3.657589258469774
1.86928 9.0 26.0 16.18 3.6122806408931503
1.87423 9.0 26.0 16.1 3.575711717366808
1.885 9.0 24.0 15.86 3.4934924926094184
1.89975 9.0 24.0 15.72 3.5169560122123698
1.90919 9.0 24.0 15.46 3.4238658184656043
1.91872 9.0 24.0 15.38 3.4100092764252303
1.92242 9.0 24.0 15.16 3.37070210090735
1.93866 9.0 24.0 14.9 3.4061768621618183
1.94906 8.0 24.0 14.72 3.4228523729993
1.96809 8.0 23.0 14.5 3.3273756282434617
1.98925 7.0 23.0 14.32 3.419273105709541
1.99859 7.0 23.0 14.22 3.352063026050114
2.00945 7.0 23.0 14.14 3.319761486391848
2.02696 6.0 23.0 13.98 3.4728686019673436
2.04931 6.0 23.0 13.84 3.501369994264344
2.05915 6.0 23.0 13.66 3.4735737052370554
2.06609 6.0 23.0 13.46 3.5004955917348477
2.07934 6.0 23.0 13.24 3.390021371313046
2.08781 6.0 22.0 12.98 3.3042335243855674
2.09987 6.0 22.0 12.88 3.2616510155040768
2.10083 6.0 22.0 12.66 3.3903223614113327
2.11749 6.0 22.0 12.5 3.4419382294733594
2.12756 6.0 22.0 12.46 3.4535400353130705
2.13704 5.0 22.0 12.22 3.4421753918955713
2.14826 4.0 22.0 12.1 3.500728787097956
2.15285 4.0 22.0 11.98 3.4846016959749986
2.16871 4.0 22.0 11.78 3.48928388653264
2.17813 4.0 22.0 11.68 3.5192763634657878
2.18768 4.0 22.0 11.54 3.5583187958727396
2.19826 3.0 22.0 11.46 3.654519148134489
2.20564 3.0 22.0 11.32 3.610867949252475
2.21917 3.0 21.0 11.28 3.5745129538362086
2.22807 3.0 21.0 11.28 3.5745129538362086
2.23914 3.0 21.0 11.14 3.510974049392875
2.24972 3.0 21.0 10.96 3.5106834034392325
2.25283 3.0 20.0 10.82 3.468164250047296
2.26965 3.0 20.0 10.6 3.45820526768863
2.27714 3.0 19.0 10.36 3.456788647733911
2.28633 3.0 19.0 10.24 3.5199721705764455
2.29987 3.0 19.0 10.14 3.499329381817176
2.30921 3.0 17.0 9.98 3.461095733069137
2.32845 3.0 17.0 9.82 3.3666430927981827
2.34598 3.0 17.0 9.68 3.3953148992849136
2.35258 3.0 17.0 9.6 3.3135467156409146
2.36057 3.0 17.0 9.42 3.3325237112006096
2.37859 3.0 17.0 9.34 3.360089891897634
2.3898 3.0 17.0 9.28 3.3929097740278737
2.39528 3.0 17.0 9.16 3.37070210090735
2.40879 3.0 17.0 9.04 3.380375537645219
2.41501 3.0 17.0 8.96 3.4044388791154194
2.42725 3.0 16.0 8.8 3.4226138716316967
2.4363 3.0 16.0 8.68 3.419273105709541
2.44489 3.0 16.0 8.56 3.43546925173139
2.46245 3.0 16.0 8.48 3.369975473779824
2.47074 3.0 16.0 8.34 3.4381414058369697
2.49474 2.0 16.0 8.28 3.476099150789927
2.50422 2.0 16.0 8.16 3.400840232312345
2.51042 2.0 16.0 7.96 3.3317275043534558
2.53962 2.0 16.0 7.88 3.3297667994584113
2.54904 2.0 16.0 7.76 3.242322171102756
2.56456 2.0 15.0 7.6 3.2007652146297256
2.61986 2.0 15.0 7.46 3.2338136959955133
2.62161 2.0 15.0 7.3 3.2087253493166004
2.64802 2.0 15.0 7.24 3.185169716427836
2.65738 2.0 15.0 7.2 3.1493439550069433
2.69155 2.0 15.0 7.04 3.1555587493197086
2.70972 2.0 15.0 6.94 3.0865739543238235
2.72373 2.0 15.0 6.86 3.0905385568584274
2.74336 2.0 15.0 6.82 3.0950256337338122
2.75689 1.0 15.0 6.74 3.154588494784791
2.78977 1.0 15.0 6.64 3.134794853815829
2.79494 1.0 15.0 6.5 3.1314728881118534
2.80937 1.0 15.0 6.46 3.1246877395009816
2.81752 1.0 15.0 6.36 3.0489877878752227
2.82996 1.0 15.0 6.24 3.0476488093784893
2.83606 1.0 15.0 6.18 3.127821175534568
2.85271 1.0 15.0 6.08 3.1353156271151796
2.86049 1.0 15.0 5.98 3.08710286217234
2.88987 1.0 15.0 5.88 3.0880943202260265
2.89415 1.0 15.0 5.82 3.081809698928239
2.91215 0.0 14.0 5.74 3.0426223920178073
2.92549 0.0 14.0 5.66 3.014319566499145
2.93075 1.0 14.0 5.673469387755102 2.946663049833099
2.94437 1.0 14.0 5.571428571428571 2.8939592256975564
2.95707 1.0 13.0 5.489795918367347 2.807151944732655
2.97447 1.0 13.0 5.448979591836735 2.8215039170168623
2.98889 1.0 13.0 5.346938775510204 2.8544630289554407
2.99034 1.0 13.0 5.224489795918367 2.8814442712701167
3.00738 1.0 13.0 5.142857142857143 2.886751345948129
3.01654 1.0 13.0 5.081632653061225 2.914309056862632
3.02606 1.0 12.0 5.0 2.850438562747845
3.10562 1.0 12.0 4.938775510204081 2.87524030347397
3.12886 1.0 12.0 4.775510204081633 2.8814442712701167
3.14664 1.0 12.0 4.653061224489796 2.810330796129429
3.15412 1.0 12.0 4.63265306122449 2.8187902070378557
3.16273 0.0 12.0 4.591836734693878 2.8498418621838972
3.1793 0.0 11.0 4.530612244897959 2.762110008794051
3.18735 0.0 11.0 4.387755102040816 2.767492295462117
3.21417 0.0 10.0 4.4375 2.6967770362005687
3.22862 0.0 10.0 4.425531914893617 2.6271548575785224
3.24607 0.0 10.0 4.276595744680851 2.618513747542383
3.26938 0.0 10.0 4.326086956521739 2.5824566067223405
3.27081 0.0 10.0 4.4772727272727275 2.473004352713765
3.2945 1.0 10.0 4.534883720930233 2.4431521131648792
3.31845 1.0 10.0 4.511627906976744 2.4627906453883126
3.32929 1.0 10.0 4.372093023255814 2.4399771253216747
3.34761 1.0 10.0 4.232558139534884 2.543312512886684
3.35774 0.0 10.0 4.069767441860465 2.6403043550860112
3.36689 0.0 9.0 3.9767441860465116 2.6321127860932165
3.37983 0.0 9.0 4.0476190476190474 2.5752327003771436
3.3828 0.0 9.0 3.975609756097561 2.4747505417521256
3.39565 1.0 9.0 4.0 2.449489742783178
3.40489 1.0 9.0 3.9 2.457849800338833
3.41491 1.0 9.0 3.825 2.3953748167709605
3.43308 1.0 9.0 3.725 2.4388679593362417
3.51167 1.0 9.0 3.65 2.3702212381861565
3.53501 1.0 9.0 3.525 2.353257425956734
3.61911 1.0 9.0 3.425 2.2519222557969996
3.70783 1.0 9.0 3.375 2.294782264404543
3.72666 1.0 9.0 3.325 2.302590514382242
3.75307 1.0 9.0 3.25 2.215909838025097
3.84175 0.0 9.0 3.175 2.1707555106873473
3.85242 0.0 9.0 3.15 2.154899010067466
3.8998 1.0 9.0 3.230769230769231 2.1208431598074444
3.90581 0.0 9.0 3.1794871794871793 2.162744295562747
3.91103 0.0 9.0 3.1025641025641026 2.2218398231488456
3.94451 0.0 9.0 3.076923076923077 2.2523042631774075
3.95185 0.0 8.0 3.081081081081081 2.0733544797739722
4.01958 1.0 8.0 3.257142857142857 1.9903126733795187
4.02779 1.0 8.0 3.2285714285714286 2.0012601072341205
4.03626 1.0 8.0 3.1714285714285713 1.9924226206203501
4.04868 1.0 8.0 3.057142857142857 1.9695155741041135
4.05397 1.0 8.0 2.9714285714285715 1.9476337722796782
4.10692 0.0 8.0 2.742857142857143 1.9454752503128463
4.13853 0.0 8.0 2.657142857142857 1.9695155741041135
4.1554 0.0 8.0 2.787878787878788 1.899960127173327
4.17775 0.0 8.0 2.757575757575758 1.904440584369578
4.2244 1.0 8.0 2.8125 1.8740589036083013
4.23248 0.0 8.0 2.71875 1.904737303028527
4.25173 0.0 8.0 2.59375 1.864081110653926
4.26893 0.0 8.0 2.6774193548387095 1.83279562006958
4.2761 1.0 8.0 2.6666666666666665 1.7485626280942346
4.32987 1.0 8.0 2.6333333333333333 1.711690701461939
4.35654 1.0 8.0 2.566666666666667 1.6750364552560586
4.38448 1.0 8.0 2.5 1.6764083117147226
4.39545 0.0 8.0 2.4 1.6938020891595864
4.4251 0.0 8.0 2.2666666666666666 1.7798359733284477
4.47728 0.0 8.0 2.2413793103448274 1.7249259283018732
4.52814 0.0 8.0 2.2857142857142856 1.7182493859684491
4.89914 0.0 8.0 2.1785714285714284 1.7008401285415224
4.90008 1.0 8.0 2.1481481481481484 1.7254587729667659
4.96119 0.0 8.0 2.037037037037037 1.720498172075158
4.97738 0.0 8.0 1.9259259259259258 1.7743021580745904
5.11011 0.0 8.0 2.08 1.7540429489230491
5.16334 1.0 8.0 2.125 1.7523276445668041
5.32606 0.0 8.0 2.0833333333333335 1.7916877315917057
5.33611 0.0 8.0 2.0833333333333335 1.7916877315917057
5.35693 0.0 8.0 2.130434782608696 1.8166990000869698
5.41423 0.0 8.0 2.0434782608695654 1.8944478895773593
5.43298 0.0 8.0 2.1363636363636362 1.8846612565519705
5.44628 1.0 8.0 2.35 1.8431951662948316
5.70741 0.0 8.0 2.3 1.8945906376340316
5.72502 0.0 7.0 2.25 1.7434086394791457
5.73389 0.0 7.0 2.15 1.8431951662948316
5.91892 0.0 7.0 2.1 1.8890264827766652
5.95426 0.0 7.0 2.4705882352941178 1.8068497121656082
6.02675 1.0 7.0 2.5625 1.7876893839068724
6.04182 1.0 7.0 2.5625 1.7876893839068724
6.09815 0.0 7.0 2.4375 1.8246004128758346
23.8752 0.0 7.0 2.3125 1.8154430129677255
