0.00984716 67.0 78.0 72.26 2.9679237572032453
0.0199302 56.0 69.0 62.5 2.950268061151912
0.0297504 50.0 63.0 57.62 2.594263687760489
0.0397621 51.0 61.0 55.64 2.3365769486012424
0.0450769 48.0 60.0 54.24 2.7520678681712063
0.0585829 47.0 60.0 52.88 3.0682042876934394
0.0687107 47.0 59.0 51.32 2.6064284735543968
0.079801 43.0 58.0 50.86 3.4817893593463034
0.0899466 43.0 59.0 50.04 3.9844596079452153
0.0996037 43.0 55.0 49.02 3.1783065700245507
0.10961 41.0 55.0 48.7 3.296565931204093
0.116972 41.0 55.0 48.1 2.9084675816431904
0.129922 41.0 54.0 47.18 3.261963850698733
0.139112 39.0 54.0 46.62 3.325166867072621
0.148972 39.0 54.0 45.86 3.2577067181108386
0.159604 39.0 54.0 45.18 3.323939143331512
0.166529 37.0 53.0 44.56 3.500204075683098
0.179633 36.0 51.0 44.0 3.6645015252516173
0.189414 35.0 49.0 42.92 3.3002164431183254
0.199919 33.0 51.0 41.86 3.9744592752489294
0.209998 34.0 51.0 41.4 3.9744079266410157
0.218869 33.0 49.0 40.68 3.536630472927701
0.228371 31.0 47.0 40.18 4.241149247406357
0.239869 32.0 49.0 39.82 4.069247536118205
0.249811 31.0 49.0 38.96 4.085614384393024
0.259803 30.0 45.0 38.3 3.506553631038165
0.268845 28.0 47.0 37.72 4.189588650598587
0.279687 30.0 47.0 37.54 3.892483599378239
0.289179 31.0 46.0 36.74 3.4035395741276555
0.294362 29.0 44.0 36.7 3.394172677290492
0.309416 24.0 44.0 35.66 4.321800456253559
0.319403 27.0 43.0 35.7 4.092053024972144
0.329716 24.0 42.0 34.94 3.8354415971173332
0.339567 26.0 51.0 34.52 4.454944512813252
0.349082 26.0 43.0 33.64 3.842618155075298
0.359206 26.0 41.0 33.52 3.991010306339251
0.369635 24.0 41.0 32.64 4.119441214335671
0.378813 24.0 41.0 32.38 3.922150597073301
0.389344 25.0 40.0 31.2 3.875617133214439
0.399296 23.0 39.0 30.5 3.7971525314291465
0.408425 22.0 39.0 30.5 3.786388080199592
0.417968 20.0 39.0 29.96 3.9380923590707506
0.429166 21.0 38.0 28.88 3.7178005347687133
0.439486 22.0 40.0 28.8 4.20883424647321
0.44949 22.0 38.0 28.18 3.6683422269299726
0.458094 23.0 36.0 28.36 2.953793824758877
0.469858 18.0 36.0 27.58 3.350845156868058
0.477548 19.0 36.0 27.24 3.2736424199777154
0.488348 21.0 39.0 27.28 3.725477643667908
0.49975 18.0 37.0 27.26 4.009224058470717
0.508963 19.0 35.0 26.22 3.6437813953560467
0.519379 16.0 35.0 25.74 4.094844942368492
0.528131 18.0 33.0 25.54 3.609567784629724
0.535429 16.0 31.0 25.38 3.4810859201797175
0.549886 15.0 33.0 25.12 3.6513346735076455
0.557457 15.0 35.0 25.12 3.723285799244686
0.568137 14.0 38.0 24.52 4.156332763484696
0.579428 13.0 36.0 23.38 4.1985906284497565
0.58969 10.0 31.0 22.92 4.169079573454543
0.599862 12.0 32.0 22.56 4.2434102573572705
0.606184 13.0 32.0 22.24 3.9256352664120437
0.6191 13.0 32.0 21.84 4.249177591497163
0.629901 14.0 31.0 21.24 4.033330522290582
0.639987 14.0 31.0 21.0 3.6922422809485957
0.649399 13.0 31.0 20.62 4.105198297430283
0.658547 11.0 30.0 20.44 3.693126544470063
0.669378 12.0 31.0 20.28 3.9899874686520005
0.679541 11.0 28.0 19.28 4.285904757672146
0.68983 12.0 29.0 19.36 4.06458070734616
0.694666 13.0 28.0 19.16 3.66093553338376
0.70458 11.0 27.0 19.12 3.662496082048472
0.718012 13.0 25.0 18.64 2.953793824758877
0.729995 11.0 25.0 18.08 3.212475680841802
0.736863 9.0 27.0 18.18 3.4147937458257434
0.748579 11.0 24.0 17.9 3.1895876516808723
0.757172 11.0 26.0 17.5 3.654742515847438
0.769117 9.0 25.0 16.86 3.790482172763884
0.778995 9.0 25.0 16.98 3.5541869531524624
0.787654 8.0 25.0 16.66 3.6399708453642923
0.796963 8.0 23.0 16.46 3.1507044887628233
0.809652 10.0 23.0 15.72 3.3199459056325797
0.81727 9.0 22.0 15.72 3.4228523729993
0.827423 9.0 21.0 15.22 3.352063026050114
0.839235 8.0 23.0 14.88 3.360272097826093
0.847965 9.0 23.0 15.06 3.0865739543238235
0.854519 10.0 20.0 14.64 2.8482719429900807
0.864365 7.0 19.0 14.54 3.157175177597977
0.879975 8.0 24.0 14.28 3.3566261000460274
0.889372 8.0 22.0 14.02 3.34108622200283
0.899603 5.0 21.0 13.96 3.551142385894708
0.908154 6.0 20.0 13.72 3.730951621235526
0.919747 7.0 21.0 13.34 3.5720570875525905
0.929258 7.0 20.0 13.14 3.362518492476272
0.939334 7.0 22.0 13.14 3.499329381817176
0.946744 5.0 21.0 12.66 3.267714672928692
0.956378 7.0 21.0 12.92 3.7079066100121008
0.96991 6.0 21.0 12.86 3.2577067181108386
0.978886 5.0 21.0 12.38 3.392007412390823
0.987142 6.0 21.0 12.78 3.4183777033044462
0.999219 6.0 19.0 12.64 3.268651347674307
1.00779 6.0 20.0 12.16 3.3096026026934267
1.01915 6.0 20.0 11.54 3.363732135225845
1.02957 6.0 19.0 11.16 3.1581446374446513
1.03796 5.0 21.0 11.0 3.499271061118826
1.04939 5.0 20.0 10.94 3.507484708390307
1.05951 5.0 21.0 10.74 3.1351203472652744
1.06911 5.0 21.0 10.72 3.6029466398762997
1.07418 4.0 20.0 10.36 3.3852018900997165
1.08836 5.0 20.0 10.34 3.1532943576714256
1.09952 2.0 19.0 10.28 3.614257481538517
1.10761 5.0 19.0 10.02 3.33497238614153
1.11957 5.0 18.0 9.74 2.884228754832751
1.12996 3.0 18.0 9.72 2.983218368932233
1.13948 2.0 16.0 9.44 3.071661120764517
1.14812 2.0 16.0 8.86 3.1687891204363723
1.15965 2.0 17.0 9.18 3.438616238060459
1.16827 3.0 17.0 9.06 3.1194583517276304
1.17768 3.0 17.0 8.68 3.3285407723910168
1.18648 4.0 18.0 9.2 3.428571428571429
1.19976 3.0 17.0 8.9 3.0855158666364537
1.20961 4.0 15.0 8.4 2.9760952365713798
1.21884 3.0 17.0 8.68 3.0602120774847736
1.22997 4.0 18.0 8.7 2.894399941336401
1.23736 4.0 19.0 8.14 2.9277699251638403
1.2494 3.0 18.0 8.08 3.498337797717478
1.25579 3.0 20.0 8.16 3.37070210090735
1.2667 1.0 19.0 7.86 3.4817893593463034
1.27853 2.0 21.0 7.86 3.8226500050651366
1.28806 2.0 17.0 7.38 3.805956663238427
1.29965 2.0 17.0 7.4 3.398679215248663
1.30976 2.0 17.0 7.4 3.2007652146297256
1.31907 2.0 14.0 7.36 2.9744490143176954
1.32908 1.0 14.0 7.82 2.7081886408235514
1.33818 2.0 14.0 7.26 2.3802760944298638
1.3464 2.0 12.0 7.06 2.2534327555251052
1.35866 3.0 13.0 6.42 2.3654830804894025
1.36811 2.0 12.0 6.36 2.1923801249429573
1.37782 2.0 11.0 6.16 2.2978250586152114
1.38652 1.0 14.0 6.08 2.61736742642258
1.3988 2.0 14.0 6.22 2.7942360498069623
1.40919 2.0 13.0 6.48 2.8229381133557876
1.41748 2.0 14.0 6.4 2.799416848895061
1.42855 1.0 16.0 6.44 3.1047034759328285
1.43933 1.0 16.0 6.24 2.7520678681712063
1.44828 2.0 11.0 5.88 2.1536869194334574
1.45768 3.0 10.0 5.8 1.7728105208558367
1.46815 2.0 11.0 6.14 2.294714423564354
1.47898 0.0 12.0 6.06 2.7060778153735976
1.48766 2.0 10.0 5.96 2.1755599795201683
1.4987 1.0 10.0 5.54 2.0524748625073315
1.50798 2.0 10.0 5.36 2.173683040184027
1.51873 1.0 12.0 5.28 2.4331050121192876
1.5254 1.0 13.0 5.28 2.4498229840258303
1.53998 1.0 12.0 5.24 2.470726572471824
1.54857 1.0 10.0 5.28 2.294981214631223
1.55938 1.0 10.0 5.02 2.189865339257561
1.56919 1.0 11.0 5.08 2.1650281611968722
1.5794 1.0 10.0 4.94 1.9939705031286041
1.58511 1.0 11.0 5.12 2.086301287260421
1.59709 1.0 11.0 4.4 1.8626292586293283
1.60737 0.0 10.0 4.62 2.088745351366974
1.61707 1.0 10.0 4.38 2.431846531140567
1.62832 0.0 10.0 4.54 2.2516207314659695
1.63327 1.0 9.0 4.5 2.1213203435596424
1.6498 0.0 11.0 4.76 1.9331691227471168
1.65601 1.0 10.0 4.42 1.9804143042117552
1.66954 0.0 10.0 4.5 2.305716055938425
1.67922 1.0 11.0 4.52 2.130823353369609
1.68991 1.0 9.0 4.58 1.7153568082448143
1.69972 0.0 9.0 4.38 2.1178541315324293
1.70927 0.0 9.0 4.3 2.2246302146282053
1.71442 1.0 9.0 3.98 1.9004832897697042
1.72785 0.0 9.0 4.26 2.1647453543037325
1.73095 1.0 9.0 4.3 1.9820624179302297
1.74961 0.0 9.0 3.94 2.103544142437632
1.75708 0.0 11.0 3.94 2.1703944906163852
1.76916 0.0 8.0 3.74 2.0082482975194567
1.77028 0.0 10.0 3.66 2.264274447921498
1.78226 0.0 9.0 3.64 1.9873066585461945
1.81034 0.0 10.0 3.8 2.1759351731039738
1.82261 1.0 8.0 3.86 1.5650519975713397
1.83937 0.0 9.0 3.4 1.7842851423995423
1.8479 0.0 8.0 3.28 2.0507838222772983
1.85736 0.0 8.0 3.2 1.8070158058105026
1.86928 0.0 8.0 3.26 1.804868698938558
1.87423 0.0 9.0 3.4 1.8844151368961313
1.885 0.0 10.0 3.28 1.9695643359558954
1.89975 0.0 7.0 3.32 1.6217903938649572
1.90919 0.0 9.0 3.12 1.9963231508072483
1.91872 0.0 7.0 3.02 1.7319329769753489
1.92242 0.0 8.0 3.24 1.790678813256274
1.93866 0.0 9.0 3.14 1.9692534584642651
1.94906 0.0 9.0 2.88 1.934013485802337
1.96809 0.0 6.0 2.68 1.5576015051930296
1.98925 0.0 8.0 2.94 1.9103370789214245
1.99859 0.0 8.0 3.06 1.8003401039236777
2.00945 0.0 8.0 2.92 1.6883756231650464
2.02696 0.0 8.0 2.8 1.8516401995451028
2.04931 0.0 10.0 2.96 2.0599187620201067
2.05915 0.0 7.0 2.98 1.8679902984496575
2.06609 0.0 8.0 3.02 2.0651629376840157
2.07934 0.0 8.0 3.06 1.7544113496194298
2.08781 0.0 6.0 2.68 1.3767752917893439
2.09987 0.0 7.0 2.56 1.5274361605284184
2.10083 0.0 6.0 2.48 1.554978837050032
2.11749 0.0 8.0 2.64 1.625812198909348
2.12756 0.0 8.0 2.7 1.8098370656171325
2.13704 0.0 8.0 2.62 1.8940292866731259
2.14826 0.0 8.0 2.84 1.7185660847797217
2.15285 0.0 6.0 2.68 1.5311726865113444
2.16871 0.0 6.0 2.44 1.567006765805953
2.17813 0.0 6.0 2.48 1.5938657921121546
2.18768 0.0 5.0 2.3 1.417816660091372
2.19826 0.0 6.0 2.46 1.5011560171265017
2.20564 0.0 7.0 2.4 1.6035674514745464
2.21917 0.0 8.0 2.4 1.5118578920369088
2.22807 0.0 7.0 2.36 1.4674704043881437
2.23914 0.0 6.0 2.56 1.6801360489130466
2.24972 0.0 5.0 2.34 1.4653828642288371
2.25283 0.0 7.0 2.32 1.7313437037192134
2.26965 0.0 5.0 2.24 1.4365491531401753
2.27714 0.0 5.0 2.38 1.193348914883263
2.28633 0.0 5.0 2.1 1.3887301496588271
2.29987 0.0 6.0 2.38 1.455320989910291
2.30921 0.0 5.0 1.96 1.1945454263066784
2.32845 0.0 5.0 1.66 1.099350457575485
2.34598 0.0 6.0 1.96 1.244744052045255
2.35258 0.0 6.0 2.0 1.3401187885209798
2.36057 0.0 5.0 1.96 1.2771140936358292
2.37859 0.0 5.0 1.94 1.346348046095247
2.3898 0.0 5.0 1.88 1.3346252244716186
2.39528 0.0 5.0 1.62 1.1408911661772232
2.40879 0.0 4.0 1.58 1.1444631572782704
2.41501 0.0 5.0 1.98 1.4913355198120446
2.42725 0.0 5.0 1.84 1.503193878624675
2.4363 0.0 5.0 1.64 1.241460627565739
2.44489 0.0 6.0 1.68 1.5311726865113444
2.46245 0.0 6.0 1.82 1.380476108346061
2.47074 0.0 5.0 1.54 1.32803368533624
2.49474 0.0 5.0 1.6 1.261680123761121
2.50422 0.0 5.0 1.68 1.1856282240712246
2.51042 0.0 5.0 1.8 1.1952286093343936
2.53962 0.0 5.0 1.82 1.3353895709202048
2.54904 0.0 5.0 1.82 1.137307956428294
2.56456 0.0 7.0 1.48 1.4319958955590477
2.61986 0.0 6.0 1.58 1.1967643452071857
2.62161 0.0 5.0 1.36 1.241460627565739
2.64802 0.0 5.0 1.68 1.2195683411664597
2.65738 0.0 5.0 1.72 1.2942573317607
2.69155 0.0 5.0 1.68 1.2687773320671152
2.70972 0.0 7.0 1.56 1.5274361605284184
2.72373 0.0 8.0 1.48 1.4879104647190329
2.74336 0.0 7.0 1.42 1.2791897946013504
2.75689 0.0 5.0 1.34 1.255355872789441
2.78977 0.0 4.0 1.18 1.0437373975775903
2.79494 0.0 4.0 1.3 1.0738068841694934
2.80937 0.0 4.0 1.32 0.978128158207068
2.81752 0.0 4.0 1.16 0.9764575708934321
2.82996 0.0 4.0 1.3 1.0151907431108496
2.83606 0.0 5.0 1.5 1.1473127431577865
2.85271 0.0 4.0 1.22 1.0358866851590458
2.86049 0.0 5.0 1.52 1.1109841197270618
2.88987 0.0 4.0 1.04 0.9467452300446223
2.89415 0.0 5.0 1.18 1.063110568865089
2.91215 0.0 5.0 1.14 1.2123514005301215
2.92549 0.0 7.0 1.38 1.3981036719610676
2.93075 0.0 5.0 1.183673469387755 1.130513699381744
2.94437 0.0 3.0 0.9183673469387755 0.9091372900969897
2.95707 0.0 4.0 1.2040816326530612 0.9569829290695901
2.97447 0.0 3.0 1.0 0.9574271077563381
2.98889 0.0 5.0 1.183673469387755 1.0930360886798123
2.99034 0.0 4.0 1.3265306122448979 1.0875767233863092
3.00738 0.0 4.0 1.2857142857142858 1.0606601717798212
3.01654 0.0 3.0 1.1224489795918366 1.0334540197243194
3.02606 0.0 4.0 1.163265306122449 0.9431096343018267
3.10562 0.0 4.0 1.0816326530612246 1.133518392254061
3.12886 0.0 4.0 1.2653061224489797 0.9077332162242024
3.14664 0.0 3.0 1.0612244897959184 0.8516690296438058
3.15412 0.0 4.0 1.0408163265306123 0.9991492980170137
3.16273 0.0 3.0 1.1428571428571428 1.0
3.1793 0.0 5.0 1.1428571428571428 1.2583057392117916
3.18735 0.0 4.0 0.9387755102040817 0.9444611176332716
3.21417 0.0 3.0 0.9166666666666666 0.8952197717411697
3.22862 0.0 3.0 1.1063829787234043 0.813848681405651
3.24607 0.0 4.0 0.8297872340425532 0.939915559023446
3.26938 0.0 4.0 1.1304347826086956 0.9335403497123532
3.27081 0.0 4.0 1.1136363636363635 1.082974136797604
3.2945 0.0 3.0 1.2790697674418605 0.854277232667889
3.31845 0.0 4.0 0.8372093023255814 0.9741964346294538
3.32929 0.0 3.0 0.9534883720930233 0.8438429207272954
3.34761 0.0 5.0 0.8604651162790697 1.125069211603006
3.35774 0.0 4.0 1.1627906976744187 1.0449477671644083
3.36689 0.0 3.0 1.0465116279069768 0.8985037396136244
3.37983 0.0 3.0 0.6666666666666666 0.816496580927726
3.3828 0.0 3.0 0.8292682926829268 0.7383237441796873
3.39565 0.0 4.0 0.8 1.0177904675803542
3.40489 0.0 3.0 1.075 0.888314451139102
3.41491 0.0 3.0 0.7 0.9114654303753
3.43308 0.0 5.0 0.9 0.9001424388708769
3.51167 0.0 3.0 1.0 0.816496580927726
3.53501 0.0 4.0 0.975 0.9736924170788859
3.61911 0.0 3.0 0.85 0.7355444521071728
3.70783 0.0 2.0 0.65 0.8022404524765275
3.72666 0.0 3.0 0.825 0.8129559864454138
3.75307 0.0 3.0 0.8 0.8533493588238806
3.84175 0.0 3.0 0.8 0.6868732574462859
3.85242 0.0 3.0 0.825 0.873762861685903
3.8998 0.0 3.0 0.9487179487179487 0.9719410299611789
3.90581 0.0 3.0 0.7435897435897436 0.9095385966738334
3.91103 0.0 4.0 0.8974358974358975 1.0207033641684695
3.94451 0.0 4.0 0.7948717948717948 1.004712244205882
3.95185 0.0 3.0 0.7567567567567568 0.8945950482203109
4.01958 0.0 2.0 0.8857142857142857 0.6761234037828132
4.02779 0.0 3.0 0.6285714285714286 0.6896595189663087
4.03626 0.0 2.0 0.7428571428571429 0.7413365173339117
4.04868 0.0 3.0 0.8 0.7592566023652966
4.05397 0.0 3.0 0.6857142857142857 0.7581490064402818
4.10692 0.0 3.0 0.6 0.7356469741582815
4.13853 0.0 3.0 0.7428571428571429 0.8168395746756535
4.1554 0.0 2.0 0.6666666666666666 0.6922186552431729
4.17775 0.0 2.0 0.5757575757575758 0.6139168831315355
4.2244 0.0 2.0 0.46875 0.5670736994828461
4.23248 0.0 2.0 0.53125 0.6213603702179753
4.25173 0.0 2.0 0.59375 0.6148367210474559
4.26893 0.0 4.0 0.8064516129032258 0.8334408532787305
4.2761 0.0 5.0 0.5 1.0085838484282528
4.32987 0.0 4.0 0.8333333333333334 0.8742813140471173
4.35654 0.0 2.0 0.5333333333333333 0.6288102248298565
4.38448 0.0 2.0 0.5666666666666667 0.6260623155792926
4.39545 0.0 3.0 0.4666666666666667 0.6814453874610599
4.4251 0.0 4.0 0.7 0.915385729888094
4.47728 0.0 2.0 0.6206896551724138 0.7277064313624728
4.52814 0.0 2.0 0.5714285714285714 0.5727497953228163
4.89914 0.0 2.0 0.6428571428571429 0.731020885058378
4.90008 0.0 3.0 0.7037037037037037 0.8234456132997965
4.96119 0.0 3.0 0.5555555555555556 0.6979824404521128
4.97738 0.0 2.0 0.6296296296296297 0.6877023141843227
5.11011 0.0 3.0 0.84 0.8
5.16334 0.0 3.0 0.5 0.8340576562282991
5.32606 0.0 2.0 0.7083333333333334 0.5500329370901873
5.33611 0.0 2.0 0.625 0.7696696072652383
5.35693 0.0 3.0 0.6956521739130435 0.7648400075533118
5.41423 0.0 3.0 0.5217391304347826 0.730477130336511
5.43298 0.0 2.0 0.6363636363636364 0.5810872031479765
5.44628 0.0 3.0 0.55 0.8255779474818965
5.70741 0.0 3.0 1.0 0.7947194142390263
5.72502 0.0 2.0 0.6 0.7539370349250519
5.73389 0.0 1.0 0.45 0.5104177855340404
5.91892 0.0 2.0 0.35 0.5871429486123998
5.95426 0.0 2.0 0.47058823529411764 0.6242642728467978
6.02675 0.0 2.0 0.625 0.6191391873668903
6.04182 0.0 2.0 0.625 0.7187952884282609
6.09815 0.0 2.0 0.625 0.6191391873668903
23.8752 0.0 3.0 0.6875 0.873212459828649
