0.00974351 50 25 75 100
0.0199337 50 33 66 99
0.0294899 50 43 54 97
0.0377847 50 42 55 97
0.0494988 50 40 55 95
0.0596992 50 41 52 93
0.0692318 50 39 54 93
0.0799079 50 41 51 92
0.0890563 50 39 51 90
0.0999919 50 38 50 88
0.108693 50 40 48 88
0.118538 50 39 49 88
0.129961 50 40 47 87
0.137216 50 40 45 85
0.149737 50 40 44 84
0.158448 50 40 44 84
0.168585 50 39 45 84
0.177283 50 37 47 84
0.189776 50 40 44 84
0.197915 50 41 42 83
0.209909 50 39 44 83
0.216958 50 41 42 83
0.228719 50 41 42 83
0.239915 50 42 39 81
0.249835 50 43 36 79
0.257903 50 44 35 79
0.269854 50 37 41 78
0.279752 50 33 44 77
0.289886 50 35 42 77
0.299359 50 38 38 76
0.306773 50 38 37 75
0.319363 50 39 36 75
0.32973 50 36 38 74
0.33944 50 32 41 73
0.348329 50 34 38 72
0.359944 50 35 37 72
0.368262 50 37 35 72
0.379946 50 36 34 70
0.388882 50 42 27 69
0.398282 50 38 30 68
0.407455 50 37 31 68
0.419698 50 37 31 68
0.422609 50 36 32 68
0.439539 50 33 33 66
0.447935 50 34 32 66
0.457373 50 34 31 65
0.467775 50 36 28 64
0.479486 50 35 29 64
0.489656 50 38 26 64
0.49891 50 36 27 63
0.505371 50 36 26 62
0.517922 50 41 21 62
0.529757 50 34 28 62
0.539592 50 34 28 62
0.548547 50 35 26 61
0.55942 50 36 25 61
0.569843 50 35 26 61
0.579725 50 33 28 61
0.589631 50 33 28 61
0.599893 50 31 30 61
0.609413 50 34 27 61
0.617862 50 34 27 61
0.62782 50 33 27 60
0.639786 50 34 26 60
0.64853 50 35 25 60
0.659281 50 36 24 60
0.666053 50 36 24 60
0.678379 50 37 22 59
0.686997 50 35 24 59
0.699815 50 35 24 59
0.709855 50 33 25 58
0.719486 50 35 23 58
0.729745 50 36 22 58
0.739004 50 36 22 58
0.74792 50 37 19 56
0.752213 50 39 17 56
0.769701 50 37 17 54
0.779616 50 34 19 53
0.789787 50 37 16 53
0.799366 50 32 21 53
0.809662 50 31 20 51
0.818894 50 30 20 50
0.828087 50 35 15 50
0.838069 50 33 17 50
0.848948 50 31 16 47
0.858433 50 31 15 46
0.86822 50 32 14 46
0.879894 50 31 14 45
0.888855 50 31 13 44
0.899781 50 27 17 44
0.906299 50 25 18 43
0.919725 50 27 15 42
0.929469 50 28 13 41
0.938662 50 30 10 40
0.948107 50 29 11 40
0.95889 50 26 13 39
0.969684 50 24 15 39
0.977841 50 29 10 39
0.989761 50 28 9 37
0.997229 50 25 11 36
1.00937 50 26 10 36
1.01714 50 28 8 36
1.02874 50 28 8 36
1.03936 50 30 5 35
1.04627 50 29 6 35
1.05813 50 26 8 34
1.06824 50 26 8 34
1.07958 50 24 10 34
1.08964 50 25 9 34
1.09937 50 26 8 34
1.10847 50 27 7 34
1.11834 50 25 9 34
1.12923 50 23 10 33
1.13964 50 24 9 33
1.14589 50 20 13 33
1.15466 50 21 12 33
1.16896 50 22 11 33
1.17824 50 24 9 33
1.18825 50 26 7 33
1.19958 50 25 8 33
1.20888 50 23 10 33
1.21909 50 24 9 33
1.22184 50 23 10 33
1.23961 50 24 9 33
1.24957 50 27 6 33
1.25948 50 27 6 33
1.26699 50 29 4 33
1.27997 50 27 5 32
1.28877 50 27 5 32
1.29718 50 25 7 32
1.30521 50 23 9 32
1.31709 50 25 7 32
1.32457 50 25 7 32
1.33789 50 23 9 32
1.34995 50 24 8 32
1.3593 50 24 8 32
1.36729 50 25 7 32
1.37662 50 27 5 32
1.38584 50 28 4 32
1.39885 50 27 5 32
1.40603 50 25 7 32
1.42662 50 24 8 32
1.43955 50 22 10 32
1.44797 50 25 5 30
1.45984 50 22 8 30
1.46979 50 20 10 30
1.47907 50 22 8 30
1.48841 50 24 6 30
1.49598 50 25 4 29
1.50564 50 25 4 29
1.51953 50 24 5 29
1.52862 50 23 6 29
1.5388 50 21 7 28
1.54949 50 20 8 28
1.55795 50 21 7 28
1.56544 50 22 6 28
1.57997 50 22 6 28
1.58282 50 24 4 28
1.59418 50 24 4 28
1.60097 50 25 3 28
1.61995 50 23 5 28
1.62928 50 22 6 28
1.63909 50 21 5 26
1.64889 50 22 4 26
1.65831 50 21 5 26
1.66676 50 22 4 26
1.67925 50 20 6 26
1.68774 50 21 5 26
1.69966 50 19 6 25
1.70965 50 18 6 24
1.71803 50 16 8 24
1.7247 50 17 6 23
1.73752 50 17 5 22
1.74696 50 18 4 22
1.75837 50 16 6 22
1.76868 50 19 2 21
1.77473 50 19 2 21
1.78998 50 18 3 21
1.79569 50 16 5 21
1.80883 50 17 4 21
1.81949 50 15 5 20
1.8282 50 13 6 19
1.83645 50 11 8 19
1.84745 50 13 6 19
1.85989 50 11 6 17
1.86908 50 13 4 17
1.87887 50 15 2 17
1.88505 50 14 3 17
1.89945 50 17 0 17
1.90491 50 16 1 17
1.91791 50 16 1 17
1.92478 50 14 2 16
1.93944 50 15 1 16
1.9443 50 14 2 16
1.95866 50 10 5 15
1.96727 50 9 6 15
1.97933 50 10 5 15
1.98625 50 13 2 15
1.99515 50 12 3 15
2.00359 50 14 1 15
2.01772 50 13 1 14
2.02551 50 12 2 14
2.03623 50 13 1 14
2.04554 50 13 1 14
2.05417 50 12 2 14
2.06558 50 13 1 14
2.07882 50 11 3 14
2.08602 50 13 1 14
2.09205 50 13 1 14
2.10821 50 10 4 14
2.11678 50 11 3 14
2.12363 50 11 3 14
2.13815 50 12 2 14
2.15601 50 11 3 14
2.17894 50 11 3 14
2.18992 50 10 4 14
2.19946 50 9 5 14
2.20998 50 9 5 14
2.21686 50 9 5 14
2.22877 50 8 6 14
2.2357 50 10 4 14
2.2465 50 10 4 14
2.25929 50 10 4 14
2.26265 50 9 5 14
2.27733 50 9 5 14
2.29918 50 10 4 14
2.30884 50 8 6 14
2.31471 50 8 6 14
2.32841 50 9 5 14
2.33265 50 10 4 14
2.34832 50 9 5 14
2.36927 50 13 1 14
2.38613 50 11 3 14
2.39609 50 9 5 14
2.40448 50 10 4 14
2.4233 50 10 4 14
2.43928 50 10 4 14
2.44668 50 13 1 14
2.45557 50 14 0 14
2.46118 50 13 1 14
2.47674 50 12 1 13
2.49598 50 11 2 13
2.50855 50 9 4 13
2.51944 50 11 2 13
2.52321 50 10 3 13
2.5325 50 9 4 13
2.54778 50 11 2 13
2.55821 50 9 4 13
2.56579 50 9 4 13
2.57688 50 9 3 12
2.58673 50 9 2 11
2.59243 50 9 2 11
2.60362 50 10 1 11
2.61819 50 11 0 11
2.62305 50 10 1 11
2.63246 50 8 3 11
2.64971 50 7 3 10
2.65665 50 6 3 9
2.66758 50 8 1 9
2.68874 50 8 1 9
2.6924 50 6 3 9
2.70602 50 6 3 9
2.71529 50 7 2 9
2.72787 50 6 3 9
2.73953 50 8 1 9
2.7554 50 9 0 9
2.7802 50 8 1 9
2.79829 50 9 0 9
2.81912 50 7 1 8
2.83524 50 8 0 8
2.84805 50 8 0 8
2.85612 50 7 1 8
2.86824 50 8 0 8
2.888 50 6 2 8
2.89546 50 6 1 7
2.90422 50 7 0 7
2.93301 50 6 1 7
2.94145 50 5 2 7
2.96108 50 6 1 7
2.97919 50 7 0 7
3.01592 50 6 0 6
3.02354 50 5 1 6
3.03808 50 4 2 6
3.04881 50 4 2 6
3.0539 50 4 2 6
3.06867 50 5 1 6
3.07792 50 4 2 6
3.0879 50 5 1 6
3.09624 50 6 0 6
3.1173 50 5 1 6
3.13833 50 6 0 6
3.17554 50 5 1 6
3.18747 50 3 3 6
3.19986 50 5 1 6
3.2306 50 6 0 6
3.26362 50 5 0 5
3.27806 50 3 2 5
3.28583 50 3 2 5
3.30128 50 4 1 5
3.33614 50 3 2 5
3.35806 50 3 1 4
3.36426 50 2 2 4
3.37231 50 3 1 4
3.38929 50 3 1 4
3.39578 50 2 2 4
3.41293 50 3 1 4
3.42557 50 2 2 4
3.43673 50 2 2 4
3.44573 50 3 1 4
3.45973 50 3 1 4
3.47049 50 4 0 4
3.50434 50 4 0 4
3.51504 50 3 1 4
3.52925 50 3 1 4
3.53145 50 3 0 3
3.54475 50 2 1 3
3.55568 50 3 0 3
3.59655 50 2 0 2
3.60743 50 1 1 2
3.62097 50 2 0 2
3.65113 50 1 1 2
3.66467 50 2 0 2
3.6752 50 1 1 2
3.68404 50 1 1 2
3.69994 50 2 0 2
3.75821 50 1 0 1
3.80682 50 0 1 1
3.82971 50 1 0 1
3.8852 50 0 1 1
3.89379 50 1 0 1
3.94704 50 0 1 1
3.95561 50 1 0 1
4.00732 50 0 1 1
4.01207 50 1 0 1
4.15758 50 1 0 1
4.20794 50 0 0 0
14.6668 50 0 0 0
