0.00996798 50 24 74 98
0.019825 50 33 63 96
0.0297857 50 41 54 95
0.039423 50 40 55 95
0.0492382 50 38 55 93
0.057969 50 40 52 92
0.0658186 50 41 49 90
0.0799899 50 38 52 90
0.089117 50 36 53 89
0.0993821 50 39 49 88
0.107991 50 38 49 87
0.119739 50 40 46 86
0.129967 50 42 42 84
0.13827 50 42 41 83
0.149883 50 41 39 80
0.159891 50 40 39 79
0.168754 50 41 37 78
0.177504 50 41 36 77
0.189615 50 39 38 77
0.199146 50 40 35 75
0.209275 50 41 34 75
0.218759 50 41 33 74
0.22534 50 42 32 74
0.239907 50 42 32 74
0.249952 50 40 33 73
0.259958 50 40 33 73
0.26986 50 40 32 72
0.279943 50 40 32 72
0.287963 50 36 36 72
0.299081 50 39 33 72
0.30831 50 41 30 71
0.319841 50 43 28 71
0.329179 50 40 30 70
0.33884 50 39 31 70
0.349753 50 41 28 69
0.359774 50 42 27 69
0.369728 50 37 31 68
0.379713 50 35 33 68
0.389153 50 38 29 67
0.398281 50 39 28 67
0.409327 50 42 25 67
0.419416 50 41 26 67
0.426481 50 36 31 67
0.439987 50 38 29 67
0.449617 50 39 28 67
0.458776 50 36 31 67
0.46931 50 31 33 64
0.479683 50 33 30 63
0.488789 50 36 26 62
0.499778 50 33 28 61
0.509717 50 36 24 60
0.516 50 36 24 60
0.529022 50 31 28 59
0.538655 50 31 27 58
0.548259 50 32 25 57
0.556994 50 31 26 57
0.569093 50 30 27 57
0.579653 50 27 30 57
0.589634 50 31 26 57
0.599721 50 30 26 56
0.609489 50 32 24 56
0.619538 50 31 23 54
0.629744 50 32 22 54
0.639537 50 33 20 53
0.647612 50 32 21 53
0.657087 50 32 21 53
0.669172 50 30 22 52
0.677296 50 30 21 51
0.684034 50 30 21 51
0.698043 50 31 20 51
0.709033 50 32 19 51
0.715601 50 34 17 51
0.729396 50 35 16 51
0.738157 50 36 15 51
0.742887 50 36 15 51
0.75773 50 36 15 51
0.768955 50 35 11 46
0.779939 50 36 10 46
0.78839 50 34 12 46
0.799408 50 29 17 46
0.806673 50 31 15 46
0.817127 50 32 13 45
0.829686 50 35 10 45
0.83967 50 32 13 45
0.849708 50 29 16 45
0.858258 50 28 16 44
0.868913 50 25 18 43
0.87866 50 24 19 43
0.889577 50 27 16 43
0.89618 50 27 16 43
0.907181 50 26 17 43
0.919007 50 29 14 43
0.929394 50 23 20 43
0.934698 50 27 16 43
0.949305 50 28 15 43
0.959834 50 27 16 43
0.969503 50 27 16 43
0.978482 50 32 11 43
0.989155 50 24 17 41
0.999522 50 23 18 41
1.00885 50 23 18 41
1.01871 50 24 17 41
1.02989 50 27 14 41
1.03986 50 27 13 40
1.04899 50 31 9 40
1.05725 50 31 8 39
1.06927 50 31 8 39
1.07899 50 29 10 39
1.09831 50 28 11 39
1.10466 50 27 12 39
1.11931 50 29 10 39
1.12962 50 30 8 38
1.13961 50 27 10 37
1.14591 50 27 10 37
1.15966 50 26 10 36
1.16905 50 24 12 36
1.17793 50 24 12 36
1.18866 50 22 14 36
1.19978 50 18 18 36
1.20904 50 21 15 36
1.21974 50 23 13 36
1.22284 50 23 13 36
1.23973 50 22 14 36
1.24775 50 24 11 35
1.2585 50 23 11 34
1.26963 50 22 11 33
1.27991 50 20 13 33
1.28847 50 21 10 31
1.29616 50 24 7 31
1.30883 50 23 7 30
1.3186 50 24 6 30
1.32918 50 20 10 30
1.33896 50 21 8 29
1.34963 50 23 6 29
1.35797 50 20 9 29
1.36795 50 19 10 29
1.37764 50 19 10 29
1.3894 50 22 7 29
1.3998 50 24 4 28
1.40604 50 25 3 28
1.41661 50 23 5 28
1.42998 50 21 6 27
1.4388 50 20 7 27
1.44333 50 21 5 26
1.45748 50 21 5 26
1.4696 50 20 6 26
1.47799 50 22 4 26
1.4898 50 20 6 26
1.49719 50 18 8 26
1.50764 50 16 9 25
1.51575 50 18 7 25
1.52812 50 19 5 24
1.536 50 18 6 24
1.5498 50 14 9 23
1.55875 50 15 8 23
1.56905 50 15 8 23
1.57474 50 16 7 23
1.58638 50 16 7 23
1.59943 50 18 5 23
1.60461 50 17 4 21
1.61937 50 16 5 21
1.62863 50 16 5 21
1.63816 50 17 4 21
1.64541 50 16 4 20
1.65186 50 15 5 20
1.67917 50 18 2 20
1.69585 50 18 2 20
1.7084 50 15 4 19
1.71817 50 12 7 19
1.72874 50 12 7 19
1.73191 50 10 9 19
1.74985 50 12 7 19
1.75658 50 12 7 19
1.76465 50 12 7 19
1.77897 50 11 7 18
1.78933 50 11 7 18
1.79958 50 13 5 18
1.80678 50 12 6 18
1.81972 50 13 5 18
1.82713 50 15 3 18
1.83932 50 14 4 18
1.84838 50 15 2 17
1.85753 50 14 3 17
1.86864 50 15 2 17
1.87995 50 14 3 17
1.88405 50 15 2 17
1.89829 50 12 5 17
1.90023 50 13 4 17
1.92964 50 15 2 17
1.93167 50 13 4 17
1.94847 50 12 5 17
1.95769 50 15 2 17
1.96978 50 13 4 17
1.98857 50 14 3 17
1.99983 50 14 3 17
2.00669 50 12 5 17
2.01967 50 10 5 15
2.02706 50 8 7 15
2.03949 50 9 6 15
2.0442 50 8 7 15
2.05784 50 8 6 14
2.06791 50 10 4 14
2.08443 50 11 3 14
2.09916 50 11 3 14
2.10913 50 10 4 14
2.11639 50 11 3 14
2.12138 50 10 4 14
2.13807 50 8 6 14
2.14747 50 7 7 14
2.15381 50 9 5 14
2.1645 50 11 3 14
2.17416 50 12 2 14
2.18692 50 12 2 14
2.19962 50 10 4 14
2.20882 50 9 4 13
2.21662 50 9 4 13
2.2281 50 8 5 13
2.23953 50 8 5 13
2.24211 50 9 3 12
2.25896 50 6 6 12
2.26646 50 9 3 12
2.27472 50 9 2 11
2.28984 50 9 2 11
2.29936 50 7 4 11
2.30913 50 6 5 11
2.31871 50 10 1 11
2.3373 50 10 1 11
2.3452 50 9 2 11
2.35491 50 10 1 11
2.3762 50 9 2 11
2.38247 50 9 2 11
2.39259 50 8 2 10
2.40088 50 7 3 10
2.41485 50 6 4 10
2.42901 50 5 5 10
2.43789 50 7 3 10
2.44996 50 6 4 10
2.45676 50 8 2 10
2.46978 50 8 1 9
2.48661 50 8 1 9
2.49734 50 8 1 9
2.50855 50 7 2 9
2.51963 50 9 0 9
2.54842 50 8 1 9
2.55087 50 9 0 9
2.56694 50 8 1 9
2.59585 50 8 1 9
2.60671 50 9 0 9
2.62941 50 7 2 9
2.63045 50 8 1 9
2.67407 50 7 2 9
2.6806 50 6 3 9
2.70326 50 7 2 9
2.72599 50 4 5 9
2.74919 50 5 4 9
2.75678 50 6 2 8
2.76072 50 7 1 8
2.78546 50 8 0 8
2.84229 50 7 1 8
2.85196 50 6 2 8
2.8632 50 7 1 8
2.87549 50 6 2 8
2.88372 50 8 0 8
2.89285 50 7 1 8
2.90856 50 8 0 8
2.91535 50 8 0 8
2.92067 50 7 1 8
2.93919 50 7 0 7
2.95535 50 6 1 7
2.99012 50 5 2 7
3.00585 50 6 1 7
3.01959 50 4 3 7
3.02998 50 3 4 7
3.03457 50 4 3 7
3.04725 50 6 1 7
3.05576 50 7 0 7
3.06983 50 7 0 7
3.08719 50 5 2 7
3.09898 50 6 1 7
3.10593 50 6 1 7
3.1452 50 7 0 7
3.17482 50 6 0 6
3.18905 50 5 1 6
3.23586 50 4 2 6
3.25587 50 6 0 6
3.2678 50 5 1 6
3.2871 50 6 0 6
3.29868 50 4 2 6
3.30061 50 5 1 6
3.31174 50 6 0 6
3.33458 50 6 0 6
3.34558 50 5 1 6
3.35614 50 5 0 5
3.36723 50 4 1 5
3.37647 50 3 2 5
3.38601 50 4 1 5
3.40954 50 3 2 5
3.41097 50 4 1 5
3.43201 50 5 0 5
3.48589 50 4 1 5
3.49767 50 2 2 4
3.50675 50 4 0 4
3.5193 50 3 1 4
3.52945 50 4 0 4
3.58997 50 3 1 4
3.61022 50 2 2 4
3.62913 50 1 3 4
3.63925 50 3 1 4
3.64975 50 4 0 4
3.67272 50 3 1 4
3.68295 50 4 0 4
3.69621 50 3 1 4
3.7036 50 4 0 4
3.71489 50 3 1 4
3.72747 50 4 0 4
3.73741 50 3 1 4
3.74814 50 2 2 4
3.75454 50 3 1 4
3.76754 50 1 3 4
3.77511 50 2 2 4
3.78739 50 4 0 4
3.79729 50 3 1 4
3.81359 50 4 0 4
3.82846 50 3 0 3
3.85379 50 2 1 3
3.86087 50 3 0 3
3.88359 50 2 1 3
3.90657 50 3 0 3
3.91455 50 3 0 3
3.94064 50 2 1 3
3.95793 50 2 1 3
3.96832 50 3 0 3
3.97827 50 3 0 3
3.98855 50 2 0 2
4.06027 50 1 1 2
4.11283 50 2 0 2
4.17294 50 1 0 1
4.21526 50 0 1 1
4.26373 50 1 0 1
4.29847 50 1 0 1
4.42167 50 0 1 1
4.43388 50 1 0 1
4.45548 50 0 0 0
23.7372 50 0 0 0
