0.00984716 21.0 33.0 26.78 3.144739695921117
0.0199302 31.0 41.0 35.52 2.6514532018560413
0.0297504 34.0 44.0 39.4 2.4159335036125373
0.0397621 36.0 44.0 40.44 1.9499869178001776
0.0450769 36.0 46.0 40.68 2.2807088049685835
0.0585829 35.0 46.0 41.08 2.6637398904700946
0.0687107 38.0 48.0 41.8 2.4411439272335804
0.079801 33.0 48.0 41.52 2.9640017075651253
0.0899466 32.0 47.0 41.16 2.8382230715857473
0.0996037 37.0 46.0 41.38 2.266796714956764
0.10961 35.0 48.0 40.94 2.5347382427350706
0.116972 36.0 45.0 40.66 2.0264576512340193
0.129922 35.0 46.0 40.52 2.525300547883926
0.139112 35.0 47.0 40.3 2.261027398763488
0.148972 34.0 45.0 40.4 2.249716535431946
0.159604 33.0 47.0 40.42 2.6115129714401193
0.166529 34.0 46.0 40.06 2.4024647208010936
0.179633 35.0 46.0 39.84 2.460794628586797
0.189414 33.0 46.0 40.24 2.495383492674063
0.199919 34.0 47.0 40.5 3.0388639123118066
0.209998 33.0 45.0 40.3 3.290369373223149
0.218869 35.0 45.0 40.22 2.549829926301208
0.228371 34.0 45.0 39.96 2.618302924430562
0.239869 32.0 44.0 39.54 2.68183610572294
0.249811 31.0 45.0 39.58 2.8720326301369608
0.259803 32.0 44.0 39.54 2.4760897415407355
0.268845 34.0 44.0 39.46 2.4092508785758215
0.279687 33.0 45.0 38.96 2.710222522681298
0.289179 32.0 46.0 39.02 2.8606407160149367
0.294362 34.0 44.0 38.52 2.242811646490327
0.309416 34.0 46.0 38.72 2.499306026129033
0.319403 32.0 43.0 37.92 2.473038286672274
0.329716 33.0 43.0 38.08 2.679019010224238
0.339567 29.0 45.0 38.02 3.027021166569065
0.349082 33.0 43.0 38.32 2.518827067489622
0.359206 32.0 45.0 37.56 2.7117281183324966
0.369635 32.0 45.0 37.82 2.715713909972169
0.378813 30.0 44.0 37.48 3.0854497241083023
0.389344 31.0 45.0 37.9 2.9640705601780613
0.399296 30.0 44.0 37.88 3.2238904118712073
0.408425 31.0 43.0 37.24 2.9316012202012938
0.417968 28.0 44.0 37.18 3.075180432735216
0.429166 30.0 42.0 37.6 2.7330180671012845
0.439486 31.0 45.0 37.06 3.3710048159840644
0.44949 31.0 45.0 37.1 3.3579026495837594
0.458094 28.0 44.0 36.36 3.1607284099765125
0.469858 28.0 43.0 36.66 3.5720570875525905
0.477548 31.0 42.0 36.34 2.6542995540158953
0.488348 30.0 41.0 35.66 2.552389836516166
0.49975 26.0 40.0 35.0 2.7847983842311326
0.508963 28.0 41.0 35.6 2.710523708715754
0.519379 28.0 41.0 35.46 2.991211617183831
0.528131 29.0 44.0 35.2 2.962348764761103
0.535429 28.0 41.0 34.9 2.823010406481358
0.549886 29.0 41.0 34.56 2.9634508290718324
0.557457 28.0 40.0 33.98 2.972595924543436
0.568137 24.0 40.0 34.02 3.080484986995074
0.579428 26.0 43.0 34.56 3.137397855886698
0.58969 29.0 40.0 34.48 2.409504987692345
0.599862 30.0 39.0 34.28 2.373665038350128
0.606184 28.0 40.0 34.14 2.490881329152067
0.6191 29.0 39.0 34.04 2.555186801749871
0.629901 27.0 39.0 34.06 2.831383883170481
0.639987 27.0 39.0 33.78 2.7500649342983055
0.649399 28.0 40.0 33.64 2.9606948991266027
0.658547 27.0 38.0 33.16 2.88104289507555
0.669378 27.0 39.0 32.86 3.0506606845476765
0.679541 26.0 40.0 33.36 3.2997216951291697
0.68983 24.0 41.0 32.84 3.358571124749333
0.694666 27.0 40.0 32.64 3.008559218534442
0.70458 26.0 41.0 32.2 2.982944716831586
0.718012 25.0 42.0 32.08 3.1418180100322908
0.729995 26.0 39.0 32.26 3.306209371495288
0.736863 25.0 39.0 31.76 3.910008090184229
0.748579 24.0 38.0 31.5 3.581414610491907
0.757172 25.0 39.0 31.38 2.9269333397790605
0.769117 25.0 37.0 31.28 2.725840068975554
0.778995 24.0 36.0 30.78 2.63640138159916
0.787654 26.0 37.0 30.78 2.9436198734183856
0.796963 24.0 36.0 30.54 3.2839125494831714
0.809652 23.0 37.0 30.76 3.3046658418863792
0.81727 21.0 38.0 30.32 3.6946734963861094
0.827423 23.0 38.0 30.46 3.7428026168329303
0.839235 23.0 37.0 30.34 3.6231117531081214
0.847965 22.0 37.0 29.78 3.4599162429404653
0.854519 22.0 36.0 29.92 3.3675522510074445
0.864365 21.0 36.0 29.48 3.471399176830282
0.879975 22.0 36.0 29.32 3.2415667665560766
0.889372 21.0 36.0 29.22 3.3214823344343083
0.899603 24.0 37.0 28.78 2.7795903383375746
0.908154 23.0 36.0 28.56 3.071661120764517
0.919747 23.0 36.0 28.58 2.9143557414555796
0.929258 23.0 34.0 28.46 2.8870576788170212
0.939334 21.0 34.0 28.0 3.1622776601683795
0.946744 21.0 33.0 28.1 2.808514750191071
0.956378 19.0 32.0 27.24 2.875370428664943
0.96991 18.0 34.0 26.84 3.436657132286833
0.978886 18.0 35.0 27.02 4.048128819439361
0.987142 17.0 32.0 26.06 3.7872503622182743
0.999219 19.0 32.0 25.86 3.4582642809268775
1.00779 14.0 33.0 25.92 3.8003222204954987
1.01915 14.0 33.0 26.2 3.404678653660853
1.02957 15.0 33.0 26.08 3.4037194541338125
1.03796 15.0 34.0 25.78 3.512601222305028
1.04939 13.0 32.0 25.44 3.620576118323081
1.05951 14.0 35.0 25.22 3.8134563036164235
1.06911 17.0 35.0 24.98 3.5998299279554975
1.07418 14.0 34.0 25.02 3.787681429614283
1.08836 14.0 32.0 24.68 3.851530308109455
1.09952 18.0 31.0 24.44 3.5465418626703773
1.10761 16.0 33.0 24.38 3.837994799583847
1.11957 16.0 33.0 24.32 3.9405790520310746
1.12996 13.0 30.0 23.96 3.7305139986170204
1.13948 17.0 31.0 23.82 3.6179258913225465
1.14812 14.0 31.0 23.96 3.653122790497054
1.15965 16.0 31.0 23.46 3.333258502561414
1.16827 16.0 32.0 23.32 3.5192763634657878
1.17768 16.0 34.0 23.46 3.780778453478293
1.18648 15.0 31.0 22.42 3.5172461398320225
1.19976 15.0 32.0 22.32 3.616515404843368
1.20961 14.0 30.0 22.46 3.7915588307907
1.21884 12.0 31.0 21.88 4.0185285153363575
1.22997 14.0 30.0 21.5 3.8663910293498165
1.23736 13.0 30.0 21.7 3.7101625466344434
1.2494 14.0 29.0 21.56 3.2081528794555885
1.25579 15.0 30.0 21.18 3.3908038899954334
1.2667 14.0 29.0 21.18 3.5322999387287113
1.27853 13.0 27.0 20.78 3.21533316266585
1.28806 13.0 28.0 20.98 3.3104041309489816
1.29965 14.0 28.0 20.74 3.5214213271440986
1.30976 13.0 28.0 20.54 3.7209281264825553
1.31907 12.0 27.0 20.48 3.5239124824083627
1.32908 11.0 26.0 19.8 3.446382309089948
1.33818 12.0 27.0 20.16 3.66093553338376
1.3464 11.0 28.0 20.08 4.2080583529747795
1.35866 14.0 27.0 20.42 3.4171834684638838
1.36811 13.0 29.0 20.22 3.621308817405719
1.37782 14.0 28.0 20.18 3.657198660288545
1.38652 14.0 30.0 19.94 3.7602105889789454
1.3988 12.0 29.0 19.52 3.604079321422052
1.40919 11.0 29.0 18.9 3.581414610491907
1.41748 10.0 28.0 18.84 3.7436204238078172
1.42855 11.0 27.0 18.58 3.61453979908697
1.43933 10.0 26.0 18.44 3.5465418626703773
1.44828 11.0 26.0 18.58 3.681669984877925
1.45768 11.0 27.0 18.44 3.844741970058138
1.46815 11.0 27.0 17.94 3.743892986435049
1.47898 12.0 28.0 17.78 3.5472898536942887
1.48766 11.0 26.0 17.54 3.5640495198007334
1.4987 9.0 25.0 17.8 3.6867108287325543
1.50798 10.0 25.0 17.72 3.8810896849798695
1.51873 11.0 26.0 17.48 3.871613068877369
1.5254 9.0 24.0 17.24 3.4319031431078395
1.53998 9.0 25.0 16.92 3.225156221497065
1.54857 10.0 24.0 16.6 3.487587318781058
1.55938 10.0 23.0 16.7 3.4478623960420487
1.56919 8.0 23.0 16.44 3.6653924811425482
1.5794 11.0 24.0 16.36 3.367067397178568
1.58511 9.0 24.0 15.9 3.693623849670827
1.59709 10.0 25.0 16.36 3.538476554469538
1.60737 10.0 24.0 15.9 3.459680296660667
1.61707 10.0 24.0 15.94 3.3951345739911702
1.62832 10.0 22.0 15.62 3.1094982861929243
1.63327 10.0 22.0 15.44 3.1243611591909835
1.6498 10.0 21.0 14.92 2.805533890040052
1.65601 9.0 23.0 15.08 3.312561127660861
1.66954 10.0 21.0 14.88 3.0347645573202784
1.67922 9.0 21.0 14.62 3.2943365130515265
1.68991 8.0 21.0 14.42 3.295575264886331
1.69972 6.0 21.0 14.4 3.368521749300456
1.70927 9.0 20.0 14.3 3.4478623960420487
1.71442 9.0 21.0 14.42 3.314100980073246
1.72785 7.0 20.0 14.0 3.1233158727250636
1.73095 7.0 20.0 13.86 2.9347321958271575
1.74961 5.0 20.0 14.0 3.116774889895918
1.75708 7.0 22.0 13.76 3.165889628975897
1.76916 8.0 20.0 13.78 3.105557888032095
1.77028 8.0 19.0 13.64 2.86968674959765
1.78226 7.0 19.0 13.44 2.956556187491778
1.81034 8.0 20.0 13.14 2.784871667434899
1.82261 7.0 19.0 13.0 3.003399434518377
1.83937 7.0 20.0 13.24 3.554588870856421
1.8479 7.0 20.0 13.18 3.485772833231959
1.85736 6.0 21.0 13.16 3.6665058715516126
1.86928 6.0 22.0 12.92 3.618771919323133
1.87423 6.0 21.0 12.7 3.3579026495837594
1.885 6.0 18.0 12.58 3.1173641403713925
1.89975 6.0 18.0 12.4 3.003399434518377
1.90919 6.0 20.0 12.34 3.014319566499145
1.91872 6.0 19.0 12.36 2.8979936761385066
1.92242 7.0 20.0 11.92 2.754143446236775
1.93866 7.0 19.0 11.76 2.646214084232762
1.94906 6.0 18.0 11.84 2.667720880054274
1.96809 5.0 18.0 11.82 2.8117102065672213
1.98925 5.0 17.0 11.38 2.884794761560436
1.99859 4.0 17.0 11.16 2.88104289507555
2.00945 4.0 17.0 11.22 2.908748240486036
2.02696 2.0 17.0 11.18 3.028369265489806
2.04931 4.0 16.0 10.88 2.654530205562728
2.05915 5.0 16.0 10.68 2.6142466819880856
2.06609 4.0 20.0 10.44 2.8005830296783647
2.07934 4.0 19.0 10.18 2.753031724021608
2.08781 4.0 20.0 10.3 2.9640705601780613
2.09987 4.0 21.0 10.32 3.1065434561418837
2.10083 5.0 17.0 10.18 2.840594936247816
2.11749 4.0 17.0 9.86 2.740549624600503
2.12756 5.0 17.0 9.76 2.759473478319917
2.13704 4.0 15.0 9.6 2.7330180671012845
2.14826 4.0 16.0 9.26 2.655836852623877
2.15285 3.0 18.0 9.3 2.866057521105554
2.16871 4.0 18.0 9.34 2.959660763792819
2.17813 3.0 19.0 9.2 3.0904725218262765
2.18768 2.0 17.0 9.24 3.197958532487594
2.19826 2.0 20.0 9.0 3.3380918415851206
2.20564 3.0 20.0 8.92 3.0761757334159476
2.21917 3.0 19.0 8.88 3.2302144997330617
2.22807 2.0 19.0 8.92 3.373607044366003
2.23914 3.0 17.0 8.58 2.8791296870933136
2.24972 2.0 17.0 8.62 3.1356410665060475
2.25283 3.0 17.0 8.5 3.011881234615431
2.26965 1.0 18.0 8.36 3.2056073320584573
2.27714 2.0 16.0 7.98 3.1654383582688825
2.28633 1.0 15.0 8.14 3.207198535946846
2.29987 2.0 15.0 7.76 3.0004081355028744
2.30921 1.0 16.0 8.02 3.1265159588296245
2.32845 2.0 16.0 8.16 3.352489175742315
2.34598 2.0 14.0 7.72 3.1431168723847014
2.35258 2.0 15.0 7.6 2.8926366759023696
2.36057 1.0 14.0 7.46 3.227496660552502
2.37859 2.0 15.0 7.4 3.136356914300021
2.3898 2.0 15.0 7.4 2.9485382057928993
2.39528 2.0 14.0 7.54 2.8443284060798346
2.40879 2.0 15.0 7.46 2.991211617183831
2.41501 1.0 13.0 6.98 2.551430171172111
2.42725 2.0 13.0 6.96 2.702681963516678
2.4363 2.0 14.0 7.04 2.962073184615871
2.44489 2.0 12.0 6.88 2.7153381418323934
2.46245 2.0 13.0 6.66 2.8256117271580434
2.47074 2.0 14.0 6.8 2.842821248876057
2.49474 2.0 13.0 6.68 2.98595351058032
2.50422 1.0 12.0 6.48 2.8517091187495236
2.51042 1.0 12.0 6.16 2.8382230715857473
2.53962 1.0 11.0 6.06 2.7136089381832003
2.54904 0.0 13.0 5.94 2.8743055949326655
2.56456 1.0 12.0 6.12 2.692696092190494
2.61986 1.0 13.0 5.88 2.890095683748981
2.62161 1.0 14.0 5.94 2.9789054283445133
2.64802 0.0 13.0 5.56 2.7859706841711787
2.65738 1.0 11.0 5.48 2.509085531440017
2.69155 1.0 11.0 5.36 2.5535889110290664
2.70972 1.0 10.0 5.38 2.4234399568567397
2.72373 1.0 11.0 5.38 2.546626419883564
2.74336 1.0 10.0 5.4 2.5475077857324298
2.75689 1.0 11.0 5.4 2.821202522590214
2.78977 0.0 12.0 5.46 2.7420385683290602
2.79494 0.0 11.0 5.2 2.695423180587601
2.80937 0.0 13.0 5.14 2.913795476973745
2.81752 0.0 13.0 5.2 2.7847983842311326
2.82996 1.0 12.0 4.94 2.675741362077937
2.83606 0.0 12.0 4.68 2.691179848986655
2.85271 0.0 12.0 4.86 2.8428930363850364
2.86049 0.0 10.0 4.46 2.54918954707938
2.88987 0.0 11.0 4.84 2.9510288762686527
2.89415 0.0 10.0 4.64 2.6089328493169193
2.91215 0.0 10.0 4.6 2.5634797778466227
2.92549 0.0 9.0 4.28 2.4664276405608274
2.93075 0.0 9.0 4.489795918367347 2.390279350651229
2.94437 0.0 12.0 4.653061224489796 2.5376417892090557
2.95707 0.0 12.0 4.285714285714286 2.516611478423583
2.97447 0.0 11.0 4.448979591836735 2.5418269716370343
2.98889 0.0 12.0 4.163265306122449 2.460919025278888
2.99034 0.0 11.0 3.8979591836734695 2.5596622332447145
3.00738 0.0 10.0 3.857142857142857 2.4916527312876755
3.01654 0.0 10.0 3.9591836734693877 2.449142568273209
3.02606 0.0 10.0 3.836734693877551 2.535965782296676
3.10562 0.0 9.0 3.857142857142857 2.327373340628157
3.12886 0.0 10.0 3.510204081632653 2.5341208944095373
3.14664 0.0 10.0 3.5918367346938775 2.4909700866909494
3.15412 0.0 10.0 3.5918367346938775 2.397206424039403
3.16273 0.0 11.0 3.4489795918367347 2.483790991020547
3.1793 0.0 7.0 3.3877551020408165 2.187238808507699
3.18735 0.0 9.0 3.4489795918367347 2.5088279508716473
3.21417 0.0 9.0 3.5208333333333335 2.287706119845847
3.22862 0.0 9.0 3.3191489361702127 2.450433705877598
3.24607 0.0 8.0 3.4468085106382977 2.253581792905973
3.26938 0.0 8.0 3.1956521739130435 2.2668584744079565
3.27081 0.0 9.0 3.3636363636363638 2.168387130660569
3.2945 0.0 9.0 3.255813953488372 2.226389595562564
3.31845 0.0 8.0 3.6744186046511627 2.123798598564533
3.32929 0.0 8.0 3.4186046511627906 2.1847148461585255
3.34761 0.0 8.0 3.372093023255814 2.182432629342045
3.35774 0.0 7.0 2.9069767441860463 2.180148023462672
3.36689 0.0 7.0 2.9302325581395348 2.313473463958154
3.37983 0.0 8.0 3.380952380952381 2.3368978911742553
3.3828 0.0 7.0 3.1463414634146343 2.2199208950968963
3.39565 0.0 8.0 3.2 2.1507303470312187
3.40489 0.0 8.0 2.825 2.0741077785214244
3.41491 0.0 9.0 3.125 2.2209665255677105
3.43308 0.0 8.0 2.825 2.098687013226884
3.51167 0.0 7.0 2.65 2.0324293913366906
3.53501 0.0 7.0 2.55 2.050015634712112
3.61911 0.0 8.0 2.575 2.0741077785214244
3.70783 0.0 9.0 2.725 2.075343653964635
3.72666 0.0 9.0 2.5 2.160246899469287
3.75307 0.0 8.0 2.45 1.8803982120544136
3.84175 0.0 8.0 2.375 2.0341633446752776
3.85242 0.0 8.0 2.325 1.8863545089227882
3.8998 0.0 9.0 2.282051282051282 1.9594402792193644
3.90581 0.0 8.0 2.4358974358974357 1.7591096999824085
3.91103 0.0 9.0 2.2051282051282053 2.041406728336939
3.94451 0.0 9.0 2.282051282051282 1.9993251223023647
3.95185 0.0 7.0 2.324324324324324 1.7803566130608974
4.01958 0.0 6.0 2.3714285714285714 1.7164552098423536
4.02779 0.0 7.0 2.6 1.9281200841294948
4.03626 0.0 7.0 2.4285714285714284 1.8831405915106174
4.04868 0.0 7.0 2.257142857142857 1.8683565779906706
4.05397 0.0 7.0 2.2857142857142856 1.9031155349835696
4.10692 0.0 7.0 2.142857142857143 1.7846215143777213
4.13853 0.0 7.0 1.9142857142857144 1.6868248727299773
4.1554 0.0 6.0 2.121212121212121 1.745665628019434
4.17775 0.0 7.0 2.1818181818181817 1.8448330794164254
4.2244 0.0 7.0 2.34375 1.8423227800270103
4.23248 0.0 6.0 2.1875 1.891193512897558
4.25173 0.0 7.0 2.0 1.7597653802562394
4.26893 0.0 5.0 1.8709677419354838 1.4774287458029003
4.2761 0.0 6.0 2.1666666666666665 1.487495774165735
4.32987 0.0 6.0 1.8 1.3746472901853017
4.35654 0.0 7.0 2.033333333333333 1.8096167118144553
4.38448 0.0 6.0 1.9333333333333333 1.6174337556830538
4.39545 0.0 5.0 1.9333333333333333 1.4605934866804429
4.4251 0.0 6.0 1.5666666666666667 1.3817363722139078
4.47728 0.0 6.0 1.6206896551724137 1.4739110533215525
4.52814 0.0 7.0 1.7142857142857142 1.6297498753135882
4.89914 0.0 6.0 1.5357142857142858 1.452511053241372
4.90008 0.0 7.0 1.4444444444444444 1.577079416890439
4.96119 0.0 5.0 1.4814814814814814 1.451004171397555
4.97738 0.0 6.0 1.2962962962962963 1.3816048309237736
5.11011 0.0 5.0 1.24 1.3316656236958786
5.16334 0.0 6.0 1.625 1.438976085247091
5.32606 0.0 6.0 1.375 1.7147062113681013
5.33611 0.0 6.0 1.4583333333333333 1.5316704909195133
5.35693 0.0 7.0 1.434782608695652 1.6740285366450525
5.41423 0.0 7.0 1.5217391304347827 1.6752086767540146
5.43298 0.0 6.0 1.5 1.6547190813232433
5.44628 0.0 5.0 1.8 1.399247918291146
5.70741 0.0 5.0 1.3 1.3416407864998738
5.72502 0.0 5.0 1.65 1.4244112357114616
5.73389 0.0 6.0 1.7 1.6575187543592476
5.91892 0.0 5.0 1.75 1.6181535936466533
5.95426 0.0 5.0 2.0 1.5811388300841898
6.02675 0.0 5.0 1.9375 1.526160760426852
6.04182 0.0 5.0 1.9375 1.6111590031195968
6.09815 0.0 6.0 1.8125 1.7594980344783944
23.8752 0.0 4.0 1.625 1.3102162671355697
