0.00945688 50 27 71 98
0.0199267 50 34 64 98
0.029407 50 38 59 97
0.0399974 50 38 59 97
0.0464649 50 40 56 96
0.0597686 50 39 56 95
0.0689785 50 41 54 95
0.0793261 50 38 57 95
0.0891293 50 43 48 91
0.099415 50 39 51 90
0.109206 50 44 46 90
0.119692 50 43 47 90
0.129612 50 40 48 88
0.139933 50 40 46 86
0.148617 50 40 45 85
0.159946 50 42 42 84
0.169032 50 40 44 84
0.179276 50 37 45 82
0.188403 50 41 41 82
0.198568 50 40 42 82
0.20993 50 39 43 82
0.219419 50 38 44 82
0.228145 50 37 45 82
0.237389 50 39 43 82
0.249458 50 41 41 82
0.255217 50 38 43 81
0.269011 50 38 43 81
0.278489 50 40 40 80
0.287785 50 41 39 80
0.299456 50 41 37 78
0.309607 50 40 38 78
0.318522 50 39 38 77
0.328679 50 37 39 76
0.339828 50 36 40 76
0.349414 50 41 34 75
0.359126 50 41 34 75
0.368045 50 38 37 75
0.379814 50 34 41 75
0.389807 50 36 38 74
0.399753 50 34 39 73
0.408811 50 34 39 73
0.416576 50 37 35 72
0.42951 50 38 33 71
0.438231 50 42 29 71
0.449932 50 45 26 71
0.457177 50 42 29 71
0.469439 50 41 30 71
0.478849 50 39 31 70
0.488114 50 41 28 69
0.499997 50 35 31 66
0.509759 50 41 25 66
0.519429 50 41 24 65
0.528305 50 44 21 65
0.538466 50 41 24 65
0.549265 50 39 25 64
0.558695 50 39 24 63
0.569109 50 36 26 62
0.578526 50 37 25 62
0.589802 50 34 26 60
0.59872 50 32 27 59
0.60939 50 33 25 58
0.618273 50 30 28 58
0.628494 50 32 26 58
0.63852 50 33 23 56
0.649262 50 35 21 56
0.659586 50 35 21 56
0.66942 50 34 21 55
0.679349 50 38 17 55
0.689871 50 35 19 54
0.699097 50 38 16 54
0.709671 50 38 16 54
0.715447 50 38 16 54
0.728807 50 36 18 54
0.739043 50 36 17 53
0.749621 50 34 18 52
0.759685 50 34 18 52
0.766294 50 36 16 52
0.777486 50 33 19 52
0.78718 50 37 15 52
0.799775 50 36 15 51
0.807746 50 35 16 51
0.812223 50 32 19 51
0.828778 50 29 21 50
0.839755 50 25 23 48
0.849596 50 28 20 48
0.859688 50 32 16 48
0.868314 50 30 18 48
0.87955 50 29 18 47
0.889399 50 29 17 46
0.899916 50 28 18 46
0.909311 50 31 15 46
0.91941 50 28 18 46
0.929749 50 26 20 46
0.939878 50 26 19 45
0.94943 50 30 15 45
0.959846 50 27 17 44
0.96958 50 29 14 43
0.978555 50 32 11 43
0.989305 50 32 10 42
0.998512 50 29 13 42
1.0098 50 29 12 41
1.01873 50 26 15 41
1.02743 50 27 14 41
1.03924 50 25 16 41
1.04995 50 23 18 41
1.05652 50 23 17 40
1.06939 50 25 15 40
1.07761 50 24 14 38
1.08957 50 26 12 38
1.09893 50 23 15 38
1.10801 50 21 16 37
1.11987 50 20 16 36
1.12822 50 22 14 36
1.1399 50 21 15 36
1.1482 50 21 15 36
1.15464 50 23 13 36
1.16907 50 23 13 36
1.17813 50 26 10 36
1.18643 50 25 10 35
1.19807 50 23 12 35
1.20911 50 25 10 35
1.21536 50 26 9 35
1.2263 50 25 9 34
1.23555 50 23 11 34
1.24934 50 22 12 34
1.25832 50 22 12 34
1.2691 50 20 14 34
1.27898 50 21 11 32
1.2883 50 21 11 32
1.29721 50 22 10 32
1.30811 50 27 4 31
1.31877 50 24 6 30
1.3293 50 23 7 30
1.33523 50 26 4 30
1.34959 50 24 6 30
1.35574 50 24 6 30
1.36952 50 25 4 29
1.37954 50 24 4 28
1.38969 50 19 9 28
1.39753 50 19 9 28
1.40574 50 22 6 28
1.41212 50 23 5 28
1.42679 50 26 2 28
1.43658 50 24 3 27
1.44468 50 21 6 27
1.45883 50 21 6 27
1.46814 50 23 4 27
1.4782 50 20 7 27
1.4899 50 15 10 25
1.49783 50 15 10 25
1.50951 50 16 8 24
1.51962 50 14 10 24
1.52947 50 18 6 24
1.53941 50 14 8 22
1.5497 50 17 5 22
1.55585 50 17 5 22
1.56191 50 16 6 22
1.57987 50 17 5 22
1.58842 50 16 6 22
1.5962 50 18 4 22
1.60357 50 18 3 21
1.61419 50 19 2 21
1.62374 50 19 2 21
1.6325 50 17 4 21
1.64748 50 16 4 20
1.65905 50 17 3 20
1.6693 50 16 4 20
1.67578 50 15 4 19
1.6886 50 14 5 19
1.69023 50 13 6 19
1.70927 50 13 6 19
1.72999 50 11 7 18
1.73654 50 10 8 18
1.7484 50 14 4 18
1.7586 50 16 2 18
1.76898 50 15 3 18
1.778 50 14 4 18
1.78309 50 15 3 18
1.79309 50 14 4 18
1.80873 50 12 6 18
1.81882 50 13 4 17
1.82939 50 8 9 17
1.83728 50 11 5 16
1.84523 50 10 6 16
1.85417 50 11 5 16
1.8634 50 11 5 16
1.8757 50 13 3 16
1.88958 50 9 6 15
1.89475 50 8 7 15
1.90788 50 10 5 15
1.9186 50 10 4 14
1.92933 50 7 7 14
1.93403 50 9 4 13
1.94616 50 9 4 13
1.95958 50 11 2 13
1.97999 50 12 1 13
1.98986 50 12 1 13
1.99043 50 11 2 13
2.00697 50 10 3 13
2.03678 50 11 2 13
2.04398 50 10 3 13
2.05451 50 11 2 13
2.06158 50 12 1 13
2.07719 50 12 1 13
2.10418 50 13 0 13
2.14896 50 13 0 13
2.15637 50 12 1 13
2.16748 50 10 2 12
2.17863 50 9 3 12
2.18943 50 10 2 12
2.19687 50 9 3 12
2.20881 50 9 3 12
2.21816 50 10 2 12
2.22518 50 10 2 12
2.24993 50 10 2 12
2.25452 50 10 2 12
2.2697 50 10 2 12
2.27919 50 8 4 12
2.2869 50 9 2 11
2.29862 50 9 2 11
2.30394 50 10 1 11
2.33871 50 8 3 11
2.35819 50 7 4 11
2.36908 50 8 3 11
2.37614 50 9 2 11
2.39714 50 10 1 11
2.41853 50 9 2 11
2.42823 50 10 1 11
2.43054 50 11 0 11
2.44968 50 9 2 11
2.45779 50 8 3 11
2.46575 50 10 1 11
2.47219 50 9 2 11
2.48989 50 8 3 11
2.49974 50 10 1 11
2.50063 50 9 1 10
2.52323 50 10 0 10
2.53649 50 7 3 10
2.54693 50 6 4 10
2.55842 50 7 3 10
2.56219 50 8 2 10
2.57485 50 8 2 10
2.58945 50 7 3 10
2.59137 50 7 2 9
2.60844 50 7 1 8
2.62838 50 7 1 8
2.64682 50 6 2 8
2.65991 50 5 3 8
2.66986 50 6 2 8
2.67562 50 6 2 8
2.68159 50 8 0 8
2.69943 50 6 2 8
2.70289 50 8 0 8
2.73761 50 7 1 8
2.7456 50 7 1 8
2.7526 50 7 1 8
2.76712 50 6 2 8
2.77476 50 7 1 8
2.78869 50 6 2 8
2.79033 50 7 1 8
2.8018 50 6 2 8
2.8199 50 5 3 8
2.8297 50 8 0 8
2.83042 50 7 1 8
2.84644 50 7 1 8
2.85866 50 8 0 8
2.87999 50 7 1 8
2.88888 50 7 1 8
2.8974 50 5 3 8
2.90974 50 6 2 8
2.92979 50 7 1 8
2.94837 50 8 0 8
2.95938 50 7 1 8
2.97441 50 8 0 8
2.98815 50 7 1 8
3.01943 50 6 2 8
3.02212 50 5 3 8
3.03701 50 7 1 8
3.04205 50 6 2 8
3.05701 50 5 3 8
3.06555 50 3 5 8
3.07725 50 6 2 8
3.08689 50 7 1 8
3.10395 50 7 1 8
3.11928 50 7 1 8
3.13754 50 7 1 8
3.14966 50 7 1 8
3.15981 50 8 0 8
3.17698 50 7 1 8
3.18837 50 7 1 8
3.19511 50 6 2 8
3.21623 50 6 2 8
3.2274 50 5 3 8
3.23424 50 7 1 8
3.25516 50 7 1 8
3.26582 50 8 0 8
3.28625 50 5 3 8
3.3033 50 5 2 7
3.31967 50 6 1 7
3.32656 50 7 0 7
3.36786 50 6 1 7
3.37569 50 6 1 7
3.39968 50 5 2 7
3.40791 50 4 3 7
3.41897 50 5 2 7
3.43684 50 6 1 7
3.44689 50 5 2 7
3.45082 50 4 3 7
3.46296 50 5 2 7
3.47702 50 3 4 7
3.48995 50 6 1 7
3.49977 50 5 2 7
3.50939 50 6 1 7
3.51036 50 7 0 7
3.54517 50 7 0 7
3.55546 50 5 1 6
3.56719 50 5 1 6
3.5765 50 3 1 4
3.58287 50 4 0 4
3.60641 50 3 0 3
3.61931 50 2 1 3
3.62557 50 3 0 3
3.64905 50 2 1 3
3.65033 50 1 2 3
3.66428 50 2 1 3
3.68202 50 3 0 3
3.70558 50 2 1 3
3.71894 50 3 0 3
3.75908 50 3 0 3
3.79861 50 3 0 3
3.8772 50 2 1 3
3.90766 50 2 1 3
3.91827 50 3 0 3
3.93986 50 2 1 3
3.94728 50 2 1 3
3.95677 50 3 0 3
3.99147 50 2 1 3
4.00811 50 1 2 3
4.01524 50 2 1 3
4.02489 50 3 0 3
4.07639 50 2 1 3
4.08081 50 3 0 3
4.10412 50 2 1 3
4.14047 50 3 0 3
4.15714 50 2 1 3
4.1744 50 2 1 3
4.18028 50 3 0 3
4.19819 50 2 1 3
4.20163 50 3 0 3
4.21395 50 2 1 3
4.22881 50 3 0 3
4.23867 50 2 1 3
4.26785 50 3 0 3
4.28969 50 2 1 3
4.2941 50 3 0 3
4.35373 50 2 1 3
4.37757 50 3 0 3
4.38534 50 2 1 3
4.41172 50 2 1 3
4.45625 50 2 1 3
4.47482 50 3 0 3
4.48525 50 2 1 3
4.49908 50 1 2 3
4.50671 50 2 1 3
4.51782 50 2 1 3
4.52384 50 3 0 3
4.56141 50 2 1 3
4.57739 50 3 0 3
4.62551 50 1 2 3
4.6329 50 3 0 3
4.64231 50 3 0 3
4.70212 50 2 1 3
4.71707 50 3 0 3
4.77808 50 2 1 3
4.7822 50 3 0 3
4.80399 50 2 1 3
4.81274 50 1 2 3
4.84838 50 2 1 3
4.85386 50 3 0 3
4.88779 50 2 1 3
4.89808 50 3 0 3
4.92993 50 2 1 3
4.9368 50 1 2 3
4.9694 50 1 2 3
4.97917 50 2 1 3
4.98247 50 3 0 3
5.01583 50 2 1 3
5.03433 50 2 0 2
5.04673 50 2 0 2
5.06391 50 1 1 2
5.07962 50 2 0 2
5.10744 50 1 1 2
5.15005 50 2 0 2
5.19901 50 1 1 2
5.20237 50 2 0 2
5.21822 50 1 1 2
5.2288 50 2 0 2
5.23921 50 1 1 2
5.2628 50 2 0 2
5.34953 50 1 1 2
5.35082 50 2 0 2
5.38926 50 1 1 2
5.46296 50 2 0 2
5.48539 50 1 1 2
5.49297 50 2 0 2
5.50478 50 1 1 2
5.53367 50 2 0 2
5.54518 50 1 1 2
5.55125 50 2 0 2
5.62952 50 1 0 1
5.66314 50 0 1 1
5.67136 50 1 0 1
5.73748 50 0 1 1
5.74852 50 1 0 1
6.19722 50 1 0 1
6.21945 50 1 0 1
6.23194 50 0 1 1
6.24157 50 1 0 1
6.27394 50 0 1 1
6.28549 50 1 0 1
6.31587 50 0 1 1
6.32295 50 1 0 1
6.50804 50 0 1 1
6.51975 50 1 0 1
6.72847 50 0 1 1
6.73406 50 1 0 1
6.78597 50 0 1 1
6.79404 50 1 0 1
6.81157 50 0 1 1
6.82907 50 1 0 1
6.84975 50 0 1 1
6.90668 50 1 0 1
6.95988 50 0 1 1
6.97619 50 1 0 1
7.05118 50 0 0 0
23.2168 50 0 0 0
