0.0098224 50 32 67 99
0.0192554 50 37 61 98
0.0298692 50 42 55 97
0.0397784 50 42 54 96
0.0494428 50 44 52 96
0.0598435 50 44 51 95
0.068501 50 44 51 95
0.0798181 50 42 53 95
0.0897671 50 43 52 95
0.0972404 50 45 50 95
0.107497 50 48 47 95
0.119964 50 44 51 95
0.127834 50 44 48 92
0.137528 50 42 49 91
0.148054 50 42 49 91
0.158643 50 43 47 90
0.169654 50 44 45 89
0.178021 50 39 46 85
0.189808 50 39 46 85
0.199427 50 34 48 82
0.209468 50 36 45 81
0.217812 50 39 42 81
0.228495 50 36 45 81
0.239885 50 39 42 81
0.245915 50 41 39 80
0.259695 50 39 41 80
0.269726 50 40 40 80
0.278862 50 41 38 79
0.285987 50 39 40 79
0.298024 50 36 43 79
0.308856 50 38 41 79
0.319092 50 40 38 78
0.329155 50 40 37 77
0.339499 50 37 39 76
0.349982 50 38 37 75
0.359084 50 33 39 72
0.369776 50 36 36 72
0.379058 50 35 35 70
0.389393 50 34 35 69
0.399894 50 33 35 68
0.408984 50 37 31 68
0.418879 50 35 31 66
0.429048 50 36 29 65
0.43828 50 35 29 64
0.448333 50 36 28 64
0.458855 50 36 27 63
0.469639 50 34 27 61
0.479903 50 34 27 61
0.485734 50 36 25 61
0.499496 50 37 24 61
0.50978 50 38 22 60
0.518871 50 36 22 58
0.529207 50 37 19 56
0.539265 50 35 20 55
0.54918 50 30 22 52
0.559467 50 31 21 52
0.566681 50 34 18 52
0.579505 50 33 17 50
0.589055 50 37 12 49
0.597231 50 33 16 49
0.608042 50 31 18 49
0.619946 50 34 14 48
0.628299 50 34 14 48
0.634981 50 33 15 48
0.649854 50 31 17 48
0.659767 50 28 20 48
0.66847 50 29 18 47
0.679191 50 30 17 47
0.689703 50 27 19 46
0.699601 50 29 16 45
0.708939 50 27 17 44
0.718138 50 28 16 44
0.72877 50 26 17 43
0.739672 50 26 15 41
0.747429 50 27 14 41
0.759757 50 29 11 40
0.769913 50 31 9 40
0.779221 50 29 11 40
0.786326 50 31 8 39
0.797938 50 28 11 39
0.802745 50 28 11 39
0.818087 50 28 10 38
0.829305 50 28 10 38
0.839901 50 27 11 38
0.849683 50 26 12 38
0.859598 50 28 10 38
0.867968 50 30 8 38
0.878181 50 29 9 38
0.889781 50 30 8 38
0.899395 50 29 9 38
0.908777 50 25 13 38
0.917949 50 26 12 38
0.929732 50 27 11 38
0.939097 50 29 8 37
0.949375 50 31 5 36
0.95875 50 27 7 34
0.968482 50 26 8 34
0.978868 50 23 10 33
0.989063 50 21 10 31
0.997798 50 22 9 31
1.00907 50 20 11 31
1.01506 50 21 10 31
1.02345 50 21 9 30
1.03794 50 24 6 30
1.0494 50 21 9 30
1.05693 50 18 12 30
1.06999 50 17 13 30
1.0798 50 23 7 30
1.0895 50 21 8 29
1.09926 50 21 8 29
1.10961 50 22 7 29
1.11742 50 21 8 29
1.12977 50 21 8 29
1.13833 50 19 10 29
1.14621 50 20 8 28
1.15625 50 20 7 27
1.16578 50 20 7 27
1.17955 50 21 5 26
1.18761 50 21 4 25
1.19541 50 19 6 25
1.20881 50 17 8 25
1.21858 50 16 8 24
1.22896 50 18 6 24
1.23867 50 19 5 24
1.24557 50 19 5 24
1.25653 50 16 7 23
1.26852 50 17 6 23
1.27617 50 18 4 22
1.28643 50 16 5 21
1.29652 50 15 5 20
1.30724 50 15 5 20
1.31921 50 16 4 20
1.3299 50 15 5 20
1.33997 50 15 5 20
1.34604 50 16 4 20
1.36692 50 17 3 20
1.37948 50 16 4 20
1.38747 50 18 2 20
1.39633 50 16 4 20
1.40482 50 15 3 18
1.41682 50 14 4 18
1.42855 50 15 3 18
1.43889 50 15 3 18
1.44637 50 14 4 18
1.45348 50 14 4 18
1.46689 50 14 3 17
1.47691 50 14 3 17
1.48842 50 13 4 17
1.49938 50 13 3 16
1.50076 50 14 2 16
1.51867 50 14 2 16
1.52617 50 14 2 16
1.53735 50 15 1 16
1.55897 50 13 2 15
1.56653 50 14 1 15
1.57358 50 14 1 15
1.58777 50 13 2 15
1.59745 50 11 4 15
1.60991 50 11 4 15
1.6293 50 11 4 15
1.63863 50 11 3 14
1.65963 50 13 1 14
1.66949 50 13 1 14
1.67777 50 12 2 14
1.68538 50 11 3 14
1.69965 50 12 2 14
1.70589 50 11 3 14
1.71809 50 10 3 13
1.72859 50 9 4 13
1.73328 50 8 5 13
1.74035 50 9 4 13
1.75426 50 9 4 13
1.76876 50 12 1 13
1.77903 50 12 1 13
1.78673 50 11 2 13
1.80858 50 10 3 13
1.81702 50 12 1 13
1.82872 50 10 3 13
1.83656 50 9 4 13
1.84862 50 10 3 13
1.85701 50 10 3 13
1.86381 50 12 1 13
1.88254 50 11 2 13
1.89851 50 11 2 13
1.90804 50 11 2 13
1.91961 50 11 2 13
1.92663 50 12 1 13
1.93423 50 10 3 13
1.9456 50 12 1 13
1.9669 50 12 1 13
1.97569 50 10 3 13
1.98949 50 11 2 13
1.9958 50 12 1 13
2.00893 50 12 1 13
2.01956 50 12 1 13
2.02656 50 12 1 13
2.03258 50 11 2 13
2.04974 50 10 3 13
2.05929 50 12 1 13
2.06677 50 11 2 13
2.07982 50 11 2 13
2.0884 50 9 4 13
2.10521 50 11 2 13
2.1143 50 11 2 13
2.12907 50 13 0 13
2.13291 50 12 1 13
2.14217 50 11 1 12
2.15311 50 10 2 12
2.16995 50 8 4 12
2.17541 50 10 2 12
2.18721 50 10 2 12
2.19619 50 12 0 12
2.21846 50 9 3 12
2.22866 50 10 2 12
2.23438 50 11 0 11
2.24757 50 8 3 11
2.25781 50 8 3 11
2.26017 50 9 2 11
2.27646 50 8 3 11
2.29461 50 9 2 11
2.31878 50 9 2 11
2.32881 50 10 1 11
2.3396 50 8 3 11
2.34312 50 9 2 11
2.36862 50 9 2 11
2.37005 50 8 2 10
2.38995 50 9 1 10
2.40968 50 10 0 10
2.41991 50 10 0 10
2.42878 50 9 1 10
2.4478 50 9 1 10
2.47322 50 9 1 10
2.49622 50 8 2 10
2.50179 50 9 1 10
2.51803 50 9 1 10
2.5209 50 9 1 10
2.53807 50 7 3 10
2.54494 50 9 1 10
2.55992 50 10 0 10
2.56959 50 9 1 10
2.57879 50 9 1 10
2.58175 50 8 2 10
2.5993 50 8 2 10
2.60646 50 7 3 10
2.62947 50 8 2 10
2.64319 50 8 2 10
2.65973 50 8 0 8
2.66577 50 7 1 8
2.67942 50 5 3 8
2.70031 50 6 2 8
2.7197 50 6 1 7
2.73349 50 7 0 7
2.74596 50 5 2 7
2.7535 50 6 1 7
2.7683 50 7 0 7
2.79364 50 6 1 7
2.80805 50 5 2 7
2.81108 50 6 1 7
2.82447 50 5 2 7
2.84231 50 6 1 7
2.85327 50 7 0 7
2.86898 50 4 3 7
2.87736 50 6 1 7
2.91545 50 5 2 7
2.93679 50 3 4 7
2.96077 50 4 3 7
2.99258 50 5 2 7
3.0291 50 6 1 7
3.03825 50 6 1 7
3.04673 50 6 1 7
3.05785 50 5 2 7
3.07794 50 5 2 7
3.0889 50 6 1 7
3.09851 50 4 3 7
3.10265 50 3 4 7
3.11788 50 3 4 7
3.12483 50 5 2 7
3.13602 50 4 3 7
3.16459 50 6 1 7
3.17593 50 5 2 7
3.18757 50 6 1 7
3.19427 50 5 2 7
3.20234 50 6 1 7
3.2254 50 7 0 7
3.23456 50 6 1 7
3.24598 50 5 2 7
3.25877 50 6 1 7
3.27264 50 7 0 7
3.29955 50 6 1 7
3.30341 50 5 0 5
3.31711 50 4 1 5
3.32943 50 2 2 4
3.37085 50 3 1 4
3.39873 50 4 0 4
3.409 50 4 0 4
3.41942 50 2 2 4
3.44551 50 4 0 4
3.47994 50 4 0 4
3.49802 50 3 1 4
3.53081 50 3 1 4
3.54781 50 2 2 4
3.5515 50 3 1 4
3.56641 50 2 2 4
3.57413 50 2 2 4
3.5985 50 3 1 4
3.6164 50 4 0 4
3.63401 50 3 1 4
3.65501 50 4 0 4
3.67054 50 3 1 4
3.68098 50 4 0 4
3.71927 50 3 1 4
3.7289 50 3 0 3
3.73969 50 2 1 3
3.74509 50 3 0 3
3.77822 50 2 1 3
3.78592 50 2 1 3
3.83218 50 3 0 3
3.87833 50 3 0 3
3.99252 50 2 1 3
4.00799 50 3 0 3
4.02812 50 2 1 3
4.04931 50 2 0 2
4.09434 50 1 0 1
4.18774 50 1 0 1
4.26533 50 0 1 1
4.29956 50 1 0 1
4.34879 50 1 0 1
4.42977 50 0 1 1
4.43944 50 1 0 1
4.44758 50 0 1 1
4.49717 50 1 0 1
4.52244 50 0 1 1
4.53874 50 1 0 1
4.58697 50 0 1 1
4.62495 50 1 0 1
4.63037 50 0 1 1
4.69445 50 1 0 1
4.77295 50 0 1 1
4.83731 50 1 0 1
4.84654 50 0 1 1
4.85781 50 1 0 1
5.01766 50 0 1 1
5.0342 50 1 0 1
5.11136 50 0 1 1
5.16776 50 1 0 1
5.24436 50 0 1 1
5.25293 50 1 0 1
5.74481 50 0 1 1
5.78325 50 1 0 1
5.91352 50 1 0 1
6.05933 50 0 1 1
6.071 50 1 0 1
6.22417 50 0 1 1
6.23149 50 1 0 1
6.3563 50 0 1 1
6.37687 50 1 0 1
6.38784 50 0 1 1
6.3913 50 1 0 1
6.41472 50 0 0 0
52.2755 50 0 0 0
