0.00923844 50 28 72 100
0.0197089 50 38 61 99
0.0297738 50 41 58 99
0.0391629 50 38 61 99
0.0494217 50 40 56 96
0.0582622 50 46 49 95
0.069251 50 44 51 95
0.0787939 50 48 46 94
0.0899151 50 43 50 93
0.0998027 50 42 48 90
0.109937 50 39 49 88
0.118916 50 40 48 88
0.129976 50 41 47 88
0.13571 50 41 47 88
0.149465 50 42 45 87
0.159047 50 47 40 87
0.169773 50 42 44 86
0.178696 50 42 44 86
0.189092 50 42 44 86
0.198735 50 47 39 86
0.207205 50 45 41 86
0.216167 50 44 42 86
0.229195 50 44 41 85
0.239683 50 38 46 84
0.248399 50 43 41 84
0.259758 50 41 43 84
0.268693 50 41 42 83
0.279137 50 41 40 81
0.286882 50 40 40 80
0.299752 50 41 39 80
0.308686 50 37 42 79
0.319645 50 39 40 79
0.326495 50 42 37 79
0.335532 50 43 36 79
0.349915 50 43 36 79
0.358269 50 39 40 79
0.367214 50 38 41 79
0.379253 50 37 41 78
0.389874 50 39 37 76
0.399873 50 38 36 74
0.409064 50 38 36 74
0.416354 50 40 33 73
0.42818 50 34 38 72
0.439608 50 35 36 71
0.448674 50 38 31 69
0.457311 50 36 32 68
0.468958 50 38 29 67
0.478533 50 38 28 66
0.486596 50 39 27 66
0.498115 50 38 26 64
0.507695 50 40 24 64
0.519691 50 36 28 64
0.528264 50 36 28 64
0.538749 50 35 29 64
0.549995 50 34 29 63
0.559044 50 36 27 63
0.56894 50 34 29 63
0.579693 50 36 27 63
0.587982 50 34 28 62
0.599193 50 36 26 62
0.608213 50 36 26 62
0.619199 50 34 28 62
0.628538 50 34 28 62
0.638161 50 36 26 62
0.645743 50 36 26 62
0.655825 50 36 26 62
0.669378 50 36 25 61
0.676837 50 36 24 60
0.688256 50 30 29 59
0.699927 50 32 27 59
0.708297 50 31 27 58
0.718224 50 35 23 58
0.72997 50 35 22 57
0.738342 50 37 20 57
0.749335 50 34 23 57
0.756697 50 35 22 57
0.76895 50 31 25 56
0.778511 50 35 21 56
0.789932 50 34 21 55
0.798298 50 36 19 55
0.809528 50 34 19 53
0.81937 50 35 18 53
0.829647 50 36 16 52
0.837943 50 36 16 52
0.849497 50 35 17 52
0.859169 50 32 20 52
0.869091 50 32 19 51
0.87989 50 32 19 51
0.88909 50 35 16 51
0.89921 50 30 20 50
0.905972 50 29 20 49
0.919205 50 29 19 48
0.92965 50 28 20 48
0.938704 50 25 22 47
0.94979 50 29 18 47
0.959419 50 29 18 47
0.969637 50 26 21 47
0.977311 50 26 21 47
0.988399 50 29 17 46
0.996827 50 28 18 46
1.00819 50 29 17 46
1.01912 50 29 17 46
1.02948 50 28 16 44
1.03937 50 27 17 44
1.04868 50 29 13 42
1.05681 50 30 11 41
1.06369 50 30 10 40
1.07967 50 27 12 39
1.09641 50 31 8 39
1.10441 50 29 9 38
1.11961 50 27 9 36
1.12786 50 27 9 36
1.13827 50 28 8 36
1.14983 50 29 6 35
1.15488 50 28 7 35
1.16912 50 23 12 35
1.17858 50 25 10 35
1.18556 50 29 6 35
1.1979 50 26 8 34
1.20983 50 25 7 32
1.21697 50 23 8 31
1.22904 50 19 12 31
1.23875 50 19 12 31
1.24909 50 18 13 31
1.25931 50 22 8 30
1.26908 50 20 10 30
1.27959 50 20 8 28
1.28952 50 19 9 28
1.29877 50 19 9 28
1.30775 50 16 11 27
1.31903 50 13 13 26
1.32701 50 12 14 26
1.33853 50 14 12 26
1.34479 50 17 8 25
1.3517 50 17 8 25
1.36974 50 20 5 25
1.37881 50 20 5 25
1.38948 50 16 9 25
1.39977 50 19 5 24
1.40574 50 21 3 24
1.41589 50 19 4 23
1.42388 50 20 2 22
1.43978 50 20 2 22
1.44755 50 19 3 22
1.45906 50 15 6 21
1.46565 50 17 4 21
1.47875 50 15 6 21
1.48359 50 15 6 21
1.49638 50 14 7 21
1.50469 50 15 6 21
1.51953 50 11 8 19
1.52908 50 11 7 18
1.53988 50 14 4 18
1.54965 50 15 3 18
1.55212 50 16 2 18
1.56715 50 16 2 18
1.57774 50 15 3 18
1.58902 50 14 4 18
1.59923 50 14 4 18
1.60925 50 14 4 18
1.61968 50 14 3 17
1.62238 50 16 1 17
1.63646 50 14 3 17
1.64424 50 16 1 17
1.658 50 15 2 17
1.66771 50 11 5 16
1.68505 50 12 4 16
1.6992 50 12 4 16
1.70953 50 13 3 16
1.72654 50 12 4 16
1.73019 50 13 3 16
1.7679 50 13 3 16
1.77356 50 14 2 16
1.78897 50 13 2 15
1.79764 50 14 1 15
1.80784 50 11 4 15
1.81478 50 13 0 13
1.82959 50 13 0 13
1.83812 50 11 2 13
1.84754 50 12 1 13
1.8687 50 10 3 13
1.87456 50 11 2 13
1.88291 50 11 2 13
1.8995 50 10 3 13
1.91337 50 9 4 13
1.92294 50 10 3 13
1.94491 50 11 1 12
1.95863 50 10 2 12
1.96844 50 11 1 12
1.98663 50 12 0 12
2.00942 50 11 1 12
2.02872 50 8 3 11
2.03197 50 9 2 11
2.04761 50 9 2 11
2.05007 50 10 1 11
2.06425 50 10 1 11
2.07681 50 8 3 11
2.08849 50 8 3 11
2.09568 50 8 3 11
2.10948 50 11 0 11
2.11117 50 9 1 10
2.12949 50 10 0 10
2.13808 50 7 3 10
2.14492 50 8 2 10
2.15255 50 8 2 10
2.16678 50 7 2 9
2.17611 50 8 1 9
2.19133 50 9 0 9
2.23072 50 8 1 9
2.25214 50 9 0 9
2.26409 50 8 1 9
2.28079 50 7 1 8
2.29178 50 7 0 7
2.30905 50 5 2 7
2.31815 50 6 1 7
2.3283 50 7 0 7
2.33358 50 4 3 7
2.34994 50 5 2 7
2.358 50 5 2 7
2.38628 50 6 1 7
2.39922 50 5 2 7
2.40887 50 4 3 7
2.41395 50 5 1 6
2.43267 50 4 2 6
2.44804 50 5 1 6
2.45701 50 4 2 6
2.47401 50 3 3 6
2.48438 50 4 2 6
2.4908 50 3 3 6
2.50837 50 3 3 6
2.51369 50 4 2 6
2.52391 50 5 1 6
2.53471 50 4 2 6
2.54796 50 2 4 6
2.55782 50 3 3 6
2.56475 50 4 2 6
2.57215 50 4 1 5
2.58209 50 3 1 4
2.59172 50 4 0 4
2.62711 50 2 2 4
2.64631 50 3 1 4
2.67722 50 3 1 4
2.70011 50 3 0 3
2.73459 50 2 1 3
2.75956 50 2 1 3
2.76503 50 3 0 3
2.78869 50 2 1 3
2.80845 50 3 0 3
2.91571 50 3 0 3
2.93265 50 2 1 3
2.94719 50 3 0 3
2.96814 50 2 1 3
2.9719 50 3 0 3
2.98345 50 2 0 2
3.06711 50 1 1 2
3.09378 50 1 1 2
3.10842 50 2 0 2
3.12097 50 1 1 2
3.13395 50 2 0 2
3.17794 50 1 1 2
3.22132 50 2 0 2
3.23897 50 1 1 2
3.24689 50 2 0 2
3.27533 50 1 1 2
3.28668 50 2 0 2
3.29692 50 2 0 2
3.30528 50 1 1 2
3.31221 50 2 0 2
3.36468 50 1 1 2
3.38882 50 0 2 2
3.41848 50 2 0 2
3.53606 50 1 1 2
3.55281 50 2 0 2
3.56724 50 1 1 2
3.5868 50 0 2 2
3.59699 50 1 1 2
3.60173 50 2 0 2
3.62372 50 1 1 2
3.63104 50 2 0 2
3.64071 50 1 1 2
3.65093 50 2 0 2
3.67094 50 1 0 1
3.78867 50 0 1 1
3.8066 50 1 0 1
3.91593 50 1 0 1
3.9841 50 0 0 0
44.35 50 0 0 0
