0.00938451 50 24 74 98
0.0199171 50 34 64 98
0.0289333 50 37 61 98
0.0399161 50 40 56 96
0.0461829 50 42 53 95
0.059306 50 36 58 94
0.0686477 50 38 54 92
0.0791898 50 40 52 92
0.0893186 50 38 54 92
0.0993546 50 40 52 92
0.108764 50 40 50 90
0.118599 50 44 43 87
0.129792 50 44 41 85
0.139776 50 40 45 85
0.149532 50 39 46 85
0.159642 50 42 43 85
0.166986 50 39 44 83
0.179401 50 37 45 82
0.189985 50 37 44 81
0.199848 50 40 41 81
0.208609 50 37 41 78
0.219458 50 38 38 76
0.228346 50 39 36 75
0.239782 50 41 33 74
0.249769 50 38 34 72
0.258989 50 37 35 72
0.269541 50 36 36 72
0.279777 50 33 38 71
0.289054 50 32 39 71
0.298225 50 34 37 71
0.308443 50 34 36 70
0.319747 50 36 34 70
0.329104 50 34 36 70
0.337107 50 34 36 70
0.348302 50 33 36 69
0.357956 50 38 30 68
0.366335 50 38 30 68
0.377142 50 40 27 67
0.389708 50 39 28 67
0.398895 50 41 24 65
0.409912 50 42 23 65
0.417536 50 38 27 65
0.427884 50 40 22 62
0.438332 50 40 22 62
0.449943 50 39 23 62
0.458493 50 36 25 61
0.468624 50 38 23 61
0.479818 50 36 25 61
0.48984 50 37 23 60
0.493174 50 38 22 60
0.509161 50 37 22 59
0.518985 50 39 20 59
0.528971 50 38 21 59
0.53752 50 34 25 59
0.549096 50 35 24 59
0.559996 50 32 27 59
0.569731 50 36 23 59
0.578887 50 34 24 58
0.587088 50 33 25 58
0.598491 50 32 25 57
0.609663 50 33 24 57
0.618869 50 32 24 56
0.627943 50 31 23 54
0.638981 50 32 22 54
0.648973 50 34 19 53
0.659936 50 32 19 51
0.668291 50 34 15 49
0.679948 50 37 11 48
0.689757 50 33 14 47
0.699253 50 32 15 47
0.706263 50 28 19 47
0.71965 50 28 19 47
0.729362 50 31 16 47
0.739201 50 28 19 47
0.74993 50 30 16 46
0.759856 50 30 16 46
0.769291 50 32 14 46
0.778507 50 31 15 46
0.787819 50 35 10 45
0.799098 50 32 13 45
0.809691 50 29 15 44
0.819183 50 27 17 44
0.829127 50 30 13 43
0.839947 50 30 12 42
0.848234 50 29 13 42
0.858848 50 25 17 42
0.86734 50 25 17 42
0.877772 50 27 15 42
0.888627 50 31 11 42
0.89802 50 33 9 42
0.90737 50 33 9 42
0.919408 50 30 12 42
0.926645 50 27 15 42
0.939076 50 27 15 42
0.94439 50 26 16 42
0.959034 50 26 16 42
0.968993 50 28 14 42
0.97759 50 28 14 42
0.988648 50 25 16 41
0.99957 50 26 13 39
1.00884 50 25 12 37
1.01966 50 25 12 37
1.02833 50 23 13 36
1.03925 50 23 13 36
1.04862 50 21 14 35
1.05969 50 22 12 34
1.06939 50 22 11 33
1.07889 50 22 11 33
1.08788 50 24 9 33
1.09883 50 24 9 33
1.10793 50 22 11 33
1.11825 50 22 11 33
1.12834 50 24 9 33
1.13954 50 25 8 33
1.14741 50 25 7 32
1.15995 50 26 6 32
1.16603 50 24 8 32
1.17982 50 24 8 32
1.18706 50 19 13 32
1.19381 50 19 13 32
1.20819 50 20 12 32
1.21993 50 19 12 31
1.22769 50 21 10 31
1.23985 50 22 9 31
1.24766 50 23 8 31
1.25657 50 24 7 31
1.26826 50 24 7 31
1.27941 50 24 7 31
1.28523 50 27 4 31
1.29988 50 25 6 31
1.30745 50 25 5 30
1.31904 50 23 7 30
1.32928 50 20 10 30
1.33922 50 22 8 30
1.34124 50 23 7 30
1.35991 50 24 6 30
1.3695 50 21 8 29
1.37674 50 22 6 28
1.38855 50 21 6 27
1.39455 50 20 6 26
1.40869 50 20 6 26
1.41832 50 18 8 26
1.42878 50 21 5 26
1.43907 50 19 7 26
1.44869 50 22 4 26
1.45677 50 21 5 26
1.46966 50 19 7 26
1.47653 50 20 6 26
1.48567 50 20 6 26
1.49353 50 21 5 26
1.50749 50 23 3 26
1.51917 50 22 4 26
1.52974 50 19 7 26
1.53879 50 19 6 25
1.54952 50 21 4 25
1.55841 50 19 6 25
1.56518 50 19 5 24
1.57797 50 16 7 23
1.58998 50 17 6 23
1.59917 50 15 7 22
1.60995 50 15 7 22
1.61876 50 16 5 21
1.62511 50 15 6 21
1.63869 50 17 4 21
1.64776 50 15 3 18
1.65915 50 14 4 18
1.66576 50 13 5 18
1.6773 50 15 3 18
1.68893 50 14 4 18
1.69293 50 16 2 18
1.70179 50 18 0 18
1.71601 50 15 3 18
1.7282 50 14 3 17
1.73768 50 13 4 17
1.74618 50 11 6 17
1.75934 50 13 3 16
1.76458 50 14 2 16
1.77242 50 13 3 16
1.78144 50 12 4 16
1.79684 50 14 2 16
1.80819 50 13 3 16
1.81878 50 13 3 16
1.82983 50 13 3 16
1.83509 50 15 1 16
1.84778 50 14 2 16
1.85931 50 12 4 16
1.86882 50 13 3 16
1.87953 50 12 4 16
1.88869 50 13 3 16
1.89278 50 14 2 16
1.90879 50 15 1 16
1.91892 50 12 2 14
1.92585 50 11 3 14
1.93976 50 12 2 14
1.94897 50 13 1 14
1.95789 50 12 2 14
1.97964 50 13 1 14
1.98877 50 11 3 14
1.99387 50 11 3 14
2.00888 50 10 4 14
2.01973 50 10 4 14
2.02619 50 11 2 13
2.04382 50 11 2 13
2.05891 50 12 1 13
2.0686 50 8 4 12
2.07081 50 8 3 11
2.08925 50 8 3 11
2.09778 50 9 2 11
2.1095 50 9 2 11
2.11274 50 10 1 11
2.12303 50 11 0 11
2.14885 50 9 2 11
2.15514 50 10 1 11
2.16233 50 11 0 11
2.17813 50 11 0 11
2.18207 50 10 1 11
2.2097 50 11 0 11
2.21167 50 10 0 10
2.2414 50 10 0 10
2.25737 50 9 0 9
2.26931 50 9 0 9
2.2859 50 8 1 9
2.3092 50 9 0 9
2.31888 50 6 3 9
2.32815 50 8 1 9
2.335 50 7 2 9
2.34808 50 6 2 8
2.36834 50 5 3 8
2.37031 50 5 3 8
2.38459 50 7 1 8
2.40137 50 8 0 8
2.4154 50 7 1 8
2.42597 50 8 0 8
2.43653 50 6 2 8
2.44631 50 8 0 8
2.48746 50 7 1 8
2.50909 50 6 1 7
2.51401 50 5 2 7
2.5273 50 5 2 7
2.53632 50 4 3 7
2.54966 50 6 1 7
2.5676 50 5 2 7
2.57527 50 3 3 6
2.58463 50 5 1 6
2.59619 50 6 0 6
2.61137 50 4 0 4
2.63927 50 3 1 4
2.64763 50 4 0 4
2.65268 50 3 1 4
2.66171 50 4 0 4
2.69161 50 3 0 3
2.79781 50 2 1 3
2.80646 50 3 0 3
2.86964 50 2 1 3
2.88767 50 3 0 3
2.96182 50 2 1 3
2.97781 50 1 2 3
2.98703 50 1 2 3
3.00231 50 2 1 3
3.01566 50 2 1 3
3.0395 50 2 1 3
3.04328 50 1 2 3
3.05869 50 1 2 3
3.08244 50 2 1 3
3.09558 50 3 0 3
3.11818 50 3 0 3
3.12121 50 2 1 3
3.13357 50 3 0 3
3.19179 50 2 1 3
3.20248 50 3 0 3
3.23055 50 2 1 3
3.25695 50 3 0 3
3.34248 50 2 1 3
3.35953 50 2 0 2
3.39789 50 1 1 2
3.41445 50 2 0 2
3.42115 50 1 0 1
3.4943 50 0 1 1
3.51998 50 1 0 1
3.58132 50 0 1 1
3.62303 50 1 0 1
3.66416 50 0 0 0
16.6392 50 0 0 0
