0.00984716 50.0 50.0 50.0 0.0
0.0199302 50.0 50.0 50.0 0.0
0.0297504 50.0 50.0 50.0 0.0
0.0397621 50.0 50.0 50.0 0.0
0.0450769 50.0 50.0 50.0 0.0
0.0585829 50.0 50.0 50.0 0.0
0.0687107 50.0 50.0 50.0 0.0
0.079801 50.0 50.0 50.0 0.0
0.0899466 50.0 50.0 50.0 0.0
0.0996037 50.0 50.0 50.0 0.0
0.10961 50.0 50.0 50.0 0.0
0.116972 50.0 50.0 50.0 0.0
0.129922 50.0 50.0 50.0 0.0
0.139112 50.0 50.0 50.0 0.0
0.148972 50.0 50.0 50.0 0.0
0.159604 50.0 50.0 50.0 0.0
0.166529 50.0 50.0 50.0 0.0
0.179633 50.0 50.0 50.0 0.0
0.189414 50.0 50.0 50.0 0.0
0.199919 50.0 50.0 50.0 0.0
0.209998 50.0 50.0 50.0 0.0
0.218869 50.0 50.0 50.0 0.0
0.228371 50.0 50.0 50.0 0.0
0.239869 50.0 50.0 50.0 0.0
0.249811 50.0 50.0 50.0 0.0
0.259803 50.0 50.0 50.0 0.0
0.268845 50.0 50.0 50.0 0.0
0.279687 50.0 50.0 50.0 0.0
0.289179 50.0 50.0 50.0 0.0
0.294362 50.0 50.0 50.0 0.0
0.309416 50.0 50.0 50.0 0.0
0.319403 50.0 50.0 50.0 0.0
0.329716 50.0 50.0 50.0 0.0
0.339567 50.0 50.0 50.0 0.0
0.349082 50.0 50.0 50.0 0.0
0.359206 50.0 50.0 50.0 0.0
0.369635 50.0 50.0 50.0 0.0
0.378813 50.0 50.0 50.0 0.0
0.389344 50.0 50.0 50.0 0.0
0.399296 50.0 50.0 50.0 0.0
0.408425 50.0 50.0 50.0 0.0
0.417968 50.0 50.0 50.0 0.0
0.429166 50.0 50.0 50.0 0.0
0.439486 50.0 50.0 50.0 0.0
0.44949 50.0 50.0 50.0 0.0
0.458094 50.0 50.0 50.0 0.0
0.469858 50.0 50.0 50.0 0.0
0.477548 50.0 50.0 50.0 0.0
0.488348 50.0 50.0 50.0 0.0
0.49975 50.0 50.0 50.0 0.0
0.508963 50.0 50.0 50.0 0.0
0.519379 50.0 50.0 50.0 0.0
0.528131 50.0 50.0 50.0 0.0
0.535429 50.0 50.0 50.0 0.0
0.549886 50.0 50.0 50.0 0.0
0.557457 50.0 50.0 50.0 0.0
0.568137 50.0 50.0 50.0 0.0
0.579428 50.0 50.0 50.0 0.0
0.58969 50.0 50.0 50.0 0.0
0.599862 50.0 50.0 50.0 0.0
0.606184 50.0 50.0 50.0 0.0
0.6191 50.0 50.0 50.0 0.0
0.629901 50.0 50.0 50.0 0.0
0.639987 50.0 50.0 50.0 0.0
0.649399 50.0 50.0 50.0 0.0
0.658547 50.0 50.0 50.0 0.0
0.669378 50.0 50.0 50.0 0.0
0.679541 50.0 50.0 50.0 0.0
0.68983 50.0 50.0 50.0 0.0
0.694666 50.0 50.0 50.0 0.0
0.70458 50.0 50.0 50.0 0.0
0.718012 50.0 50.0 50.0 0.0
0.729995 50.0 50.0 50.0 0.0
0.736863 50.0 50.0 50.0 0.0
0.748579 50.0 50.0 50.0 0.0
0.757172 50.0 50.0 50.0 0.0
0.769117 50.0 50.0 50.0 0.0
0.778995 50.0 50.0 50.0 0.0
0.787654 50.0 50.0 50.0 0.0
0.796963 50.0 50.0 50.0 0.0
0.809652 50.0 50.0 50.0 0.0
0.81727 50.0 50.0 50.0 0.0
0.827423 50.0 50.0 50.0 0.0
0.839235 50.0 50.0 50.0 0.0
0.847965 50.0 50.0 50.0 0.0
0.854519 50.0 50.0 50.0 0.0
0.864365 50.0 50.0 50.0 0.0
0.879975 50.0 50.0 50.0 0.0
0.889372 50.0 50.0 50.0 0.0
0.899603 50.0 50.0 50.0 0.0
0.908154 50.0 50.0 50.0 0.0
0.919747 50.0 50.0 50.0 0.0
0.929258 50.0 50.0 50.0 0.0
0.939334 50.0 50.0 50.0 0.0
0.946744 50.0 50.0 50.0 0.0
0.956378 50.0 50.0 50.0 0.0
0.96991 50.0 50.0 50.0 0.0
0.978886 50.0 50.0 50.0 0.0
0.987142 50.0 50.0 50.0 0.0
0.999219 50.0 50.0 50.0 0.0
1.00779 50.0 50.0 50.0 0.0
1.01915 50.0 50.0 50.0 0.0
1.02957 50.0 50.0 50.0 0.0
1.03796 50.0 50.0 50.0 0.0
1.04939 50.0 50.0 50.0 0.0
1.05951 50.0 50.0 50.0 0.0
1.06911 50.0 50.0 50.0 0.0
1.07418 50.0 50.0 50.0 0.0
1.08836 50.0 50.0 50.0 0.0
1.09952 50.0 50.0 50.0 0.0
1.10761 50.0 50.0 50.0 0.0
1.11957 50.0 50.0 50.0 0.0
1.12996 50.0 50.0 50.0 0.0
1.13948 50.0 50.0 50.0 0.0
1.14812 50.0 50.0 50.0 0.0
1.15965 50.0 50.0 50.0 0.0
1.16827 50.0 50.0 50.0 0.0
1.17768 50.0 50.0 50.0 0.0
1.18648 50.0 50.0 50.0 0.0
1.19976 50.0 50.0 50.0 0.0
1.20961 50.0 50.0 50.0 0.0
1.21884 50.0 50.0 50.0 0.0
1.22997 50.0 50.0 50.0 0.0
1.23736 50.0 50.0 50.0 0.0
1.2494 50.0 50.0 50.0 0.0
1.25579 50.0 50.0 50.0 0.0
1.2667 50.0 50.0 50.0 0.0
1.27853 50.0 50.0 50.0 0.0
1.28806 50.0 50.0 50.0 0.0
1.29965 50.0 50.0 50.0 0.0
1.30976 50.0 50.0 50.0 0.0
1.31907 50.0 50.0 50.0 0.0
1.32908 50.0 50.0 50.0 0.0
1.33818 50.0 50.0 50.0 0.0
1.3464 50.0 50.0 50.0 0.0
1.35866 50.0 50.0 50.0 0.0
1.36811 50.0 50.0 50.0 0.0
1.37782 50.0 50.0 50.0 0.0
1.38652 50.0 50.0 50.0 0.0
1.3988 50.0 50.0 50.0 0.0
1.40919 50.0 50.0 50.0 0.0
1.41748 50.0 50.0 50.0 0.0
1.42855 50.0 50.0 50.0 0.0
1.43933 50.0 50.0 50.0 0.0
1.44828 50.0 50.0 50.0 0.0
1.45768 50.0 50.0 50.0 0.0
1.46815 50.0 50.0 50.0 0.0
1.47898 50.0 50.0 50.0 0.0
1.48766 50.0 50.0 50.0 0.0
1.4987 50.0 50.0 50.0 0.0
1.50798 50.0 50.0 50.0 0.0
1.51873 50.0 50.0 50.0 0.0
1.5254 50.0 50.0 50.0 0.0
1.53998 50.0 50.0 50.0 0.0
1.54857 50.0 50.0 50.0 0.0
1.55938 50.0 50.0 50.0 0.0
1.56919 50.0 50.0 50.0 0.0
1.5794 50.0 50.0 50.0 0.0
1.58511 50.0 50.0 50.0 0.0
1.59709 50.0 50.0 50.0 0.0
1.60737 50.0 50.0 50.0 0.0
1.61707 50.0 50.0 50.0 0.0
1.62832 50.0 50.0 50.0 0.0
1.63327 50.0 50.0 50.0 0.0
1.6498 50.0 50.0 50.0 0.0
1.65601 50.0 50.0 50.0 0.0
1.66954 50.0 50.0 50.0 0.0
1.67922 50.0 50.0 50.0 0.0
1.68991 50.0 50.0 50.0 0.0
1.69972 50.0 50.0 50.0 0.0
1.70927 50.0 50.0 50.0 0.0
1.71442 50.0 50.0 50.0 0.0
1.72785 50.0 50.0 50.0 0.0
1.73095 50.0 50.0 50.0 0.0
1.74961 50.0 50.0 50.0 0.0
1.75708 50.0 50.0 50.0 0.0
1.76916 50.0 50.0 50.0 0.0
1.77028 50.0 50.0 50.0 0.0
1.78226 50.0 50.0 50.0 0.0
1.81034 50.0 50.0 50.0 0.0
1.82261 50.0 50.0 50.0 0.0
1.83937 50.0 50.0 50.0 0.0
1.8479 50.0 50.0 50.0 0.0
1.85736 50.0 50.0 50.0 0.0
1.86928 50.0 50.0 50.0 0.0
1.87423 50.0 50.0 50.0 0.0
1.885 50.0 50.0 50.0 0.0
1.89975 50.0 50.0 50.0 0.0
1.90919 50.0 50.0 50.0 0.0
1.91872 50.0 50.0 50.0 0.0
1.92242 50.0 50.0 50.0 0.0
1.93866 50.0 50.0 50.0 0.0
1.94906 50.0 50.0 50.0 0.0
1.96809 50.0 50.0 50.0 0.0
1.98925 50.0 50.0 50.0 0.0
1.99859 50.0 50.0 50.0 0.0
2.00945 50.0 50.0 50.0 0.0
2.02696 50.0 50.0 50.0 0.0
2.04931 50.0 50.0 50.0 0.0
2.05915 50.0 50.0 50.0 0.0
2.06609 50.0 50.0 50.0 0.0
2.07934 50.0 50.0 50.0 0.0
2.08781 50.0 50.0 50.0 0.0
2.09987 50.0 50.0 50.0 0.0
2.10083 50.0 50.0 50.0 0.0
2.11749 50.0 50.0 50.0 0.0
2.12756 50.0 50.0 50.0 0.0
2.13704 50.0 50.0 50.0 0.0
2.14826 50.0 50.0 50.0 0.0
2.15285 50.0 50.0 50.0 0.0
2.16871 50.0 50.0 50.0 0.0
2.17813 50.0 50.0 50.0 0.0
2.18768 50.0 50.0 50.0 0.0
2.19826 50.0 50.0 50.0 0.0
2.20564 50.0 50.0 50.0 0.0
2.21917 50.0 50.0 50.0 0.0
2.22807 50.0 50.0 50.0 0.0
2.23914 50.0 50.0 50.0 0.0
2.24972 50.0 50.0 50.0 0.0
2.25283 50.0 50.0 50.0 0.0
2.26965 50.0 50.0 50.0 0.0
2.27714 50.0 50.0 50.0 0.0
2.28633 50.0 50.0 50.0 0.0
2.29987 50.0 50.0 50.0 0.0
2.30921 50.0 50.0 50.0 0.0
2.32845 50.0 50.0 50.0 0.0
2.34598 50.0 50.0 50.0 0.0
2.35258 50.0 50.0 50.0 0.0
2.36057 50.0 50.0 50.0 0.0
2.37859 50.0 50.0 50.0 0.0
2.3898 50.0 50.0 50.0 0.0
2.39528 50.0 50.0 50.0 0.0
2.40879 50.0 50.0 50.0 0.0
2.41501 50.0 50.0 50.0 0.0
2.42725 50.0 50.0 50.0 0.0
2.4363 50.0 50.0 50.0 0.0
2.44489 50.0 50.0 50.0 0.0
2.46245 50.0 50.0 50.0 0.0
2.47074 50.0 50.0 50.0 0.0
2.49474 50.0 50.0 50.0 0.0
2.50422 50.0 50.0 50.0 0.0
2.51042 50.0 50.0 50.0 0.0
2.53962 50.0 50.0 50.0 0.0
2.54904 50.0 50.0 50.0 0.0
2.56456 50.0 50.0 50.0 0.0
2.61986 50.0 50.0 50.0 0.0
2.62161 50.0 50.0 50.0 0.0
2.64802 50.0 50.0 50.0 0.0
2.65738 50.0 50.0 50.0 0.0
2.69155 50.0 50.0 50.0 0.0
2.70972 50.0 50.0 50.0 0.0
2.72373 50.0 50.0 50.0 0.0
2.74336 50.0 50.0 50.0 0.0
2.75689 50.0 50.0 50.0 0.0
2.78977 50.0 50.0 50.0 0.0
2.79494 50.0 50.0 50.0 0.0
2.80937 50.0 50.0 50.0 0.0
2.81752 50.0 50.0 50.0 0.0
2.82996 50.0 50.0 50.0 0.0
2.83606 50.0 50.0 50.0 0.0
2.85271 50.0 50.0 50.0 0.0
2.86049 50.0 50.0 50.0 0.0
2.88987 50.0 50.0 50.0 0.0
2.89415 50.0 50.0 50.0 0.0
2.91215 50.0 50.0 50.0 0.0
2.92549 50.0 50.0 50.0 0.0
2.93075 50.0 50.0 50.0 0.0
2.94437 50.0 50.0 50.0 0.0
2.95707 50.0 50.0 50.0 0.0
2.97447 50.0 50.0 50.0 0.0
2.98889 50.0 50.0 50.0 0.0
2.99034 50.0 50.0 50.0 0.0
3.00738 50.0 50.0 50.0 0.0
3.01654 50.0 50.0 50.0 0.0
3.02606 50.0 50.0 50.0 0.0
3.10562 50.0 50.0 50.0 0.0
3.12886 50.0 50.0 50.0 0.0
3.14664 50.0 50.0 50.0 0.0
3.15412 50.0 50.0 50.0 0.0
3.16273 50.0 50.0 50.0 0.0
3.1793 50.0 50.0 50.0 0.0
3.18735 50.0 50.0 50.0 0.0
3.21417 50.0 50.0 50.0 0.0
3.22862 50.0 50.0 50.0 0.0
3.24607 50.0 50.0 50.0 0.0
3.26938 50.0 50.0 50.0 0.0
3.27081 50.0 50.0 50.0 0.0
3.2945 50.0 50.0 50.0 0.0
3.31845 50.0 50.0 50.0 0.0
3.32929 50.0 50.0 50.0 0.0
3.34761 50.0 50.0 50.0 0.0
3.35774 50.0 50.0 50.0 0.0
3.36689 50.0 50.0 50.0 0.0
3.37983 50.0 50.0 50.0 0.0
3.3828 50.0 50.0 50.0 0.0
3.39565 50.0 50.0 50.0 0.0
3.40489 50.0 50.0 50.0 0.0
3.41491 50.0 50.0 50.0 0.0
3.43308 50.0 50.0 50.0 0.0
3.51167 50.0 50.0 50.0 0.0
3.53501 50.0 50.0 50.0 0.0
3.61911 50.0 50.0 50.0 0.0
3.70783 50.0 50.0 50.0 0.0
3.72666 50.0 50.0 50.0 0.0
3.75307 50.0 50.0 50.0 0.0
3.84175 50.0 50.0 50.0 0.0
3.85242 50.0 50.0 50.0 0.0
3.8998 50.0 50.0 50.0 0.0
3.90581 50.0 50.0 50.0 0.0
3.91103 50.0 50.0 50.0 0.0
3.94451 50.0 50.0 50.0 0.0
3.95185 50.0 50.0 50.0 0.0
4.01958 50.0 50.0 50.0 0.0
4.02779 50.0 50.0 50.0 0.0
4.03626 50.0 50.0 50.0 0.0
4.04868 50.0 50.0 50.0 0.0
4.05397 50.0 50.0 50.0 0.0
4.10692 50.0 50.0 50.0 0.0
4.13853 50.0 50.0 50.0 0.0
4.1554 50.0 50.0 50.0 0.0
4.17775 50.0 50.0 50.0 0.0
4.2244 50.0 50.0 50.0 0.0
4.23248 50.0 50.0 50.0 0.0
4.25173 50.0 50.0 50.0 0.0
4.26893 50.0 50.0 50.0 0.0
4.2761 50.0 50.0 50.0 0.0
4.32987 50.0 50.0 50.0 0.0
4.35654 50.0 50.0 50.0 0.0
4.38448 50.0 50.0 50.0 0.0
4.39545 50.0 50.0 50.0 0.0
4.4251 50.0 50.0 50.0 0.0
4.47728 50.0 50.0 50.0 0.0
4.52814 50.0 50.0 50.0 0.0
4.89914 50.0 50.0 50.0 0.0
4.90008 50.0 50.0 50.0 0.0
4.96119 50.0 50.0 50.0 0.0
4.97738 50.0 50.0 50.0 0.0
5.11011 50.0 50.0 50.0 0.0
5.16334 50.0 50.0 50.0 0.0
5.32606 50.0 50.0 50.0 0.0
5.33611 50.0 50.0 50.0 0.0
5.35693 50.0 50.0 50.0 0.0
5.41423 50.0 50.0 50.0 0.0
5.43298 50.0 50.0 50.0 0.0
5.44628 50.0 50.0 50.0 0.0
5.70741 50.0 50.0 50.0 0.0
5.72502 50.0 50.0 50.0 0.0
5.73389 50.0 50.0 50.0 0.0
5.91892 50.0 50.0 50.0 0.0
5.95426 50.0 50.0 50.0 0.0
6.02675 50.0 50.0 50.0 0.0
6.04182 50.0 50.0 50.0 0.0
6.09815 50.0 50.0 50.0 0.0
23.8752 50.0 50.0 50.0 0.0
