0.00986423 50 27 73 100
0.0192248 50 35 65 100
0.0299827 50 39 61 100
0.0395975 50 39 60 99
0.0497456 50 42 54 96
0.059813 50 46 50 96
0.0699635 50 48 47 95
0.077464 50 47 47 94
0.0890473 50 41 50 91
0.0903342 50 41 49 90
0.109944 50 41 47 88
0.11869 50 41 47 88
0.129679 50 36 52 88
0.137266 50 42 44 86
0.149898 50 43 42 85
0.159004 50 38 44 82
0.166607 50 39 42 81
0.179281 50 36 45 81
0.186955 50 33 48 81
0.199955 50 42 39 81
0.209418 50 42 39 81
0.219756 50 43 38 81
0.229978 50 39 42 81
0.239344 50 40 39 79
0.249891 50 42 37 79
0.259805 50 42 36 78
0.269636 50 42 33 75
0.279972 50 41 34 75
0.289884 50 38 36 74
0.299513 50 37 37 74
0.309299 50 39 34 73
0.315226 50 41 32 73
0.329025 50 39 33 72
0.336908 50 39 33 72
0.346485 50 41 31 72
0.359384 50 40 31 71
0.369875 50 40 31 71
0.37996 50 38 32 70
0.388449 50 35 35 70
0.398318 50 39 30 69
0.409296 50 35 34 69
0.419881 50 35 34 69
0.429602 50 36 32 68
0.439089 50 35 31 66
0.449909 50 38 28 66
0.459346 50 39 27 66
0.468427 50 38 28 66
0.479725 50 36 30 66
0.489497 50 32 33 65
0.494042 50 35 30 65
0.509501 50 38 27 65
0.516704 50 38 27 65
0.529592 50 37 27 64
0.537601 50 35 28 63
0.549697 50 38 24 62
0.558583 50 37 25 62
0.569955 50 35 27 62
0.577963 50 33 28 61
0.587655 50 33 27 60
0.599215 50 32 28 60
0.608062 50 35 25 60
0.619965 50 39 20 59
0.628661 50 38 21 59
0.637592 50 37 21 58
0.648413 50 40 18 58
0.658746 50 38 20 58
0.668721 50 34 23 57
0.679074 50 38 19 57
0.687355 50 32 24 56
0.699774 50 33 23 56
0.708428 50 33 22 55
0.719668 50 37 16 53
0.727381 50 35 18 53
0.739098 50 33 19 52
0.746542 50 34 18 52
0.756498 50 31 21 52
0.769195 50 33 19 52
0.777725 50 32 20 52
0.787529 50 33 19 52
0.799922 50 34 18 52
0.809532 50 30 22 52
0.818528 50 28 22 50
0.82817 50 29 21 50
0.839685 50 32 18 50
0.848896 50 35 15 50
0.857907 50 35 15 50
0.866959 50 36 14 50
0.878361 50 34 16 50
0.887399 50 36 14 50
0.899274 50 31 18 49
0.907706 50 29 18 47
0.918881 50 30 14 44
0.929608 50 29 14 43
0.939219 50 28 15 43
0.949253 50 31 12 43
0.959711 50 26 17 43
0.968364 50 24 19 43
0.978274 50 26 17 43
0.989567 50 28 15 43
0.998785 50 28 15 43
1.00914 50 28 15 43
1.01884 50 29 14 43
1.02959 50 29 13 42
1.03953 50 31 9 40
1.04901 50 29 9 38
1.05612 50 26 12 38
1.06825 50 28 10 38
1.07866 50 28 10 38
1.0899 50 23 14 37
1.09987 50 21 15 36
1.10892 50 20 16 36
1.119 50 23 12 35
1.12599 50 25 9 34
1.13452 50 23 8 31
1.14969 50 26 5 31
1.15872 50 24 7 31
1.16774 50 23 8 31
1.17726 50 22 8 30
1.18711 50 21 9 30
1.19999 50 21 9 30
1.20979 50 18 12 30
1.21877 50 17 12 29
1.22995 50 15 13 28
1.23966 50 20 7 27
1.24449 50 22 5 27
1.25882 50 20 7 27
1.26995 50 22 5 27
1.27305 50 23 4 27
1.28786 50 24 2 26
1.29997 50 22 4 26
1.30914 50 22 4 26
1.31922 50 21 5 26
1.32973 50 19 6 25
1.33994 50 19 6 25
1.34855 50 20 4 24
1.35942 50 17 5 22
1.36534 50 18 4 22
1.37391 50 16 6 22
1.38736 50 17 5 22
1.39874 50 17 5 22
1.40942 50 17 5 22
1.41414 50 18 4 22
1.4297 50 17 5 22
1.43829 50 17 5 22
1.44889 50 17 5 22
1.45824 50 17 5 22
1.46768 50 15 6 21
1.47759 50 17 4 21
1.48842 50 17 4 21
1.49355 50 18 3 21
1.5085 50 16 5 21
1.51648 50 19 2 21
1.52842 50 17 4 21
1.53582 50 16 5 21
1.54861 50 14 7 21
1.55622 50 15 6 21
1.56896 50 17 2 19
1.57395 50 17 2 19
1.59102 50 18 1 19
1.60998 50 18 1 19
1.61999 50 19 0 19
1.62633 50 18 1 19
1.63212 50 17 2 19
1.64896 50 17 2 19
1.65676 50 17 2 19
1.66361 50 15 4 19
1.67798 50 17 2 19
1.68236 50 16 3 19
1.69949 50 18 1 19
1.70898 50 18 1 19
1.71629 50 17 1 18
1.72895 50 15 3 18
1.73854 50 16 2 18
1.74963 50 14 4 18
1.75642 50 14 4 18
1.7696 50 13 5 18
1.78269 50 13 5 18
1.79504 50 14 4 18
1.80824 50 13 4 17
1.81865 50 12 5 17
1.82352 50 13 3 16
1.83822 50 14 2 16
1.8476 50 13 3 16
1.85823 50 13 3 16
1.87642 50 14 2 16
1.88362 50 15 1 16
1.91392 50 16 0 16
1.92498 50 14 2 16
1.93671 50 14 1 15
1.94066 50 13 2 15
1.95825 50 14 1 15
1.96815 50 12 3 15
1.97993 50 10 5 15
1.98447 50 12 3 15
2.00258 50 10 4 14
2.01353 50 10 4 14
2.02123 50 12 2 14
2.03743 50 12 1 13
2.0452 50 10 3 13
2.05838 50 10 2 12
2.07978 50 8 3 11
2.0874 50 7 4 11
2.09542 50 9 2 11
2.10875 50 7 4 11
2.12616 50 5 5 10
2.13991 50 6 4 10
2.14194 50 7 3 10
2.15645 50 8 2 10
2.16363 50 7 3 10
2.1775 50 7 3 10
2.18689 50 5 4 9
2.1966 50 4 4 8
2.20821 50 4 4 8
2.21769 50 5 2 7
2.22831 50 4 3 7
2.238 50 5 2 7
2.24069 50 6 1 7
2.258 50 5 2 7
2.26795 50 7 0 7
2.28646 50 7 0 7
2.29112 50 6 0 6
2.32992 50 3 3 6
2.33626 50 4 2 6
2.34576 50 6 0 6
2.36659 50 5 1 6
2.37659 50 6 0 6
2.40717 50 4 2 6
2.42965 50 6 0 6
2.4398 50 3 2 5
2.45663 50 5 0 5
2.46611 50 4 1 5
2.49777 50 5 0 5
2.51626 50 4 0 4
2.5297 50 3 1 4
2.53346 50 4 0 4
2.59917 50 3 0 3
2.61346 50 2 1 3
2.62445 50 3 0 3
2.63622 50 2 1 3
2.6401 50 2 0 2
2.65957 50 2 0 2
2.69165 50 1 1 2
2.70134 50 2 0 2
2.74852 50 1 1 2
2.75687 50 1 1 2
2.78209 50 2 0 2
2.9612 50 1 1 2
2.98039 50 2 0 2
2.99747 50 1 1 2
3.01705 50 2 0 2
3.03691 50 1 1 2
3.04877 50 2 0 2
3.07551 50 1 1 2
3.08417 50 1 1 2
3.10187 50 2 0 2
3.1191 50 2 0 2
3.14823 50 1 1 2
3.15431 50 2 0 2
3.19849 50 1 1 2
3.21274 50 1 0 1
3.28751 50 0 1 1
3.30304 50 1 0 1
3.39337 50 0 1 1
3.43586 50 1 0 1
3.44673 50 0 0 0
22.1295 50 0 0 0
