0.00954911 50 30 69 99
0.0199695 50 36 62 98
0.0296184 50 41 56 97
0.0386638 50 41 56 97
0.0472845 50 42 53 95
0.0596607 50 41 53 94
0.0689488 50 42 51 93
0.0790096 50 39 54 93
0.0898161 50 38 54 92
0.0998916 50 39 52 91
0.109713 50 38 51 89
0.119958 50 42 46 88
0.128571 50 42 45 87
0.138823 50 40 47 87
0.148812 50 41 46 87
0.159914 50 41 45 86
0.166882 50 46 39 85
0.179177 50 44 37 81
0.189289 50 39 40 79
0.197835 50 37 42 79
0.20988 50 36 39 75
0.219634 50 40 35 75
0.229964 50 43 32 75
0.239713 50 40 35 75
0.249976 50 38 36 74
0.254376 50 41 33 74
0.269933 50 36 38 74
0.278667 50 38 36 74
0.289683 50 36 36 72
0.299406 50 36 35 71
0.309348 50 37 33 70
0.317072 50 32 38 70
0.329344 50 36 33 69
0.339983 50 38 31 69
0.349416 50 36 33 69
0.357893 50 35 33 68
0.365948 50 35 33 68
0.37777 50 35 32 67
0.387711 50 40 26 66
0.398789 50 39 27 66
0.409273 50 37 29 66
0.419427 50 34 30 64
0.429564 50 35 28 63
0.439612 50 38 24 62
0.449923 50 35 27 62
0.459966 50 36 26 62
0.468944 50 37 24 61
0.479879 50 41 19 60
0.489217 50 38 21 59
0.498428 50 34 25 59
0.509962 50 35 24 59
0.514615 50 33 25 58
0.529722 50 32 25 57
0.53869 50 34 22 56
0.549828 50 34 21 55
0.559236 50 34 20 54
0.566965 50 32 22 54
0.578681 50 32 22 54
0.589565 50 33 21 54
0.599052 50 35 19 54
0.607915 50 34 19 53
0.618491 50 34 18 52
0.626352 50 33 18 51
0.637722 50 34 17 51
0.647836 50 36 15 51
0.659816 50 36 13 49
0.669259 50 33 16 49
0.676798 50 35 14 49
0.68919 50 30 17 47
0.699533 50 30 17 47
0.7082 50 26 20 46
0.716315 50 28 17 45
0.729775 50 28 17 45
0.736521 50 26 19 45
0.747344 50 26 19 45
0.756862 50 25 20 45
0.763336 50 27 18 45
0.778155 50 27 18 45
0.78859 50 27 18 45
0.798088 50 27 18 45
0.807362 50 27 16 43
0.819428 50 25 17 42
0.82683 50 24 18 42
0.837697 50 25 17 42
0.84932 50 22 19 41
0.858532 50 24 17 41
0.868107 50 23 17 40
0.879435 50 25 15 40
0.889744 50 23 17 40
0.897658 50 24 16 40
0.908764 50 26 14 40
0.919198 50 30 10 40
0.929872 50 29 11 40
0.936108 50 27 12 39
0.949699 50 25 14 39
0.959543 50 25 11 36
0.968482 50 25 10 35
0.978099 50 26 9 35
0.988851 50 24 10 34
0.9967 50 24 9 33
1.01839 50 24 9 33
1.02816 50 26 7 33
1.03718 50 21 11 32
1.04664 50 23 9 32
1.05934 50 23 9 32
1.06749 50 23 9 32
1.07504 50 24 7 31
1.08683 50 22 9 31
1.09052 50 23 8 31
1.10929 50 21 10 31
1.11485 50 22 9 31
1.12747 50 21 10 31
1.1384 50 20 11 31
1.14638 50 20 11 31
1.15513 50 19 12 31
1.1697 50 21 10 31
1.17847 50 25 6 31
1.18755 50 23 8 31
1.19762 50 23 7 30
1.20318 50 25 5 30
1.21941 50 24 6 30
1.2298 50 26 4 30
1.23823 50 24 5 29
1.24922 50 23 6 29
1.25878 50 21 8 29
1.26772 50 20 9 29
1.27862 50 20 9 29
1.28982 50 23 6 29
1.29913 50 25 4 29
1.30935 50 22 7 29
1.31453 50 21 8 29
1.32423 50 23 6 29
1.33992 50 24 5 29
1.34689 50 24 5 29
1.35894 50 24 5 29
1.36884 50 25 4 29
1.37776 50 24 5 29
1.38912 50 26 3 29
1.39673 50 25 3 28
1.40585 50 24 4 28
1.41936 50 22 6 28
1.42458 50 21 7 28
1.43979 50 23 5 28
1.44547 50 22 6 28
1.45434 50 24 4 28
1.46579 50 23 5 28
1.47389 50 20 8 28
1.48771 50 20 8 28
1.49999 50 22 6 28
1.5089 50 23 5 28
1.51746 50 25 3 28
1.5275 50 24 3 27
1.53875 50 22 5 27
1.54597 50 20 7 27
1.55951 50 23 4 27
1.56547 50 23 4 27
1.57899 50 18 8 26
1.58991 50 19 6 25
1.59647 50 16 9 25
1.60938 50 19 6 25
1.61892 50 20 5 25
1.6279 50 20 5 25
1.63627 50 18 7 25
1.6449 50 20 5 25
1.65867 50 14 11 25
1.66965 50 15 10 25
1.67991 50 16 9 25
1.6882 50 15 9 24
1.699 50 16 7 23
1.70879 50 18 5 23
1.71936 50 20 3 23
1.72964 50 19 4 23
1.73826 50 14 9 23
1.74949 50 14 9 23
1.75987 50 16 7 23
1.76465 50 15 7 22
1.77922 50 16 6 22
1.78524 50 17 5 22
1.79806 50 17 5 22
1.8081 50 17 4 21
1.81578 50 16 5 21
1.83334 50 19 2 21
1.84731 50 18 3 21
1.85795 50 18 3 21
1.864 50 20 1 21
1.87876 50 17 4 21
1.89843 50 16 5 21
1.90789 50 17 4 21
1.91714 50 17 3 20
1.92843 50 17 3 20
1.93877 50 15 5 20
1.94932 50 13 6 19
1.95987 50 13 6 19
1.96387 50 14 5 19
1.97883 50 15 4 19
1.9886 50 13 5 18
1.99969 50 13 5 18
2.0091 50 15 2 17
2.01578 50 15 2 17
2.02735 50 13 3 16
2.0374 50 13 3 16
2.04933 50 14 2 16
2.059 50 15 1 16
2.07341 50 15 1 16
2.089 50 12 4 16
2.09553 50 13 3 16
2.10675 50 14 2 16
2.11984 50 15 0 15
2.12429 50 14 1 15
2.13431 50 13 2 15
2.14477 50 12 3 15
2.15599 50 10 5 15
2.16724 50 12 2 14
2.18709 50 9 5 14
2.20558 50 13 1 14
2.21775 50 13 1 14
2.22435 50 11 3 14
2.23672 50 9 5 14
2.24756 50 11 3 14
2.25982 50 11 3 14
2.26609 50 11 3 14
2.27916 50 9 4 13
2.28137 50 10 3 13
2.29655 50 12 1 13
2.30783 50 12 1 13
2.31909 50 13 0 13
2.32939 50 12 1 13
2.3589 50 10 3 13
2.3614 50 9 3 12
2.37865 50 10 1 11
2.3852 50 11 0 11
2.39272 50 10 1 11
2.40913 50 10 1 11
2.42437 50 9 2 11
2.43821 50 7 4 11
2.4451 50 8 3 11
2.45584 50 9 2 11
2.46526 50 8 3 11
2.47216 50 9 2 11
2.48761 50 8 3 11
2.4914 50 9 2 11
2.50859 50 11 0 11
2.51917 50 11 0 11
2.5291 50 9 2 11
2.54684 50 10 1 11
2.55713 50 10 1 11
2.58758 50 10 1 11
2.59815 50 11 0 11
2.6084 50 7 4 11
2.61954 50 9 2 11
2.63572 50 9 2 11
2.64938 50 9 2 11
2.65906 50 9 2 11
2.66487 50 8 3 11
2.6782 50 10 1 11
2.68553 50 8 3 11
2.69884 50 8 3 11
2.70681 50 7 3 10
2.71478 50 8 2 10
2.72661 50 9 1 10
2.74898 50 8 2 10
2.75908 50 8 2 10
2.76837 50 10 0 10
2.77614 50 9 1 10
2.79065 50 8 1 9
2.80451 50 6 3 9
2.81663 50 7 2 9
2.82843 50 7 2 9
2.83274 50 8 1 9
2.84776 50 8 1 9
2.85207 50 9 0 9
2.87655 50 8 1 9
2.8859 50 7 2 9
2.89772 50 8 1 9
2.90154 50 9 0 9
2.91007 50 8 1 9
2.92734 50 7 1 8
2.93692 50 5 3 8
2.94973 50 5 3 8
2.95675 50 7 1 8
2.96781 50 5 2 7
2.97675 50 7 0 7
2.98695 50 5 2 7
2.99196 50 6 1 7
3.00601 50 5 2 7
3.01672 50 6 1 7
3.02695 50 6 1 7
3.05455 50 5 2 7
3.06807 50 7 0 7
3.12674 50 6 1 7
3.14891 50 5 2 7
3.15867 50 5 2 7
3.17804 50 7 0 7
3.19838 50 5 2 7
3.20882 50 5 1 6
3.21562 50 4 2 6
3.22887 50 4 1 5
3.23656 50 3 2 5
3.26653 50 4 1 5
3.27769 50 3 1 4
3.29614 50 2 2 4
3.3058 50 3 1 4
3.3221 50 4 0 4
3.33134 50 3 1 4
3.34188 50 3 0 3
3.55152 50 2 1 3
3.58296 50 3 0 3
3.61423 50 3 0 3
3.66565 50 2 1 3
3.67262 50 3 0 3
3.68946 50 2 1 3
3.70152 50 3 0 3
3.72687 50 2 1 3
3.74924 50 3 0 3
3.8494 50 2 1 3
3.86613 50 3 0 3
3.88264 50 2 1 3
3.90816 50 3 0 3
3.92524 50 2 1 3
3.94539 50 3 0 3
3.95786 50 2 1 3
3.96202 50 3 0 3
4.04531 50 2 1 3
4.05857 50 2 0 2
4.12465 50 1 1 2
4.14039 50 2 0 2
4.16769 50 1 1 2
4.17344 50 2 0 2
4.20918 50 1 1 2
4.23244 50 2 0 2
4.26723 50 1 1 2
4.30573 50 0 2 2
4.33524 50 1 1 2
4.3486 50 2 0 2
4.44232 50 1 0 1
4.5257 50 0 1 1
4.60076 50 1 0 1
4.88886 50 0 1 1
4.91076 50 1 0 1
5.11551 50 0 1 1
5.14706 50 1 0 1
5.18827 50 0 1 1
5.19589 50 1 0 1
5.26933 50 0 1 1
5.27869 50 1 0 1
5.28418 50 0 1 1
5.33227 50 1 0 1
5.46859 50 1 0 1
5.481 50 1 0 1
5.54556 50 0 1 1
5.55134 50 1 0 1
5.58959 50 0 1 1
5.60271 50 1 0 1
5.70968 50 1 0 1
5.71181 50 0 0 0
13.2275 50 0 0 0
