0.00980555 50 29 69 98
0.0199975 50 36 62 98
0.0297413 50 38 59 97
0.0397129 50 38 58 96
0.049644 50 39 56 95
0.0594843 50 40 54 94
0.0695531 50 42 51 93
0.0786848 50 40 52 92
0.0887211 50 39 52 91
0.098758 50 41 49 90
0.109664 50 41 49 90
0.119462 50 40 49 89
0.129636 50 45 44 89
0.135953 50 43 46 89
0.148806 50 37 51 88
0.158451 50 40 47 87
0.169852 50 39 47 86
0.179163 50 41 45 86
0.188007 50 42 43 85
0.198639 50 41 44 85
0.209219 50 41 44 85
0.218866 50 41 44 85
0.229834 50 40 42 82
0.239216 50 37 42 79
0.249312 50 39 40 79
0.258049 50 40 39 79
0.269372 50 44 35 79
0.2799 50 41 37 78
0.289228 50 41 37 78
0.29805 50 42 36 78
0.309628 50 40 37 77
0.319442 50 38 39 77
0.329384 50 42 34 76
0.337531 50 45 31 76
0.348814 50 41 35 76
0.357692 50 39 35 74
0.368938 50 42 31 73
0.378516 50 38 35 73
0.388262 50 39 32 71
0.399568 50 39 31 70
0.405746 50 36 34 70
0.419848 50 39 31 70
0.427174 50 39 27 66
0.438256 50 36 28 64
0.449715 50 32 32 64
0.458622 50 35 28 63
0.467221 50 39 24 63
0.479052 50 34 27 61
0.487893 50 32 29 61
0.499976 50 36 25 61
0.508872 50 37 23 60
0.519851 50 34 26 60
0.527205 50 29 31 60
0.537134 50 32 28 60
0.54977 50 31 29 60
0.558763 50 30 29 59
0.568773 50 30 29 59
0.579109 50 34 23 57
0.586274 50 33 22 55
0.599803 50 34 21 55
0.609577 50 36 19 55
0.618833 50 39 16 55
0.624875 50 36 19 55
0.638972 50 35 20 55
0.649455 50 33 21 54
0.659684 50 34 17 51
0.669823 50 29 22 51
0.677619 50 30 21 51
0.68943 50 30 20 50
0.697846 50 32 18 50
0.709722 50 31 18 49
0.71642 50 31 18 49
0.729428 50 37 12 49
0.739997 50 36 13 49
0.746912 50 35 14 49
0.756566 50 34 14 48
0.769933 50 33 14 47
0.778874 50 28 17 45
0.785258 50 30 15 45
0.798325 50 25 18 43
0.809921 50 30 13 43
0.818619 50 29 12 41
0.823909 50 29 12 41
0.838719 50 25 16 41
0.84913 50 26 14 40
0.856397 50 26 14 40
0.867141 50 31 9 40
0.877349 50 31 9 40
0.885402 50 29 11 40
0.895244 50 28 12 40
0.90998 50 28 11 39
0.917756 50 26 13 39
0.929281 50 29 10 39
0.939781 50 31 7 38
0.946011 50 29 8 37
0.959013 50 25 10 35
0.969838 50 25 10 35
0.975251 50 22 13 35
0.987788 50 20 15 35
0.998506 50 24 11 35
1.00656 50 24 10 34
1.0197 50 25 8 33
1.02756 50 25 8 33
1.03811 50 23 10 33
1.04954 50 23 9 32
1.05872 50 23 9 32
1.0698 50 22 10 32
1.07841 50 22 10 32
1.08662 50 20 12 32
1.09727 50 18 14 32
1.10873 50 20 12 32
1.11697 50 21 10 31
1.12993 50 18 13 31
1.13874 50 18 13 31
1.14924 50 20 10 30
1.15997 50 20 10 30
1.16919 50 21 9 30
1.1751 50 22 8 30
1.18716 50 22 8 30
1.1988 50 18 12 30
1.2098 50 19 11 30
1.21995 50 20 10 30
1.22972 50 21 8 29
1.23884 50 19 10 29
1.24838 50 14 15 29
1.25169 50 15 14 29
1.26925 50 17 12 29
1.27788 50 18 10 28
1.28843 50 20 7 27
1.29856 50 19 7 26
1.30994 50 21 5 26
1.31993 50 20 5 25
1.32063 50 21 4 25
1.33769 50 20 5 25
1.34977 50 16 9 25
1.35576 50 18 6 24
1.36731 50 19 5 24
1.37369 50 19 5 24
1.38462 50 19 5 24
1.39765 50 19 5 24
1.40991 50 17 6 23
1.41568 50 15 8 23
1.42426 50 17 6 23
1.43966 50 17 6 23
1.4468 50 15 8 23
1.45799 50 18 5 23
1.46927 50 18 5 23
1.47869 50 17 6 23
1.48926 50 16 7 23
1.4961 50 17 6 23
1.50655 50 15 7 22
1.51388 50 16 6 22
1.52737 50 18 3 21
1.53393 50 17 4 21
1.5439 50 15 6 21
1.55476 50 16 5 21
1.56511 50 17 4 21
1.57949 50 16 5 21
1.58929 50 16 5 21
1.59905 50 18 3 21
1.60784 50 17 4 21
1.61835 50 17 4 21
1.62998 50 15 5 20
1.63975 50 15 5 20
1.64927 50 16 4 20
1.65977 50 16 4 20
1.66211 50 15 5 20
1.67816 50 14 5 19
1.68068 50 15 4 19
1.6951 50 12 7 19
1.70361 50 11 8 19
1.7179 50 13 6 19
1.73631 50 12 7 19
1.74982 50 12 7 19
1.75959 50 14 5 19
1.76983 50 14 4 18
1.77752 50 13 5 18
1.78815 50 13 5 18
1.79452 50 11 7 18
1.80162 50 12 6 18
1.81945 50 14 4 18
1.8299 50 15 3 18
1.8378 50 15 3 18
1.84957 50 16 1 17
1.85944 50 16 1 17
1.86757 50 13 4 17
1.87519 50 14 3 17
1.88455 50 11 6 17
1.89958 50 10 7 17
1.90731 50 11 6 17
1.91929 50 13 3 16
1.93433 50 14 2 16
1.94795 50 15 1 16
1.95856 50 15 1 16
1.96961 50 14 2 16
1.97927 50 13 3 16
1.984 50 13 3 16
1.99927 50 13 3 16
2.0047 50 11 5 16
2.01898 50 9 6 15
2.02806 50 10 5 15
2.03814 50 11 4 15
2.04987 50 10 4 14
2.05799 50 9 5 14
2.06488 50 10 4 14
2.07405 50 9 5 14
2.09894 50 7 7 14
2.10926 50 8 6 14
2.12664 50 8 6 14
2.13978 50 10 4 14
2.14831 50 9 4 13
2.15932 50 11 2 13
2.1688 50 10 3 13
2.17993 50 8 5 13
2.18666 50 11 2 13
2.20953 50 11 2 13
2.22691 50 10 3 13
2.23608 50 12 1 13
2.24972 50 9 4 13
2.25611 50 12 1 13
2.26723 50 12 1 13
2.27844 50 11 2 13
2.28835 50 11 2 13
2.2928 50 12 1 13
2.30528 50 11 1 12
2.31456 50 12 0 12
2.32587 50 10 2 12
2.33659 50 11 1 12
2.34336 50 11 1 12
2.35784 50 10 2 12
2.36795 50 10 1 11
2.37729 50 9 2 11
2.38664 50 9 1 10
2.39365 50 8 2 10
2.40153 50 8 2 10
2.41465 50 8 2 10
2.4249 50 9 1 10
2.4318 50 8 2 10
2.44553 50 7 3 10
2.45808 50 7 3 10
2.46883 50 6 4 10
2.47654 50 8 2 10
2.48814 50 7 3 10
2.49898 50 7 2 9
2.50749 50 6 2 8
2.51247 50 7 1 8
2.52576 50 6 2 8
2.53214 50 6 2 8
2.54963 50 4 4 8
2.55203 50 4 4 8
2.56643 50 5 3 8
2.57894 50 7 1 8
2.58565 50 6 2 8
2.59736 50 5 3 8
2.60586 50 5 3 8
2.61513 50 7 1 8
2.62241 50 6 2 8
2.63739 50 7 1 8
2.64109 50 8 0 8
2.6523 50 7 1 8
2.67114 50 8 0 8
2.69801 50 7 1 8
2.70429 50 8 0 8
2.71421 50 7 0 7
2.73424 50 6 1 7
2.74303 50 7 0 7
2.76075 50 6 1 7
2.78328 50 5 1 6
2.80999 50 3 3 6
2.8185 50 3 3 6
2.83865 50 3 3 6
2.8558 50 3 3 6
2.86825 50 5 1 6
2.88975 50 3 3 6
2.89707 50 4 1 5
2.90136 50 2 3 5
2.92843 50 4 1 5
2.93939 50 2 2 4
2.94281 50 3 1 4
2.9506 50 4 0 4
2.99795 50 3 1 4
3.00004 50 4 0 4
3.02096 50 3 1 4
3.04947 50 2 2 4
3.05905 50 3 1 4
3.08954 50 4 0 4
3.15413 50 4 0 4
3.16218 50 3 1 4
3.17332 50 4 0 4
3.19368 50 3 1 4
3.20746 50 1 2 3
3.21434 50 1 2 3
3.22849 50 2 1 3
3.28477 50 3 0 3
3.2992 50 3 0 3
3.32 50 2 1 3
3.36795 50 2 1 3
3.39459 50 3 0 3
3.40718 50 2 1 3
3.41497 50 1 2 3
3.42215 50 2 1 3
3.4344 50 1 2 3
3.44312 50 2 1 3
3.47116 50 1 2 3
3.48861 50 2 1 3
3.4964 50 3 0 3
3.53664 50 1 2 3
3.54901 50 2 1 3
3.58765 50 3 0 3
3.59466 50 2 1 3
3.61464 50 2 1 3
3.62898 50 0 3 3
3.63909 50 1 2 3
3.67871 50 3 0 3
3.70442 50 2 1 3
3.72547 50 3 0 3
3.74221 50 2 1 3
3.75087 50 1 1 2
3.77753 50 1 1 2
3.7869 50 2 0 2
3.88587 50 2 0 2
3.95914 50 1 1 2
3.96053 50 0 2 2
3.99068 50 1 1 2
4.03017 50 2 0 2
4.05214 50 1 1 2
4.06141 50 2 0 2
4.17843 50 1 1 2
4.18093 50 0 2 2
4.19281 50 2 0 2
4.23879 50 1 1 2
4.24518 50 2 0 2
4.31706 50 0 1 1
4.34543 50 1 0 1
4.49692 50 0 1 1
4.51955 50 1 0 1
4.52415 50 0 1 1
4.5559 50 1 0 1
4.75396 50 0 1 1
4.82409 50 0 0 0
13.0112 50 0 0 0
