0.00943607 50 22 74 96
0.0193123 50 32 63 95
0.0295038 50 39 55 94
0.0388494 50 41 52 93
0.049759 50 40 52 92
0.0596106 50 40 50 90
0.066949 50 41 49 90
0.0795493 50 41 49 90
0.0899738 50 43 46 89
0.0997427 50 42 45 87
0.101997 50 41 46 87
0.119845 50 41 45 86
0.129198 50 39 46 85
0.138404 50 41 43 84
0.148161 50 43 40 83
0.159963 50 41 42 83
0.169611 50 39 43 82
0.179853 50 39 41 80
0.189517 50 40 40 80
0.197066 50 40 40 80
0.207004 50 40 40 80
0.219553 50 35 45 80
0.227798 50 37 42 79
0.239972 50 39 39 78
0.248499 50 38 39 77
0.258486 50 39 38 77
0.268624 50 41 36 77
0.278052 50 37 39 76
0.289261 50 36 40 76
0.299242 50 39 35 74
0.308779 50 41 32 73
0.319483 50 38 34 72
0.329159 50 41 30 71
0.339285 50 38 33 71
0.346925 50 40 30 70
0.359205 50 40 29 69
0.368386 50 38 31 69
0.379224 50 34 33 67
0.389569 50 35 31 66
0.398201 50 36 29 65
0.40966 50 34 31 65
0.417261 50 37 28 65
0.429618 50 38 27 65
0.438789 50 41 24 65
0.448286 50 37 28 65
0.457341 50 38 26 64
0.46901 50 35 29 64
0.479655 50 37 27 64
0.489399 50 38 26 64
0.49605 50 36 28 64
0.507605 50 35 29 64
0.519305 50 36 28 64
0.527371 50 37 27 64
0.539205 50 36 28 64
0.549963 50 36 28 64
0.558435 50 37 27 64
0.569846 50 36 27 63
0.577602 50 37 26 63
0.588497 50 37 26 63
0.599739 50 36 26 62
0.608756 50 36 25 61
0.618078 50 34 27 61
0.627149 50 34 24 58
0.63928 50 37 20 57
0.649406 50 40 15 55
0.657952 50 38 17 55
0.666509 50 39 16 55
0.678641 50 40 13 53
0.685295 50 41 12 53
0.695883 50 38 15 53
0.709769 50 34 19 53
0.719433 50 32 20 52
0.727495 50 35 16 51
0.739003 50 32 19 51
0.74921 50 31 19 50
0.758372 50 28 22 50
0.769313 50 28 20 48
0.779871 50 27 21 48
0.789119 50 29 19 48
0.799889 50 33 15 48
0.8092 50 29 17 46
0.81996 50 29 17 46
0.828686 50 29 15 44
0.839663 50 30 14 44
0.847444 50 31 13 44
0.859308 50 32 12 44
0.869819 50 29 15 44
0.878738 50 27 17 44
0.889802 50 24 19 43
0.89927 50 28 15 43
0.909962 50 33 10 43
0.918684 50 31 12 43
0.929435 50 30 13 43
0.939837 50 27 16 43
0.948943 50 24 18 42
0.959644 50 21 17 38
0.963991 50 22 16 38
0.979006 50 25 13 38
0.989212 50 25 13 38
0.998588 50 24 14 38
1.00896 50 26 11 37
1.01658 50 26 11 37
1.02621 50 30 7 37
1.0367 50 29 8 37
1.04881 50 28 9 37
1.05978 50 26 11 37
1.06827 50 24 12 36
1.07959 50 29 7 36
1.0899 50 24 11 35
1.09944 50 21 13 34
1.10928 50 20 13 33
1.11945 50 21 12 33
1.12971 50 21 12 33
1.13998 50 21 11 32
1.1476 50 21 11 32
1.15949 50 22 10 32
1.16866 50 23 9 32
1.17619 50 23 8 31
1.18844 50 20 10 30
1.19741 50 22 8 30
1.20906 50 22 8 30
1.219 50 20 10 30
1.22802 50 20 9 29
1.23784 50 20 8 28
1.24878 50 21 7 28
1.25633 50 18 9 27
1.26527 50 19 8 27
1.27151 50 21 6 27
1.28981 50 21 5 26
1.2992 50 19 7 26
1.30911 50 19 7 26
1.31992 50 17 9 26
1.32367 50 19 7 26
1.33999 50 18 8 26
1.3488 50 14 10 24
1.35914 50 15 9 24
1.3686 50 19 5 24
1.37544 50 20 4 24
1.38979 50 19 5 24
1.39688 50 17 7 24
1.40739 50 17 6 23
1.41909 50 19 4 23
1.42911 50 19 4 23
1.43419 50 19 4 23
1.45842 50 19 4 23
1.46881 50 18 4 22
1.47934 50 17 5 22
1.48232 50 18 4 22
1.49714 50 18 4 22
1.50574 50 17 5 22
1.5109 50 16 6 22
1.53718 50 18 4 22
1.54754 50 18 4 22
1.55278 50 17 5 22
1.5693 50 17 4 21
1.57812 50 18 3 21
1.58897 50 16 5 21
1.59852 50 16 5 21
1.60608 50 18 3 21
1.6144 50 17 4 21
1.62965 50 15 6 21
1.63826 50 13 8 21
1.64966 50 15 6 21
1.66629 50 14 7 21
1.67999 50 14 6 20
1.68748 50 14 6 20
1.69789 50 13 6 19
1.7068 50 13 6 19
1.71394 50 13 5 18
1.72862 50 12 6 18
1.73818 50 12 6 18
1.74931 50 11 7 18
1.75474 50 11 7 18
1.76842 50 12 6 18
1.7891 50 13 4 17
1.79686 50 13 4 17
1.80472 50 12 5 17
1.81919 50 14 3 17
1.82952 50 14 2 16
1.83971 50 13 3 16
1.84902 50 11 5 16
1.85701 50 14 2 16
1.86338 50 13 3 16
1.87454 50 12 4 16
1.88896 50 10 5 15
1.89844 50 11 4 15
1.9097 50 13 2 15
1.91287 50 12 3 15
1.92975 50 12 3 15
1.93667 50 11 3 14
1.94915 50 9 4 13
1.95756 50 10 3 13
1.97746 50 8 5 13
1.98785 50 10 3 13
1.99071 50 11 2 13
2.00945 50 11 2 13
2.01779 50 13 0 13
2.0307 50 12 1 13
2.04845 50 10 2 12
2.05623 50 9 3 12
2.07194 50 9 3 12
2.0855 50 10 2 12
2.09822 50 10 2 12
2.10969 50 11 1 12
2.11868 50 10 2 12
2.12701 50 12 0 12
2.13633 50 11 1 12
2.14208 50 11 1 12
2.16753 50 10 2 12
2.17691 50 10 2 12
2.19853 50 11 1 12
2.20382 50 11 1 12
2.22456 50 11 0 11
2.23043 50 10 1 11
2.24551 50 8 3 11
2.25966 50 8 3 11
2.26519 50 9 2 11
2.27889 50 9 2 11
2.28844 50 10 1 11
2.32778 50 11 0 11
2.34493 50 10 1 11
2.35292 50 9 2 11
2.36991 50 10 1 11
2.37779 50 8 3 11
2.38696 50 9 2 11
2.3976 50 10 1 11
2.40061 50 9 1 10
2.41032 50 8 2 10
2.42967 50 9 1 10
2.4389 50 8 2 10
2.44889 50 8 2 10
2.46232 50 10 0 10
2.47624 50 9 1 10
2.49916 50 7 2 9
2.50923 50 7 2 9
2.52559 50 7 2 9
2.5386 50 8 1 9
2.54828 50 6 3 9
2.55868 50 8 1 9
2.58323 50 7 1 8
2.59375 50 7 1 8
2.61819 50 7 1 8
2.6301 50 6 2 8
2.64756 50 5 3 8
2.65455 50 4 4 8
2.66718 50 6 2 8
2.67965 50 8 0 8
2.68769 50 6 2 8
2.69973 50 6 2 8
2.70091 50 7 1 8
2.71453 50 6 2 8
2.72964 50 6 2 8
2.73947 50 6 2 8
2.74282 50 8 0 8
2.77917 50 6 2 8
2.79374 50 7 1 8
2.81161 50 8 0 8
2.82807 50 6 2 8
2.83467 50 7 1 8
2.84361 50 7 1 8
2.87419 50 6 2 8
2.88186 50 7 1 8
2.89893 50 8 0 8
2.91369 50 7 1 8
2.92827 50 7 1 8
2.93798 50 5 3 8
2.94576 50 6 2 8
2.95102 50 7 1 8
2.96388 50 7 1 8
2.9982 50 8 0 8
3.01888 50 6 2 8
3.02969 50 6 1 7
3.0344 50 6 1 7
3.04881 50 6 1 7
3.05172 50 7 0 7
3.0661 50 6 1 7
3.07647 50 6 1 7
3.08123 50 7 0 7
3.09618 50 6 1 7
3.10636 50 5 2 7
3.11459 50 6 1 7
3.14825 50 5 2 7
3.15608 50 4 3 7
3.16836 50 4 3 7
3.177 50 3 4 7
3.18808 50 3 3 6
3.19992 50 5 1 6
3.20923 50 4 2 6
3.22753 50 5 1 6
3.23806 50 5 1 6
3.24754 50 6 0 6
3.25947 50 6 0 6
3.27092 50 5 1 6
3.28636 50 4 2 6
3.29724 50 5 1 6
3.30775 50 5 1 6
3.31211 50 4 2 6
3.32956 50 2 3 5
3.33049 50 3 2 5
3.34457 50 4 1 5
3.38522 50 5 0 5
3.39848 50 4 1 5
3.40594 50 5 0 5
3.41769 50 4 0 4
3.42014 50 3 1 4
3.44024 50 4 0 4
3.48982 50 2 2 4
3.50271 50 2 2 4
3.51827 50 4 0 4
3.56249 50 3 1 4
3.60949 50 3 1 4
3.61285 50 4 0 4
3.63499 50 3 1 4
3.64858 50 2 2 4
3.65955 50 2 2 4
3.66907 50 1 2 3
3.68518 50 2 1 3
3.7065 50 1 2 3
3.74255 50 1 1 2
3.75725 50 2 0 2
3.80836 50 1 1 2
3.81648 50 1 1 2
3.83692 50 1 1 2
3.84589 50 1 1 2
3.87456 50 2 0 2
3.88505 50 1 1 2
3.94008 50 2 0 2
3.98485 50 1 1 2
4.01436 50 2 0 2
4.04835 50 1 1 2
4.05915 50 2 0 2
4.07333 50 1 1 2
4.08641 50 2 0 2
4.11036 50 1 1 2
4.13993 50 0 2 2
4.14395 50 1 1 2
4.1621 50 1 0 1
4.21402 50 0 1 1
4.25419 50 1 0 1
4.37855 50 0 1 1
4.38121 50 1 0 1
4.41274 50 0 1 1
4.42943 50 1 0 1
4.52867 50 0 1 1
4.56352 50 1 0 1
4.60832 50 0 0 0
5.65858 50 0 0 0
5.73711 50 0 0 0
37.153 50 0 0 0
