0.00991301 50 31 67 98
0.01881 50 40 58 98
0.029586 50 40 55 95
0.038824 50 39 55 94
0.0490302 50 41 52 93
0.0585869 50 35 57 92
0.0698518 50 38 51 89
0.0791883 50 39 48 87
0.0895293 50 41 45 86
0.0995875 50 41 45 86
0.109356 50 40 46 86
0.119852 50 41 44 85
0.129602 50 38 43 81
0.139715 50 38 43 81
0.149934 50 37 42 79
0.159783 50 39 40 79
0.169798 50 39 40 79
0.179175 50 40 39 79
0.189122 50 39 40 79
0.192711 50 40 39 79
0.209872 50 39 39 78
0.219532 50 36 42 78
0.229831 50 41 37 78
0.239742 50 40 38 78
0.249338 50 38 39 77
0.259855 50 37 40 77
0.269831 50 38 39 77
0.278636 50 38 38 76
0.289387 50 41 35 76
0.299924 50 38 37 75
0.307402 50 40 35 75
0.319367 50 35 39 74
0.327525 50 35 39 74
0.338309 50 39 34 73
0.348879 50 40 33 73
0.359382 50 39 34 73
0.368333 50 38 35 73
0.378643 50 38 35 73
0.388298 50 42 30 72
0.399366 50 43 28 71
0.404845 50 43 28 71
0.41987 50 41 30 71
0.429636 50 38 31 69
0.439969 50 40 29 69
0.449967 50 41 28 69
0.45725 50 44 25 69
0.468051 50 43 25 68
0.479674 50 41 27 68
0.489044 50 36 31 67
0.499847 50 31 35 66
0.508721 50 34 31 65
0.519933 50 36 27 63
0.529352 50 37 26 63
0.537078 50 35 27 62
0.549706 50 36 25 61
0.559253 50 36 25 61
0.567074 50 36 25 61
0.579577 50 34 25 59
0.587951 50 33 25 58
0.599576 50 33 24 57
0.608647 50 32 24 56
0.619811 50 32 23 55
0.624264 50 30 25 55
0.638838 50 31 23 54
0.649005 50 31 23 54
0.657721 50 34 20 54
0.668464 50 33 19 52
0.677955 50 35 17 52
0.686255 50 34 17 51
0.699947 50 35 16 51
0.708737 50 32 19 51
0.719216 50 34 17 51
0.729461 50 29 22 51
0.73985 50 28 22 50
0.748936 50 30 20 50
0.757333 50 30 19 49
0.769108 50 32 16 48
0.779237 50 32 16 48
0.78679 50 32 15 47
0.799197 50 30 17 47
0.809076 50 32 15 47
0.817515 50 30 16 46
0.82962 50 31 15 46
0.839809 50 36 10 46
0.84909 50 33 13 46
0.859342 50 32 13 45
0.869447 50 31 14 45
0.878966 50 30 15 45
0.889158 50 31 14 45
0.899464 50 32 12 44
0.909431 50 36 8 44
0.918428 50 36 8 44
0.928331 50 34 10 44
0.93562 50 33 11 44
0.94576 50 31 12 43
0.958451 50 29 14 43
0.967098 50 27 15 42
0.97742 50 27 15 42
0.989144 50 27 15 42
0.999364 50 30 11 41
1.0098 50 28 12 40
1.01343 50 28 12 40
1.02966 50 30 10 40
1.03791 50 31 9 40
1.04781 50 31 9 40
1.05931 50 29 11 40
1.069 50 29 11 40
1.07741 50 31 9 40
1.08917 50 32 8 40
1.09659 50 30 9 39
1.1093 50 30 8 38
1.11651 50 30 7 37
1.12789 50 29 8 37
1.13975 50 25 11 36
1.14851 50 25 10 35
1.15503 50 25 10 35
1.16991 50 25 10 35
1.17734 50 27 7 34
1.18759 50 24 9 33
1.19854 50 22 11 33
1.20638 50 23 10 33
1.2196 50 22 10 32
1.2288 50 22 10 32
1.23948 50 26 5 31
1.24824 50 26 5 31
1.25964 50 23 8 31
1.26865 50 24 6 30
1.27406 50 22 8 30
1.28615 50 24 5 29
1.29702 50 23 6 29
1.30758 50 21 8 29
1.31981 50 21 8 29
1.32521 50 21 8 29
1.33866 50 20 9 29
1.34808 50 22 7 29
1.35877 50 21 8 29
1.36914 50 20 9 29
1.37967 50 23 6 29
1.3881 50 23 6 29
1.39942 50 20 9 29
1.40885 50 19 10 29
1.41837 50 19 9 28
1.42872 50 20 8 28
1.43995 50 20 8 28
1.44697 50 18 10 28
1.45748 50 21 7 28
1.46627 50 20 8 28
1.47621 50 19 9 28
1.48951 50 21 7 28
1.49894 50 24 4 28
1.50938 50 25 3 28
1.5159 50 26 2 28
1.52671 50 21 7 28
1.53784 50 20 8 28
1.5484 50 21 7 28
1.55836 50 18 10 28
1.5668 50 19 9 28
1.57741 50 20 8 28
1.58103 50 22 6 28
1.59376 50 20 8 28
1.60624 50 24 4 28
1.61562 50 24 4 28
1.62812 50 20 8 28
1.63414 50 21 7 28
1.64737 50 21 7 28
1.65786 50 21 7 28
1.66997 50 18 10 28
1.67985 50 17 11 28
1.68826 50 19 9 28
1.69619 50 20 8 28
1.70973 50 19 9 28
1.7198 50 21 7 28
1.72993 50 19 9 28
1.73385 50 20 8 28
1.74868 50 19 9 28
1.7577 50 17 11 28
1.76537 50 19 8 27
1.77558 50 17 10 27
1.78836 50 18 9 27
1.7999 50 20 7 27
1.80988 50 19 8 27
1.81982 50 20 7 27
1.82752 50 19 8 27
1.83078 50 19 7 26
1.84906 50 19 7 26
1.85811 50 19 7 26
1.86944 50 17 7 24
1.87958 50 18 6 24
1.88853 50 15 9 24
1.8995 50 18 6 24
1.90881 50 20 4 24
1.91239 50 19 5 24
1.92399 50 18 6 24
1.93717 50 18 5 23
1.94973 50 16 7 23
1.95981 50 17 6 23
1.96952 50 17 6 23
1.97956 50 15 8 23
1.9892 50 13 10 23
1.99999 50 16 7 23
2.00905 50 20 3 23
2.01624 50 19 4 23
2.02728 50 20 2 22
2.0391 50 21 1 22
2.049 50 17 5 22
2.05426 50 17 5 22
2.06392 50 17 5 22
2.07591 50 14 8 22
2.08727 50 16 6 22
2.09869 50 18 4 22
2.1088 50 18 4 22
2.11205 50 19 3 22
2.12979 50 17 5 22
2.13984 50 20 2 22
2.14725 50 20 2 22
2.15021 50 19 2 21
2.16671 50 19 2 21
2.17744 50 17 4 21
2.18922 50 17 4 21
2.19256 50 17 3 20
2.20709 50 18 2 20
2.21983 50 16 3 19
2.22041 50 15 4 19
2.23853 50 14 5 19
2.24844 50 14 3 17
2.25869 50 16 1 17
2.26971 50 14 3 17
2.2785 50 15 2 17
2.29256 50 14 3 17
2.30946 50 15 2 17
2.31691 50 14 3 17
2.32933 50 14 3 17
2.33345 50 13 4 17
2.3499 50 13 4 17
2.35405 50 12 4 16
2.36886 50 12 4 16
2.376 50 11 5 16
2.38679 50 13 3 16
2.39039 50 14 2 16
2.40863 50 11 5 16
2.41863 50 12 4 16
2.4284 50 12 4 16
2.43996 50 11 5 16
2.44885 50 13 3 16
2.45418 50 11 4 15
2.46793 50 13 2 15
2.47411 50 14 1 15
2.48247 50 13 2 15
2.49951 50 11 4 15
2.50948 50 11 4 15
2.51898 50 8 7 15
2.5274 50 7 8 15
2.53773 50 8 7 15
2.54855 50 11 4 15
2.55636 50 12 3 15
2.56978 50 11 4 15
2.57343 50 13 2 15
2.59854 50 13 2 15
2.60034 50 12 3 15
2.61992 50 10 5 15
2.6296 50 12 3 15
2.63963 50 10 5 15
2.64928 50 11 4 15
2.65155 50 10 5 15
2.66864 50 9 5 14
2.67824 50 7 7 14
2.68597 50 9 5 14
2.69933 50 12 2 14
2.72332 50 12 1 13
2.74002 50 11 2 13
2.7502 50 12 1 13
2.77709 50 11 2 13
2.79746 50 10 3 13
2.80838 50 10 3 13
2.81266 50 10 2 12
2.82775 50 9 3 12
2.83112 50 10 2 12
2.84983 50 10 1 11
2.86995 50 10 1 11
2.87171 50 9 2 11
2.89 50 6 5 11
2.89706 50 8 3 11
2.90411 50 9 1 10
2.91162 50 7 2 9
2.93649 50 8 1 9
2.95809 50 7 2 9
2.96981 50 8 1 9
2.97404 50 7 2 9
2.98588 50 7 2 9
2.99991 50 8 1 9
3.00992 50 6 3 9
3.01453 50 6 3 9
3.03844 50 7 2 9
3.04504 50 7 2 9
3.05606 50 7 2 9
3.09338 50 6 3 9
3.10212 50 6 3 9
3.11694 50 9 0 9
3.13723 50 8 1 9
3.16816 50 6 3 9
3.17089 50 5 4 9
3.18618 50 8 1 9
3.19978 50 7 2 9
3.20935 50 8 1 9
3.21988 50 6 2 8
3.22779 50 6 1 7
3.23237 50 6 1 7
3.24591 50 7 0 7
3.26634 50 5 2 7
3.27853 50 4 3 7
3.28058 50 3 4 7
3.29207 50 4 3 7
3.30906 50 5 2 7
3.32059 50 6 1 7
3.34565 50 5 2 7
3.35103 50 6 1 7
3.36102 50 7 0 7
3.41735 50 7 0 7
3.42882 50 5 2 7
3.43106 50 6 1 7
3.44067 50 5 2 7
3.45968 50 7 0 7
3.47825 50 6 1 7
3.49517 50 6 0 6
3.51106 50 4 2 6
3.53714 50 5 1 6
3.5425 50 6 0 6
3.58875 50 5 0 5
3.59194 50 4 1 5
3.60202 50 5 0 5
3.634 50 3 2 5
3.64311 50 3 1 4
3.65928 50 2 2 4
3.67728 50 2 2 4
3.68897 50 1 3 4
3.69998 50 4 0 4
3.70718 50 3 1 4
3.73871 50 2 2 4
3.74606 50 1 3 4
3.75566 50 4 0 4
3.77631 50 3 1 4
3.80933 50 3 1 4
3.82751 50 3 1 4
3.86989 50 3 1 4
3.87382 50 3 1 4
3.90584 50 2 2 4
3.91775 50 3 1 4
3.95479 50 4 0 4
3.97033 50 3 1 4
3.98224 50 4 0 4
4.02292 50 3 1 4
4.03154 50 2 2 4
4.04811 50 4 0 4
4.10684 50 3 1 4
4.15215 50 4 0 4
4.20686 50 3 1 4
4.21614 50 4 0 4
4.26905 50 4 0 4
4.33692 50 4 0 4
4.34585 50 4 0 4
4.37624 50 3 1 4
4.38491 50 4 0 4
4.41889 50 3 1 4
4.46006 50 2 2 4
4.47957 50 3 1 4
4.48441 50 2 2 4
4.49634 50 3 1 4
4.53884 50 3 1 4
4.54867 50 3 1 4
4.55575 50 2 2 4
4.56686 50 2 2 4
4.60845 50 2 2 4
4.61514 50 2 2 4
4.62815 50 3 1 4
4.65949 50 2 1 3
4.67346 50 2 1 3
4.69183 50 3 0 3
4.72088 50 2 1 3
4.74707 50 1 2 3
4.7595 50 2 0 2
4.79202 50 1 0 1
4.82371 50 0 1 1
4.86312 50 1 0 1
4.88342 50 0 1 1
4.92553 50 1 0 1
5.01263 50 0 1 1
5.03762 50 1 0 1
5.15664 50 0 1 1
5.18488 50 1 0 1
5.19378 50 0 0 0
12.6647 50 0 0 0
