0.564081
0.334407
0.293619
0.283081
0.297062
0.289675
0.289136
0.296258
0.288706
0.301462
0.292541
0.286907
0.290271
0.30717300000000003
0.30302300000000004
0.27756200000000003
0.28395800000000004
0.288586
0.28823200000000004
0.287507
0.28069500000000003
0.294125
0.28342700000000004
0.29817000000000005
0.294962
0.288542
0.293461
0.287818
0.285893
0.28589200000000003
0.284849
0.28921800000000003
0.282356
0.305642
0.27789800000000003
0.27948
0.281702
0.292288
0.287349
0.300852
0.289783
0.300705
0.285594
0.30561
0.270534
0.282208
0.28117200000000003
0.297082
0.282401
0.306095
