0.0498975 989 0 11
0.0999989 978 0 21
0.149147 967 0 35
0.199871 958 3 50
0.249177 950 4 59
0.299871 942 9 72
0.349944 933 11 86
0.399829 929 15 90
0.449916 926 16 96
0.499467 920 22 109
0.549806 912 25 120
0.599738 903 28 127
0.649804 892 31 138
0.6997 885 37 147
0.749581 880 44 153
0.799226 875 50 158
0.849705 868 63 163
0.89975 865 65 171
0.949592 859 71 180
0.999978 845 69 188
1.04995 838 72 195
1.09981 831 79 201
1.14866 829 78 207
1.19926 825 75 211
1.24994 822 75 219
1.29995 818 77 223
1.34989 815 79 230
1.39957 809 81 241
1.44897 799 90 245
1.49948 794 93 243
1.54989 790 102 248
1.5999 786 104 249
1.64971 780 108 250
1.69952 775 113 257
1.74962 772 117 263
1.79999 768 124 261
1.84991 761 130 266
1.89967 756 138 268
1.94991 753 140 273
1.99997 750 141 283
2.04983 745 145 286
2.09989 742 144 295
2.14969 738 149 300
2.19941 735 161 304
2.24977 731 166 308
2.29985 726 169 308
2.34994 723 177 306
2.3997 719 183 310
2.44995 711 188 315
2.49991 707 190 313
2.54993 703 201 317
2.59995 700 204 319
2.64996 697 206 324
2.69972 691 210 318
2.74966 688 222 326
2.79989 682 228 332
2.84987 677 231 329
2.8994 672 234 331
2.94959 668 235 324
2.99998 666 238 326
3.04984 666 241 338
3.09939 662 242 342
3.14999 659 244 342
3.19987 647 250 347
3.24997 645 254 348
3.29956 641 254 353
3.34942 635 263 357
3.39971 632 265 361
3.44897 628 274 369
3.49935 622 278 364
3.54906 619 288 369
3.59984 615 294 371
3.64978 611 298 368
3.69993 610 304 364
3.74987 607 312 362
3.79998 601 316 369
3.84988 598 312 366
3.89962 593 316 373
3.94996 589 316 379
3.99974 585 318 389
4.04942 584 327 397
4.09961 577 326 402
4.1496 570 334 403
4.19991 567 340 407
4.24967 562 339 416
4.29992 559 348 422
4.34925 557 346 426
4.39926 556 350 430
4.44978 554 354 428
4.49942 552 360 430
4.54877 548 359 431
4.59992 544 371 428
4.6499 541 371 430
4.69855 538 373 434
4.74984 536 375 434
4.79998 534 378 438
4.8491 528 380 440
4.89995 521 381 441
4.94979 515 381 441
4.99999 509 382 440
5.04967 507 381 445
5.09957 504 380 446
5.14969 502 384 448
5.19991 495 386 452
5.24976 493 389 453
5.29994 486 389 455
5.34992 483 390 462
5.39907 478 390 460
5.44984 473 387 455
5.49986 471 389 459
5.54886 468 395 466
5.59962 464 396 469
5.64985 457 399 472
5.6994 453 403 480
5.74935 451 408 485
5.79982 445 408 492
5.84958 442 411 489
5.89996 439 412 492
5.94997 437 415 492
5.99995 434 416 494
6.04982 431 412 498
6.09982 422 417 501
6.1495 419 417 503
6.19998 415 421 508
6.2496 413 418 510
6.3 405 413 511
6.34955 402 409 513
6.39933 398 409 522
6.44993 391 408 525
6.49992 389 411 537
6.54945 384 414 534
6.59958 381 413 530
6.64993 378 411 530
6.69977 377 413 526
6.74991 376 414 525
6.79978 375 412 532
6.84896 373 409 530
6.89915 370 408 529
6.94973 367 407 533
6.99971 364 404 533
7.04996 357 403 532
7.09963 356 398 534
7.14831 355 395 541
7.19975 351 393 545
7.24993 347 395 546
7.29884 345 393 544
7.34998 344 395 551
7.39954 341 394 557
7.44941 336 391 551
7.49973 334 390 554
7.54905 332 390 560
7.59887 329 393 560
7.64983 328 394 556
7.69981 324 390 561
7.74952 322 389 558
7.79958 319 387 558
7.84939 317 383 565
7.89985 313 385 567
7.94989 312 382 565
7.99933 311 380 572
8.04975 311 378 580
8.09974 306 378 578
8.14968 300 378 577
8.19998 299 376 577
8.24936 295 375 578
8.29939 291 372 584
8.34735 290 371 580
8.39893 287 371 586
8.44955 283 369 585
8.4998 281 369 587
8.54956 280 367 589
8.59811 277 365 599
8.64958 275 361 602
8.69997 273 358 607
8.74971 269 356 608
8.79845 268 355 611
8.84945 264 356 610
8.89994 261 352 613
8.94992 254 351 614
8.99981 254 349 611
9.04987 253 346 611
9.09933 251 345 614
9.14974 248 341 617
9.19996 248 338 623
9.24973 245 337 622
9.29987 242 333 628
9.34958 240 333 624
9.39997 239 332 630
9.44934 237 332 631
9.49924 234 331 632
9.55 233 329 635
9.59998 231 329 643
9.64981 226 327 644
9.69997 225 325 650
9.74978 223 324 657
9.7987 223 324 661
9.84936 220 322 661
9.89999 218 322 662
9.94964 216 316 666
9.99968 214 312 669
10.0499 211 311 672
10.0997 208 308 671
10.1499 206 303 675
10.1998 203 303 681
10.2493 202 301 689
10.2995 199 300 690
10.3497 195 297 692
10.3995 195 294 691
10.4498 192 290 692
10.4998 191 290 697
10.5499 189 290 698
10.5997 189 288 698
10.6496 188 286 702
10.6995 187 283 701
10.7498 186 283 702
10.7999 184 280 701
10.8497 179 279 699
10.8999 179 277 697
10.9499 176 276 696
10.9998 174 275 695
11.0498 172 270 697
11.0998 171 270 693
11.15 170 266 695
11.1997 170 265 699
11.2492 170 264 704
11.2998 170 259 708
11.35 167 257 704
11.3996 164 254 711
11.4496 161 253 717
11.4997 159 250 724
11.5493 159 248 726
11.5991 159 248 730
11.6497 154 247 733
11.6999 151 247 734
11.75 149 246 737
11.7999 146 242 739
11.8498 144 240 745
11.8995 142 238 741
11.9495 140 236 744
11.9996 137 236 746
12.0498 136 234 746
12.0997 134 230 745
12.1498 133 228 745
12.1999 132 227 749
12.2497 131 229 746
12.2995 131 223 743
12.3498 128 222 741
12.3999 126 220 742
12.4497 122 219 744
12.4998 121 218 744
12.5496 119 213 745
12.5996 117 210 744
12.6499 116 208 750
12.6998 116 206 754
12.7487 113 206 751
12.7991 111 204 749
12.8477 110 202 750
12.8995 108 202 757
12.95 106 197 759
13 104 196 758
13.0496 103 194 764
13.0995 102 194 760
13.15 101 190 762
13.1997 100 190 763
13.2498 97 188 770
13.3 95 186 772
13.3486 95 182 772
13.3998 93 177 777
13.4498 93 175 774
13.5 89 173 777
13.5499 87 170 783
13.5995 82 168 795
13.6497 80 166 797
13.6993 78 164 796
13.7495 78 164 797
13.7993 76 159 803
13.85 75 159 800
13.8997 74 157 803
13.9499 71 154 803
13.9999 71 151 804
14.0498 68 151 802
14.0996 65 149 806
14.1498 64 147 803
14.1985 62 146 804
14.2498 60 145 805
14.2966 58 144 798
14.3494 57 141 797
14.3984 57 138 800
14.4498 57 136 798
14.4994 56 136 800
14.5496 55 135 798
14.5998 55 134 803
14.6498 54 131 797
14.6975 53 129 800
14.75 50 126 798
14.7995 49 124 807
14.8498 49 124 811
14.8999 46 123 802
14.9494 45 120 808
14.9987 44 119 813
15.0488 42 117 807
15.0995 42 117 806
15.1497 41 114 804
15.1993 41 113 800
15.2487 41 112 799
15.2987 40 110 797
15.3494 40 109 800
15.3995 38 105 796
15.4496 38 102 796
15.4996 37 99 796
15.5492 36 98 792
15.5997 35 96 791
15.6494 32 93 795
15.6996 31 90 796
15.7499 30 88 796
15.7998 29 86 803
15.8496 29 84 805
15.8997 27 79 802
15.9493 27 78 800
15.9998 27 76 804
16.0497 27 73 801
16.0998 27 72 803
16.1496 26 72 805
16.1998 25 72 803
16.2496 24 71 801
16.2997 20 70 803
16.35 20 69 799
16.4 19 69 802
16.4497 19 69 803
16.4998 18 67 801
16.55 18 64 802
16.5983 18 64 802
16.6486 18 64 801
16.6993 16 62 800
16.7497 15 62 800
16.7997 13 62 796
16.8489 13 62 791
16.8999 13 61 800
16.95 13 59 799
16.9998 13 57 801
17.0496 13 56 800
17.099 13 55 800
17.149 13 53 796
17.1985 12 51 797
17.2497 12 51 797
17.2999 12 49 795
17.35 11 48 796
17.3991 10 48 794
17.4476 10 47 797
17.4999 9 46 800
17.5496 9 45 800
17.5997 9 43 802
17.6497 8 42 805
17.6997 8 40 808
17.7495 8 38 811
17.7998 7 38 813
17.848 6 37 811
17.8989 5 36 810
17.9492 5 36 805
17.9988 5 32 805
18.0494 5 31 802
18.0986 5 30 801
18.1497 5 30 797
18.1984 5 29 798
18.2495 4 29 802
18.2999 4 29 805
18.3496 3 29 801
18.3998 3 28 804
18.4494 3 28 799
18.4996 3 28 794
18.5498 3 27 796
18.5976 3 26 795
18.6496 3 25 795
18.698 3 25 792
18.7499 2 25 788
18.7976 2 25 789
18.8493 2 25 785
18.8998 2 25 784
18.9494 1 23 785
18.9997 1 23 787
19.0494 0 23 784
19.0947 0 23 786
19.1481 0 23 788
19.1997 0 23 792
19.2499 0 23 793
19.298 0 23 790
19.3494 0 23 793
19.3995 0 23 796
19.4493 0 23 797
19.4999 0 23 804
19.5488 0 23 801
19.599 0 23 794
19.6494 0 22 795
19.6986 0 22 795
19.7498 0 22 789
19.797 0 22 788
19.8493 0 22 788
19.8997 0 22 792
19.9494 0 22 791
19.9998 0 22 790
20.0489 0 22 793
20.0998 0 22 795
20.1498 0 22 800
20.1987 0 22 801
20.2495 0 22 798
20.2956 0 22 798
20.349 0 22 795
20.3998 0 22 797
20.4498 0 22 796
20.4996 0 21 795
20.5496 0 21 793
20.5986 0 21 795
20.6488 0 21 796
20.6988 0 21 801
20.7495 0 21 803
20.7965 0 21 805
20.85 0 21 807
20.8999 0 21 808
20.9492 0 21 806
20.9994 0 21 801
21.0469 0 21 803
21.0982 0 21 807
21.1469 0 21 805
21.1988 0 21 802
21.2489 0 21 801
21.2971 0 21 804
21.3465 0 21 799
21.3996 0 21 803
21.4478 0 21 806
21.4984 0 21 801
21.5498 0 21 805
21.5997 0 21 806
21.649 0 21 811
21.699 0 21 809
21.7467 0 21 808
21.799 0 21 810
21.8491 0 21 809
21.8989 0 21 807
21.9491 0 21 803
21.9985 0 21 800
22.0467 0 21 798
22.0987 0 21 796
22.1497 0 21 794
22.199 0 21 795
22.2483 0 21 801
22.2989 0 21 803
22.3477 0 21 806
22.3999 0 21 805
22.4487 0 21 802
22.4999 0 21 801
22.5499 0 21 803
22.598 0 21 804
22.6495 0 21 802
22.6998 0 21 804
22.7499 0 21 803
22.7997 0 21 809
22.8499 0 21 802
22.8997 0 21 803
22.9496 0 21 804
22.9997 0 21 802
23.0498 0 21 803
23.0993 0 21 806
23.1499 0 21 805
23.1998 0 21 801
23.25 0 21 796
23.2994 0 21 798
23.3493 0 21 795
23.4 0 21 796
23.4496 0 21 798
23.4998 0 21 798
23.5499 0 21 795
23.5981 0 21 795
23.6499 0 21 794
23.6997 0 21 790
23.7498 0 21 785
23.7997 0 21 787
23.8493 0 21 788
23.8991 0 21 794
23.9494 0 21 798
23.9997 0 21 797
24.05 0 21 799
24.1 0 21 803
24.1484 0 21 801
24.1996 0 21 800
24.2499 0 21 801
24.2998 0 21 800
24.3492 0 21 806
24.3999 0 21 803
24.4497 0 21 799
24.4999 0 21 799
24.55 0 21 799
24.5989 0 21 801
24.6495 0 21 802
24.6996 0 21 801
24.7495 0 21 802
24.7988 0 21 804
24.8499 0 21 799
24.8994 0 21 798
24.9488 0 21 797
24.998 0 21 794
25.0472 0 21 792
25.0986 0 21 799
25.1495 0 21 800
25.199 0 21 803
25.2499 0 21 801
25.2999 0 21 800
25.3498 0 21 802
25.3989 0 21 799
25.4491 0 21 801
25.4991 0 21 799
25.5486 0 21 797
25.5997 0 21 797
25.6466 0 21 798
25.6952 0 21 801
25.7492 0 21 806
25.8 0 21 805
25.8498 0 21 807
25.8998 0 21 811
25.9499 0 21 808
25.9983 0 21 807
26.0459 0 21 814
26.0995 0 21 809
26.1489 0 21 810
26.1994 0 21 811
26.2476 0 21 811
26.2998 0 21 809
26.3493 0 21 810
26.3964 0 21 809
26.4472 0 21 807
26.4999 0 21 803
26.5468 0 21 805
26.5986 0 21 802
26.65 0 21 805
26.6992 0 21 803
26.7446 0 21 810
26.7991 0 21 804
26.849 0 21 803
26.8999 0 21 800
26.9493 0 21 803
26.9992 0 21 798
27.0482 0 21 798
27.0998 0 21 798
27.1485 0 21 797
27.1984 0 21 793
27.2484 0 21 791
27.2997 0 21 793
27.3493 0 21 799
27.3987 0 21 803
27.4489 0 21 801
27.4958 0 21 800
27.5486 0 21 797
27.5994 0 21 793
27.6466 0 21 794
27.6991 0 21 799
27.7498 0 21 800
27.7995 0 21 802
27.8498 0 21 807
27.8991 0 21 804
27.9486 0 21 802
27.9994 0 21 798
28.0498 0 21 802
28.0995 0 21 801
28.15 0 21 803
28.1981 0 21 803
28.2486 0 21 797
28.2988 0 21 793
28.3454 0 21 797
28.3996 0 21 797
28.4494 0 21 800
28.4984 0 21 797
28.5494 0 21 797
28.5997 0 21 789
28.6494 0 21 792
28.6986 0 21 799
28.7481 0 21 803
28.7997 0 21 804
28.849 0 21 804
28.8997 0 21 807
28.9494 0 21 810
28.9999 0 21 811
29.0461 0 21 815
29.0996 0 21 812
29.1499 0 21 811
29.1989 0 21 820
29.2493 0 21 811
29.2997 0 21 811
29.3498 0 21 813
29.3993 0 21 815
29.4498 0 21 815
29.4992 0 21 813
29.5499 0 21 809
29.5999 0 21 807
29.6489 0 21 806
29.6986 0 21 807
29.7488 0 21 805
29.7994 0 21 802
29.8462 0 21 799
29.8947 0 21 795
29.9498 0 21 794
29.9989 0 21 790
30.0496 0 21 791
30.098 0 21 790
30.1498 0 21 789
30.1998 0 21 781
30.2494 0 21 775
30.2995 0 21 774
30.3492 0 21 779
30.399 0 21 782
30.4495 0 21 781
30.4999 0 21 785
30.5487 0 21 789
30.6 0 21 790
30.6498 0 21 789
30.6999 0 21 792
30.7499 0 21 793
30.7997 0 21 794
30.8497 0 21 791
30.899 0 21 796
30.9478 0 21 793
30.9957 0 21 798
31.0492 0 21 798
31.0984 0 21 799
31.1495 0 21 802
31.1979 0 21 806
31.2495 0 21 810
31.2991 0 21 810
31.3488 0 21 806
31.3997 0 21 809
31.4489 0 21 813
31.4999 0 21 810
31.5499 0 21 811
31.6 0 21 808
31.6494 0 21 806
31.6982 0 21 805
31.7499 0 21 813
31.7994 0 21 813
31.8488 0 21 812
31.8974 0 21 816
31.9497 0 21 814
31.9986 0 21 816
32.05 0 21 821
32.0995 0 21 820
32.1486 0 21 818
32.1992 0 21 818
32.2472 0 21 818
32.2999 0 21 819
32.3488 0 21 817
32.3997 0 21 817
32.4497 0 21 818
32.4996 0 21 822
32.5473 0 21 818
32.5993 0 21 816
32.6495 0 21 816
32.6999 0 21 819
32.7499 0 21 817
32.7989 0 21 818
32.849 0 21 821
32.8979 0 21 823
32.9497 0 21 819
32.9984 0 21 818
33.0498 0 21 823
33.0993 0 21 825
33.149 0 21 824
33.1988 0 21 814
33.2486 0 21 814
33.2978 0 21 812
33.3498 0 21 811
33.3985 0 21 816
33.4488 0 21 817
33.4994 0 21 819
33.5495 0 21 820
33.5984 0 21 818
33.6477 0 21 822
33.699 0 21 814
33.7499 0 21 810
33.7992 0 21 810
33.8496 0 21 813
33.8981 0 21 810
33.9489 0 21 806
33.9995 0 21 807
34.0499 0 21 808
34.0993 0 21 815
34.1489 0 21 817
34.1982 0 21 814
34.2493 0 21 809
34.2965 0 21 805
34.3479 0 21 803
34.3992 0 21 802
34.4491 0 21 800
34.4986 0 21 797
34.5482 0 21 799
34.5984 0 21 797
34.6497 0 21 795
34.6986 0 21 794
34.7494 0 21 797
34.7999 0 21 797
34.8494 0 21 798
34.9 0 21 798
34.9485 0 21 799
34.9985 0 21 805
35.0469 0 21 807
35.0998 0 21 808
35.1485 0 21 808
35.2 0 21 806
35.2483 0 21 808
35.2996 0 21 811
35.3495 0 21 812
35.3985 0 21 809
35.4494 0 21 808
35.4988 0 21 811
35.5471 0 21 812
35.5983 0 21 814
35.6496 0 21 818
35.698 0 21 825
35.7469 0 21 825
35.7998 0 21 822
35.8489 0 21 822
35.8993 0 21 824
35.9491 0 21 820
35.9981 0 21 820
36.0454 0 21 823
36.0994 0 21 817
36.1498 0 21 816
36.2 0 21 808
36.2482 0 21 811
36.2994 0 21 813
36.3499 0 21 818
36.3981 0 21 821
36.4485 0 21 819
36.4995 0 21 818
36.5498 0 21 818
36.5996 0 21 816
36.6488 0 21 813
36.6999 0 21 811
36.7498 0 21 810
36.7982 0 21 809
36.8482 0 21 809
36.8998 0 21 807
36.9465 0 21 802
36.9993 0 21 801
37.0494 0 21 803
37.0998 0 21 803
37.1497 0 21 798
37.1994 0 21 800
37.2482 0 21 796
37.2967 0 21 790
37.3499 0 21 791
37.3995 0 21 789
37.4498 0 21 793
37.4976 0 21 798
37.5489 0 21 796
37.5992 0 21 794
37.6492 0 21 793
37.6997 0 21 790
37.7468 0 21 793
37.7991 0 21 794
37.8498 0 21 793
37.9 0 21 800
37.9497 0 21 800
37.9999 0 21 798
38.0496 0 21 797
38.0997 0 21 803
38.1498 0 21 803
38.1988 0 21 795
38.2494 0 21 794
38.2992 0 21 793
38.3492 0 21 795
38.3989 0 21 791
38.4471 0 21 791
38.4995 0 21 794
38.5473 0 21 789
38.5996 0 21 795
38.6474 0 21 788
38.6998 0 21 789
38.7481 0 21 784
38.7961 0 21 784
38.8494 0 21 786
38.8991 0 21 780
38.946 0 21 783
38.9995 0 21 783
39.05 0 21 777
39.0997 0 21 778
39.1499 0 21 783
39.1969 0 21 783
39.2495 0 21 782
39.2997 0 21 788
39.3499 0 21 785
39.3993 0 21 787
39.45 0 21 784
39.4997 0 21 786
39.5491 0 21 789
39.599 0 21 793
39.6474 0 21 792
39.6992 0 21 790
39.7497 0 21 791
39.7979 0 21 789
39.8496 0 21 788
39.8996 0 21 788
39.949 0 21 790
39.9992 0 21 790
40.0494 0 21 798
40.0999 0 21 797
40.1483 0 21 799
40.1993 0 21 799
40.2493 0 21 801
40.2993 0 21 799
40.3492 0 21 798
40.3995 0 21 799
40.4485 0 21 803
40.4971 0 21 808
40.5452 0 21 804
40.599 0 21 803
40.6496 0 21 806
40.6982 0 21 805
40.7497 0 21 809
40.7989 0 21 802
40.85 0 21 806
40.8996 0 21 804
40.9492 0 21 806
40.9984 0 21 805
41.0477 0 21 806
41.0957 0 21 805
41.1499 0 21 811
41.2 0 21 807
41.2494 0 21 811
41.2999 0 21 811
41.3482 0 21 814
41.3975 0 21 812
41.4487 0 21 813
41.4998 0 21 806
41.5486 0 21 806
41.5998 0 21 806
41.6495 0 21 808
41.6998 0 21 805
41.7483 0 21 805
41.7996 0 21 802
41.8493 0 21 804
41.8991 0 21 800
41.9493 0 21 796
41.9991 0 21 796
42.0497 0 21 796
42.099 0 21 789
42.1498 0 21 786
42.1994 0 21 790
42.249 0 21 793
42.2992 0 21 790
42.3484 0 21 793
42.4 0 21 798
42.4499 0 21 805
42.499 0 21 800
42.5487 0 21 799
42.5998 0 21 804
42.6488 0 21 799
42.6999 0 21 801
42.7487 0 21 795
42.7981 0 21 793
42.8494 0 21 794
42.8983 0 21 794
42.949 0 21 796
42.9989 0 21 793
43.0488 0 21 795
43.0996 0 21 790
43.1485 0 21 784
43.1973 0 21 782
43.2494 0 21 782
43.2986 0 21 785
43.3498 0 21 782
43.3987 0 21 781
43.4479 0 21 785
43.4984 0 21 787
43.5478 0 21 783
43.6 0 21 779
43.6493 0 21 781
43.6994 0 21 777
43.7478 0 21 776
43.7964 0 21 775
43.8498 0 21 777
43.8977 0 21 778
43.9483 0 21 776
43.9994 0 21 780
44.0474 0 21 781
44.0998 0 21 778
44.15 0 21 780
44.1994 0 21 783
44.2498 0 21 779
44.299 0 21 783
44.3476 0 21 784
44.3997 0 21 780
44.4499 0 21 782
44.4988 0 21 784
44.5487 0 21 779
44.5998 0 21 780
44.6499 0 21 774
44.6987 0 21 775
44.7492 0 21 777
44.7981 0 21 783
44.8494 0 21 781
44.9 0 21 781
44.9497 0 21 776
44.9996 0 21 777
45.0498 0 21 781
45.0992 0 21 782
45.1496 0 21 776
45.197 0 21 779
45.2493 0 21 779
45.2988 0 21 785
45.3497 0 21 795
45.3999 0 21 794
45.4479 0 21 796
45.5 0 21 796
45.5491 0 21 792
45.5993 0 21 793
45.6481 0 21 792
45.6986 0 21 796
45.7495 0 21 795
45.7995 0 21 792
45.8485 0 21 789
45.8997 0 21 791
45.9479 0 21 793
45.9995 0 21 799
46.0496 0 21 797
46.1 0 21 804
46.1494 0 21 807
46.1993 0 21 813
46.2492 0 21 811
46.2997 0 21 810
46.348 0 21 809
46.3999 0 21 812
46.4478 0 21 818
46.4983 0 21 817
46.5483 0 21 816
46.5998 0 21 813
46.6497 0 21 810
46.6999 0 21 811
46.7457 0 21 809
46.7994 0 21 807
46.8498 0 21 806
46.8974 0 21 799
46.9495 0 21 798
46.9998 0 21 801
47.0486 0 21 803
47.0992 0 21 796
47.1492 0 21 794
47.1995 0 21 793
47.2478 0 21 793
47.2998 0 21 792
47.3499 0 21 790
47.3998 0 21 794
47.4482 0 21 800
47.4981 0 21 795
47.5497 0 21 796
47.6 0 21 801
47.6495 0 21 802
47.6998 0 21 802
47.7496 0 21 803
47.7992 0 21 797
47.8499 0 21 798
47.8973 0 21 796
47.9492 0 21 798
47.9976 0 21 798
48.0466 0 21 797
48.0991 0 21 795
48.1487 0 21 794
48.1997 0 21 799
48.2468 0 21 798
48.2997 0 21 799
48.349 0 21 800
48.3982 0 21 802
48.4495 0 21 804
48.4994 0 21 802
48.5496 0 21 800
48.5993 0 21 804
48.6486 0 21 802
48.6954 0 21 803
48.7494 0 21 802
48.7995 0 21 796
48.8469 0 21 794
48.8985 0 21 796
48.9488 0 21 793
48.9968 0 21 792
49.0499 0 21 793
49.099 0 21 795
49.15 0 21 800
49.1989 0 21 797
49.2484 0 21 801
49.2892 0 21 799
49.35 0 21 801
49.3962 0 21 800
49.4499 0 21 798
49.4986 0 21 798
49.5492 0 21 795
49.5992 0 21 799
49.6483 0 21 801
49.6992 0 21 801
49.7495 0 21 796
49.799 0 21 793
49.847 0 21 799
49.8996 0 21 802
49.9491 0 21 805
49.9997 0 21 799
50.0013 0 21 799
