0.0499504 990 1 17
0.0998565 984 3 31
0.149982 976 4 42
0.199995 967 6 60
0.2498 956 9 74
0.299889 947 15 89
0.34969 938 20 101
0.399937 924 27 109
0.449303 915 32 118
0.499806 906 37 124
0.549503 902 40 135
0.599422 893 45 142
0.64981 883 52 152
0.699156 878 52 169
0.74997 865 59 178
0.799605 859 64 184
0.849875 855 71 198
0.899183 853 79 205
0.949994 847 80 213
0.99998 841 85 217
1.04994 836 87 221
1.09975 830 90 230
1.1499 825 93 232
1.19948 815 96 238
1.2498 808 95 244
1.29789 805 101 248
1.34961 801 103 252
1.39993 797 107 263
1.44997 790 109 267
1.49997 782 115 274
1.54959 775 120 278
1.59996 772 122 283
1.64996 764 131 282
1.69963 760 134 288
1.74978 753 138 292
1.79995 748 139 295
1.84995 745 143 296
1.8997 743 142 303
1.94998 736 149 309
1.99999 732 157 306
2.04974 725 154 306
2.09968 722 158 312
2.14903 716 163 314
2.19945 712 170 319
2.24941 710 178 315
2.29979 706 178 314
2.34975 702 180 317
2.39909 698 186 320
2.45 691 193 328
2.49994 687 195 327
2.54992 680 200 326
2.59987 678 203 329
2.6491 675 206 332
2.69964 674 214 342
2.75 669 220 349
2.79991 665 226 348
2.84957 662 238 350
2.89973 658 248 349
2.94896 649 252 352
2.99977 643 254 350
3.04973 642 256 351
3.09998 636 262 362
3.1491 633 269 362
3.19979 629 277 368
3.24908 624 281 375
3.29807 620 285 383
3.3496 619 288 382
3.39977 615 292 382
3.44984 611 301 387
3.49982 603 304 397
3.54981 602 305 400
3.59975 598 308 398
3.64911 597 309 400
3.69941 592 316 402
3.7497 590 321 405
3.79954 590 321 413
3.84992 587 322 409
3.89999 585 329 410
3.94944 580 331 412
3.99999 575 336 419
4.04833 573 334 417
4.09844 570 338 424
4.1499 565 341 430
4.19986 560 347 431
4.24946 558 351 436
4.29986 551 357 438
4.34921 549 359 442
4.39987 544 359 447
4.44974 536 363 456
4.49995 534 365 460
4.54982 532 368 460
4.59999 529 372 458
4.6497 525 373 464
4.69923 522 371 467
4.74995 518 374 470
4.79938 513 377 472
4.84997 512 375 477
4.89975 512 379 474
4.94998 512 378 479
4.99966 509 377 481
5.0495 507 376 481
5.09986 503 378 487
5.1487 501 380 492
5.19908 493 384 495
5.24908 491 385 496
5.29998 489 387 497
5.34964 484 390 497
5.39984 481 387 506
5.44979 480 387 501
5.49965 476 388 502
5.54944 474 391 503
5.59889 470 394 508
5.64975 465 398 509
5.69976 462 403 512
5.74997 460 405 512
5.79988 454 401 513
5.84859 451 397 514
5.89982 449 398 518
5.94995 448 399 523
5.99868 445 395 526
6.04999 441 398 532
6.09995 439 400 532
6.14968 434 403 536
6.19981 433 407 539
6.24979 429 407 539
6.29981 425 409 536
6.34988 422 407 539
6.39988 416 408 547
6.44958 409 410 546
6.49996 407 405 553
6.54999 405 407 550
6.59925 400 407 548
6.65 398 410 546
6.69896 395 409 553
6.74963 391 407 554
6.79998 387 408 555
6.84995 382 406 555
6.9 381 406 556
6.94952 378 406 551
6.99891 375 405 554
7.04991 369 405 555
7.09919 367 405 555
7.14977 367 405 561
7.19958 364 398 567
7.24886 360 397 567
7.29806 356 397 571
7.34992 355 397 580
7.39986 350 394 585
7.44966 348 395 585
7.49977 347 399 585
7.54989 344 398 582
7.59995 342 396 582
7.64907 339 388 582
7.69995 336 387 584
7.74928 330 390 587
7.79969 327 390 592
7.84976 324 387 597
7.89999 321 385 602
7.94887 319 382 607
7.99988 314 381 606
8.04772 311 381 605
8.09828 310 381 604
8.1496 305 383 605
8.19922 302 380 613
8.24992 299 378 619
8.29975 295 381 625
8.3499 294 380 633
8.39978 289 380 636
8.44988 286 376 643
8.49983 284 376 644
8.54964 281 375 648
8.59946 278 372 650
8.64987 276 373 645
8.69981 273 372 644
8.74935 272 370 649
8.79994 270 370 648
8.84984 267 369 651
8.89985 267 368 656
8.94874 262 364 661
8.99854 261 363 661
9.04949 257 362 661
9.09989 255 362 660
9.14988 254 361 666
9.19993 250 358 672
9.24966 249 356 672
9.29953 244 349 678
9.34968 241 342 678
9.39949 237 340 679
9.44959 237 338 679
9.49995 237 335 683
9.54914 234 335 679
9.59817 231 330 681
9.64978 227 326 684
9.69975 226 327 679
9.74951 224 324 681
9.79967 224 322 681
9.84969 221 320 686
9.89994 219 315 688
9.94963 217 316 692
9.99991 216 315 697
10.0494 215 312 703
10.1 211 310 709
10.1498 210 309 708
10.1996 206 307 720
10.2499 205 304 725
10.2999 201 301 728
10.3495 198 298 734
10.3999 195 296 734
10.4497 192 294 735
10.4991 189 295 738
10.5491 186 292 740
10.5989 185 287 746
10.6489 183 284 745
10.6993 182 279 745
10.7498 180 277 750
10.7982 176 274 750
10.849 175 272 750
10.8982 173 272 748
10.9485 169 272 751
10.9998 168 268 754
11.05 165 269 759
11.0993 162 268 756
11.149 159 266 761
11.1989 158 266 765
11.2489 156 263 764
11.2984 153 262 767
11.3498 149 259 776
11.3999 147 259 775
11.45 146 255 776
11.4998 144 252 780
11.5493 142 247 784
11.5999 139 244 784
11.6498 137 244 789
11.6997 136 243 782
11.75 136 238 781
11.7996 133 236 781
11.8492 132 230 782
11.8999 127 231 780
11.9499 127 229 780
11.9995 125 226 780
12.0494 122 221 778
12.0998 122 217 778
12.1492 117 215 786
12.1993 114 215 786
12.2498 113 213 783
12.3 112 211 787
12.3491 108 211 786
12.3996 107 208 788
12.4496 107 204 789
12.5 107 199 796
12.5498 105 198 793
12.5993 105 195 800
12.6493 104 191 796
12.6997 104 190 794
12.7496 102 189 789
12.7998 102 188 791
12.8497 100 187 787
12.8997 99 186 788
12.9483 97 182 790
13 95 178 789
13.0497 95 177 788
13.0998 95 176 790
13.1497 92 173 792
13.199 90 169 798
13.2496 87 166 799
13.2995 86 162 795
13.35 85 160 793
13.3993 82 160 796
13.4495 79 159 792
13.4993 78 155 793
13.5499 77 154 791
13.5999 74 152 789
13.65 74 150 789
13.6996 72 149 786
13.7492 70 148 783
13.7999 70 147 792
13.8487 69 147 786
13.8994 68 143 788
13.9499 66 141 785
13.9992 66 135 783
14.05 65 132 782
14.0999 63 132 783
14.1495 63 127 788
14.1999 62 125 784
14.2492 57 124 786
14.2993 56 124 781
14.3499 54 124 780
14.3997 54 121 777
14.4493 52 120 781
14.4999 51 117 781
14.5495 49 116 780
14.5989 49 114 778
14.6497 49 114 777
14.6993 48 113 774
14.749 48 109 775
14.7998 48 106 777
14.85 47 105 779
14.8993 45 105 780
14.9492 42 104 780
14.9979 42 102 777
15.0498 42 98 773
15.0994 42 96 774
15.1492 42 94 782
15.1999 42 93 784
15.2499 42 91 787
15.3 41 91 791
15.3497 40 87 794
15.3998 39 85 793
15.4493 38 83 791
15.4997 38 82 790
15.5497 35 81 790
15.5983 35 79 789
15.6499 32 79 786
15.6981 32 77 788
15.749 30 75 784
15.7989 29 72 782
15.8497 28 70 782
15.899 27 68 782
15.9492 26 67 783
16 23 67 779
16.0497 23 66 779
16.0999 23 66 779
16.15 22 65 780
16.2 22 62 784
16.2489 22 62 788
16.2999 20 62 789
16.3474 20 62 788
16.3996 19 61 789
16.4499 18 60 786
16.4999 17 60 785
16.5483 16 58 787
16.5994 16 57 789
16.6493 16 55 790
16.6999 14 51 791
16.7498 13 50 801
16.7998 13 49 803
16.85 13 48 805
16.899 12 45 799
16.95 12 43 799
16.9997 11 43 795
17.0491 11 42 799
17.0998 11 41 799
17.1483 11 39 799
17.2 10 36 797
17.2488 8 34 804
17.2989 7 33 805
17.3499 7 33 804
17.3991 7 33 800
17.4493 7 32 803
17.5 5 31 808
17.55 4 31 807
17.5985 4 31 808
17.6498 4 31 807
17.6998 3 29 805
17.7495 3 29 806
17.7991 3 28 808
17.8496 3 28 809
17.8966 3 28 806
17.9499 3 27 802
17.9997 1 27 804
18.0494 1 27 804
18.0984 1 26 799
18.1498 0 26 800
18.1985 0 25 796
18.2495 0 25 797
18.2997 0 25 794
18.3498 0 24 793
18.3996 0 23 789
18.4498 0 23 790
18.4997 0 22 796
18.5488 0 21 794
18.5998 0 21 793
18.6489 0 21 799
18.6996 0 21 796
18.7499 0 21 793
18.8 0 21 793
18.8498 0 21 791
18.8973 0 21 791
18.9495 0 21 792
18.9988 0 21 796
19.0473 0 21 799
19.0999 0 21 802
19.1495 0 21 804
19.1964 0 21 804
19.249 0 21 803
19.299 0 21 810
19.3495 0 21 812
19.4 0 21 811
19.45 0 21 811
19.4997 0 21 811
19.5496 0 21 811
19.5985 0 20 812
19.6497 0 20 812
19.6994 0 20 808
19.748 0 20 811
19.7995 0 20 811
19.8495 0 20 814
19.8997 0 20 817
19.9494 0 20 814
19.999 0 20 813
20.0498 0 20 815
20.0998 0 19 810
20.1489 0 19 815
20.198 0 19 812
20.2499 0 19 812
20.2978 0 19 811
20.35 0 19 811
20.3981 0 19 808
20.4499 0 19 803
20.4989 0 18 802
20.5486 0 18 802
20.5989 0 18 797
20.6493 0 18 797
20.6995 0 18 795
20.75 0 18 792
20.7985 0 18 791
20.8499 0 18 793
20.8999 0 18 795
20.9497 0 18 794
21 0 18 790
21.0494 0 18 787
21.0987 0 18 790
21.1476 0 18 787
21.1972 0 18 788
21.2498 0 18 786
21.2982 0 18 787
21.3486 0 18 786
21.3998 0 18 785
21.4484 0 18 785
21.4981 0 18 785
21.5498 0 18 784
21.5996 0 18 786
21.6481 0 18 781
21.6996 0 18 783
21.7493 0 18 784
21.7996 0 18 788
21.8491 0 18 790
21.8998 0 18 785
21.9489 0 18 790
21.9994 0 18 792
22.0499 0 18 796
22.0999 0 18 801
22.1485 0 18 804
22.1999 0 18 801
22.2485 0 18 801
22.2992 0 18 801
22.3495 0 18 799
22.3996 0 18 797
22.4488 0 18 793
22.4995 0 18 789
22.5484 0 18 788
22.5974 0 18 787
22.6496 0 18 787
22.6998 0 18 787
22.75 0 18 785
22.7978 0 18 785
22.8499 0 18 786
22.9 0 18 793
22.948 0 18 796
22.9995 0 18 796
23.0486 0 18 797
23.0999 0 18 805
23.1494 0 18 810
23.199 0 18 803
23.2489 0 18 797
23.2993 0 18 800
23.3493 0 18 799
23.398 0 18 794
23.4467 0 18 789
23.4999 0 18 786
23.5499 0 18 788
23.5992 0 18 788
23.6483 0 18 792
23.6998 0 18 798
23.7497 0 18 798
23.7992 0 18 800
23.849 0 18 799
23.8966 0 18 800
23.9494 0 18 795
23.9972 0 18 792
24.0496 0 18 792
24.099 0 18 796
24.1498 0 18 796
24.1992 0 18 796
24.2491 0 18 799
24.2999 0 18 805
24.35 0 18 802
24.4 0 18 802
24.4489 0 18 805
24.4987 0 18 805
24.5475 0 18 805
24.5989 0 18 801
24.6483 0 18 794
24.6977 0 18 795
24.7453 0 18 793
24.7977 0 18 790
24.8478 0 18 789
24.8976 0 18 793
24.9492 0 18 792
24.9997 0 18 793
25.0496 0 18 791
25.0878 0 18 789
25.1499 0 18 789
25.1986 0 18 788
25.2495 0 18 790
25.2995 0 18 798
25.3497 0 18 794
25.3991 0 18 798
25.4489 0 18 795
25.5 0 18 792
25.5487 0 18 791
25.5991 0 18 789
25.6492 0 18 791
25.6973 0 18 793
25.7497 0 18 788
25.8 0 18 785
25.8483 0 18 789
25.8973 0 18 788
25.9485 0 18 792
25.9998 0 18 792
26.0482 0 18 792
26.0996 0 18 794
26.1486 0 18 796
26.1951 0 18 796
26.2483 0 18 789
26.2999 0 18 787
26.35 0 18 781
26.3982 0 18 786
26.4496 0 18 788
26.4975 0 18 785
26.549 0 18 785
26.5998 0 18 786
26.6497 0 18 791
26.6987 0 18 794
26.7487 0 18 789
26.7998 0 18 791
26.8499 0 18 788
26.8982 0 18 794
26.9483 0 18 799
26.9993 0 18 797
27.0488 0 18 797
27.0992 0 18 798
27.1495 0 18 796
27.1995 0 18 788
27.2499 0 18 788
27.2987 0 18 789
27.3497 0 18 786
27.3913 0 18 786
27.4497 0 18 788
27.4995 0 18 785
27.5495 0 18 785
27.5974 0 18 791
27.6498 0 18 787
27.6999 0 18 785
27.7496 0 18 786
27.7997 0 18 780
27.8499 0 18 779
27.8999 0 18 779
27.9492 0 18 783
27.9997 0 18 779
28.0496 0 18 780
28.0984 0 18 781
28.1498 0 18 785
28.199 0 18 796
28.2497 0 18 792
28.2982 0 18 792
28.3496 0 18 788
28.3983 0 18 787
28.4491 0 18 789
28.4994 0 18 790
28.5498 0 18 790
28.5998 0 18 792
28.6486 0 18 791
28.6999 0 18 798
28.7494 0 18 792
28.7991 0 18 788
28.8477 0 18 792
28.8979 0 18 795
28.9498 0 18 794
28.9992 0 18 795
29.0491 0 18 792
29.1 0 18 798
29.1483 0 18 802
29.1992 0 18 805
29.2495 0 18 800
29.2976 0 18 801
29.3495 0 18 803
29.399 0 18 798
29.4496 0 18 794
29.4947 0 18 798
29.5489 0 18 796
29.5988 0 18 800
29.6489 0 18 797
29.6983 0 18 803
29.7489 0 18 805
29.7999 0 18 809
29.8497 0 18 806
29.8976 0 18 800
29.9498 0 18 801
29.9994 0 18 799
30.0488 0 18 797
30.0994 0 18 793
30.1499 0 18 793
30.1997 0 18 797
30.2473 0 18 798
30.2992 0 18 796
30.3494 0 18 794
30.3999 0 18 796
30.449 0 18 800
30.4998 0 18 795
30.5497 0 18 803
30.5958 0 18 803
30.6498 0 18 801
30.6998 0 18 804
30.7486 0 18 802
30.7999 0 18 805
30.8498 0 18 803
30.8982 0 18 803
30.9491 0 18 806
30.9998 0 18 807
31.0491 0 18 809
31.0988 0 18 806
31.1493 0 18 804
31.1983 0 18 802
31.2498 0 18 804
31.2997 0 18 809
31.3494 0 18 809
31.3996 0 18 810
31.4494 0 18 809
31.4993 0 18 806
31.5496 0 18 804
31.5996 0 18 805
31.649 0 18 804
31.6996 0 18 804
31.7479 0 18 800
31.7973 0 18 802
31.8497 0 18 796
31.8994 0 18 799
31.9495 0 18 802
31.9996 0 18 798
32.0494 0 18 795
32.0999 0 18 795
32.1466 0 18 794
32.1993 0 18 791
32.2493 0 18 794
32.299 0 18 792
32.3487 0 18 788
32.399 0 18 784
32.4493 0 18 788
32.4966 0 18 791
32.5476 0 18 795
32.5999 0 18 796
32.6493 0 18 792
32.6964 0 18 792
32.749 0 18 793
32.7983 0 18 793
32.8495 0 18 789
32.8969 0 18 790
32.9465 0 18 791
32.9936 0 18 787
33.0447 0 18 788
33.0995 0 18 791
33.1495 0 18 790
33.2 0 18 789
33.2495 0 18 786
33.2988 0 18 789
33.3496 0 18 787
33.3999 0 18 793
33.4486 0 18 794
33.4983 0 18 793
33.5492 0 18 799
33.5986 0 18 796
33.6485 0 18 800
33.699 0 18 798
33.7498 0 18 798
33.7998 0 18 801
33.8498 0 18 800
33.8984 0 18 797
33.9488 0 18 799
33.9997 0 18 803
34.0493 0 18 806
34.0974 0 18 805
34.1468 0 18 807
34.1991 0 18 806
34.2495 0 18 802
34.2998 0 18 801
34.3493 0 18 798
34.3999 0 18 801
34.4471 0 18 801
34.4957 0 18 809
34.5499 0 18 806
34.5979 0 18 801
34.6499 0 18 806
34.6991 0 18 805
34.749 0 18 807
34.7986 0 18 808
34.8497 0 18 803
34.8987 0 18 807
34.9494 0 18 807
34.9999 0 18 809
35.0498 0 18 808
35.0996 0 18 806
35.1499 0 18 803
35.1998 0 18 799
35.2498 0 18 803
35.2994 0 18 811
35.3499 0 18 807
35.3993 0 18 806
35.4494 0 18 802
35.4978 0 18 800
35.5464 0 18 802
35.599 0 18 799
35.6491 0 18 797
35.6995 0 18 798
35.7494 0 18 798
35.7979 0 18 803
35.8497 0 18 803
35.8996 0 18 806
35.9493 0 18 806
35.9998 0 18 804
36.0483 0 18 806
36.0977 0 18 810
36.1499 0 18 811
36.1995 0 18 815
36.2491 0 18 820
36.2991 0 18 820
36.3487 0 18 820
36.3983 0 18 819
36.4482 0 18 817
36.4999 0 18 818
36.5469 0 18 814
36.6 0 18 809
36.648 0 18 812
36.6983 0 18 815
36.7499 0 18 813
36.7992 0 18 811
36.8491 0 18 817
36.8979 0 18 816
36.9499 0 18 812
36.9996 0 18 814
37.0474 0 18 809
37.0975 0 18 809
37.1489 0 18 806
37.1945 0 18 809
37.2483 0 18 805
37.2997 0 18 806
37.348 0 18 806
37.3994 0 18 812
37.4492 0 18 816
37.4981 0 18 820
37.5489 0 18 824
37.5967 0 18 824
37.65 0 18 824
37.6998 0 18 821
37.7488 0 18 816
37.799 0 18 818
37.8499 0 18 812
37.8935 0 18 809
37.9497 0 18 806
37.999 0 18 805
38.0489 0 18 804
38.0996 0 18 810
38.1496 0 18 811
38.1992 0 18 812
38.2495 0 18 813
38.2969 0 18 811
38.3472 0 18 807
38.3995 0 18 804
38.449 0 18 802
38.4994 0 18 798
38.5476 0 18 799
38.599 0 18 794
38.6498 0 18 792
38.6999 0 18 794
38.7486 0 18 795
38.7978 0 18 797
38.8487 0 18 799
38.8998 0 18 796
38.9457 0 18 791
38.9995 0 18 792
39.0498 0 18 795
39.0992 0 18 798
39.1496 0 18 796
39.1991 0 18 788
39.2483 0 18 788
39.2993 0 18 790
39.35 0 18 790
39.3996 0 18 792
39.45 0 18 798
39.4997 0 18 799
39.5462 0 18 799
39.5995 0 18 797
39.6492 0 18 798
39.6962 0 18 801
39.7497 0 18 797
39.7987 0 18 797
39.8494 0 18 800
39.8987 0 18 802
39.9491 0 18 802
39.9993 0 18 804
40.0479 0 18 801
40.0992 0 18 800
40.1483 0 18 806
40.1998 0 18 802
40.2497 0 18 800
40.3 0 18 797
40.3498 0 18 800
40.3982 0 18 803
40.4496 0 18 800
40.4991 0 18 803
40.5488 0 18 799
40.5997 0 18 802
40.6497 0 18 806
40.6996 0 18 800
40.7499 0 18 798
40.7999 0 18 798
40.8498 0 18 791
40.8975 0 18 796
40.9495 0 18 799
40.9992 0 18 795
41.049 0 18 794
41.0999 0 18 797
41.1494 0 18 798
41.1997 0 18 796
41.2492 0 18 793
41.2996 0 18 792
41.35 0 18 794
41.3994 0 18 792
41.4499 0 18 795
41.4971 0 18 799
41.5488 0 18 798
41.5992 0 18 804
41.6483 0 18 800
41.6997 0 18 799
41.7473 0 18 798
41.7997 0 18 795
41.8473 0 18 795
41.8972 0 18 802
41.9493 0 18 810
41.9994 0 18 814
42.0498 0 18 812
42.0997 0 18 812
42.15 0 18 810
42.2 0 18 810
42.2495 0 18 810
42.2998 0 18 805
42.3495 0 18 805
42.3996 0 18 806
42.4466 0 18 803
42.4995 0 18 802
42.5493 0 18 801
42.5998 0 18 802
42.6489 0 18 805
42.6994 0 18 806
42.7477 0 18 805
42.8 0 18 805
42.8493 0 18 804
42.8992 0 18 804
42.9492 0 18 806
42.9973 0 18 799
43.0491 0 18 798
43.0983 0 18 792
43.1498 0 18 794
43.1991 0 18 798
43.2495 0 18 802
43.2984 0 18 804
43.3491 0 18 805
43.3997 0 18 808
43.4486 0 18 809
43.4995 0 18 811
43.5496 0 18 817
43.5998 0 18 810
43.6498 0 18 807
43.698 0 18 803
43.7487 0 18 800
43.7986 0 18 799
43.8426 0 18 799
43.8995 0 18 798
43.9494 0 18 800
43.9995 0 18 798
44.0494 0 18 800
44.0993 0 18 799
44.1499 0 18 802
44.2 0 18 797
44.2492 0 18 796
44.2976 0 18 791
44.3495 0 18 790
44.3996 0 18 791
44.45 0 18 791
44.4981 0 18 790
44.5499 0 18 792
44.6 0 18 790
44.6481 0 18 790
44.6994 0 18 791
44.7494 0 18 792
44.7989 0 18 798
44.8496 0 18 798
44.8997 0 18 801
44.95 0 18 798
45 0 18 799
45.0433 0 18 798
45.0995 0 18 794
45.15 0 18 795
45.1992 0 18 802
45.2493 0 18 801
45.2994 0 18 797
45.3478 0 18 798
45.3975 0 18 799
45.4498 0 18 797
45.4981 0 18 796
45.5498 0 18 793
45.5967 0 18 792
45.6496 0 18 794
45.6975 0 18 798
45.7489 0 18 797
45.8 0 18 804
45.8499 0 18 805
45.8968 0 18 808
45.9488 0 18 814
45.9991 0 18 809
46.0486 0 18 805
46.0972 0 18 799
46.1488 0 18 799
46.1999 0 18 801
46.2491 0 18 798
46.2998 0 18 798
46.3495 0 18 796
46.3964 0 18 796
46.4485 0 18 796
46.5 0 18 796
46.5492 0 18 795
46.5978 0 18 789
46.6488 0 18 794
46.6999 0 18 789
46.75 0 18 786
46.7985 0 18 784
46.8491 0 18 784
46.894 0 18 781
46.9472 0 18 781
46.9998 0 18 783
47.0497 0 18 784
47.0995 0 18 785
47.1499 0 18 783
47.1998 0 18 784
47.2482 0 18 788
47.2958 0 18 791
47.3498 0 18 784
47.4 0 18 784
47.449 0 18 787
47.4989 0 18 788
47.5491 0 18 788
47.5997 0 18 789
47.6498 0 18 791
47.6998 0 18 795
47.7499 0 18 792
47.7985 0 18 791
47.8497 0 18 788
47.9 0 18 786
47.9499 0 18 791
47.9999 0 18 794
48.0493 0 18 796
48.0998 0 18 796
48.1498 0 18 801
48.1987 0 18 802
48.2497 0 18 802
48.2995 0 18 804
48.3495 0 18 800
48.3992 0 18 804
48.4499 0 18 810
48.4999 0 18 809
48.5495 0 18 808
48.5992 0 18 811
48.6495 0 18 809
48.6997 0 18 806
48.7499 0 18 809
48.7999 0 18 807
48.8495 0 18 809
48.8994 0 18 812
48.9498 0 18 807
48.9969 0 18 813
49.0483 0 18 816
49.0982 0 18 816
49.1496 0 18 818
49.1966 0 18 819
49.2491 0 18 818
49.2987 0 18 820
49.343 0 18 817
49.3964 0 18 814
49.4496 0 18 818
49.498 0 18 815
49.5482 0 18 813
49.5975 0 18 809
49.6495 0 18 813
49.6993 0 18 817
49.7493 0 18 823
49.7995 0 18 823
49.8491 0 18 825
49.8999 0 18 828
49.9494 0 18 825
50 0 18 823
50.0001 0 18 823
