0.0499757 991 1 15
0.0999918 984 2 33
0.149854 977 4 43
0.19992 973 6 52
0.249387 966 10 64
0.29962 958 12 71
0.349807 952 15 80
0.399853 948 22 83
0.449893 943 24 94
0.499695 942 30 104
0.549888 937 31 120
0.59998 930 32 127
0.649469 925 35 133
0.699564 922 44 144
0.749838 915 51 150
0.799994 905 52 153
0.849759 895 53 159
0.899849 888 53 164
0.949998 887 60 170
0.999654 878 67 175
1.04997 872 69 181
1.09986 864 74 183
1.14987 863 78 196
1.19976 858 81 199
1.2498 851 85 208
1.29946 846 87 214
1.34963 839 91 224
1.4 836 95 231
1.44984 834 97 232
1.49999 831 96 239
1.54994 825 99 240
1.59986 818 103 248
1.64971 816 113 248
1.69988 814 114 256
1.74911 806 118 262
1.79956 803 121 269
1.84943 799 127 271
1.89995 793 133 269
1.94972 788 137 280
1.99983 783 144 284
2.04974 776 153 286
2.09976 772 159 286
2.14995 770 159 287
2.19999 764 163 292
2.24982 758 169 300
2.29918 751 171 303
2.34999 748 175 307
2.4 747 176 316
2.4499 743 181 323
2.49832 740 183 327
2.54909 735 182 327
2.59956 733 185 325
2.64981 729 194 326
2.6999 726 203 329
2.74955 724 203 330
2.7998 718 208 332
2.84975 713 213 339
2.89915 708 217 346
2.9494 705 222 350
2.99906 702 224 347
3.04997 698 227 346
3.09957 695 230 354
3.14988 691 234 362
3.19985 685 240 359
3.24999 680 245 358
3.3 679 248 358
3.34978 674 255 360
3.39995 667 256 362
3.44978 661 259 364
3.4998 657 270 367
3.54976 653 275 369
3.59992 649 280 370
3.64988 644 288 373
3.69991 639 287 369
3.74994 637 291 368
3.79919 634 294 371
3.84989 633 294 373
3.89995 628 299 372
3.94995 625 300 371
3.99995 620 300 375
4.04998 614 308 376
4.09887 606 313 377
4.14972 602 310 388
4.19997 599 311 394
4.24984 594 319 391
4.29812 594 329 400
4.34866 588 329 404
4.39999 582 333 407
4.44994 577 330 412
4.49963 572 338 412
4.54988 568 339 412
4.59998 564 341 419
4.64956 560 341 424
4.69993 558 346 428
4.74993 555 347 436
4.79996 550 351 439
4.84991 544 354 438
4.8991 538 355 442
4.94956 533 360 448
4.99996 530 361 451
5.04958 529 364 451
5.09974 523 362 454
5.14972 520 365 460
5.19991 518 369 458
5.24995 517 376 461
5.29915 515 377 462
5.34979 512 381 467
5.39998 509 383 470
5.44995 506 380 470
5.49989 505 383 473
5.54995 497 381 473
5.59957 494 385 476
5.64996 491 385 485
5.69977 488 386 487
5.74986 484 386 490
5.79951 476 392 497
5.84993 475 389 496
5.8999 469 390 495
5.94953 466 394 494
5.99939 466 392 501
6.04957 460 393 503
6.09991 457 392 509
6.14923 453 391 511
6.19924 451 394 514
6.2497 449 391 519
6.2999 446 390 520
6.34989 444 390 521
6.39925 440 393 529
6.44991 433 388 529
6.49974 431 392 525
6.54901 428 390 528
6.59912 425 392 534
6.64996 424 397 535
6.69835 418 401 540
6.74913 415 402 545
6.79986 412 403 552
6.84975 408 405 556
6.89903 406 405 553
6.94962 402 406 555
6.99937 399 401 555
7.04971 396 400 554
7.09921 395 400 556
7.14995 392 398 556
7.19959 390 401 558
7.24879 388 400 561
7.29961 388 402 567
7.3496 386 400 570
7.39992 385 399 573
7.44972 383 400 571
7.49931 376 405 565
7.54975 375 407 567
7.59992 372 404 571
7.64918 370 405 575
7.69976 367 406 576
7.74922 364 406 574
7.7995 358 406 583
7.84945 355 402 597
7.8999 353 402 602
7.94985 351 404 603
7.99986 347 402 604
8.04962 344 400 607
8.09995 343 399 611
8.14963 337 399 615
8.19971 333 392 612
8.24991 332 397 613
8.29991 327 397 617
8.3497 326 396 620
8.39923 324 396 626
8.44972 321 395 626
8.49989 321 396 633
8.54998 318 393 629
8.59863 318 395 627
8.64989 315 389 627
8.69955 312 388 624
8.74989 309 386 626
8.79985 305 382 626
8.84909 298 379 633
8.89958 294 376 635
8.94969 294 373 640
8.99988 291 372 642
9.04984 290 372 646
9.09965 289 369 649
9.14909 285 369 654
9.19984 281 365 651
9.24991 277 366 662
9.29975 277 364 671
9.34944 274 363 670
9.39851 273 364 674
9.44933 271 362 681
9.49993 268 361 685
9.54951 264 359 695
9.59954 261 356 697
9.64978 259 353 696
9.69956 256 354 705
9.74976 252 352 708
9.79937 252 349 707
9.84991 247 350 716
9.89919 243 349 716
9.9486 241 348 714
9.99985 240 345 714
10.0492 238 341 715
10.1 238 338 719
10.1499 237 336 717
10.1999 236 336 714
10.25 235 336 718
10.2999 233 335 724
10.3497 230 327 726
10.3998 227 324 729
10.4494 223 320 737
10.4995 220 319 740
10.55 219 314 748
10.5999 217 312 749
10.649 214 310 750
10.6995 213 308 756
10.7498 208 305 757
10.8 205 300 759
10.8499 205 297 769
10.8993 205 290 762
10.9496 204 288 761
10.9997 203 286 770
11.0497 201 285 772
11.0995 198 283 776
11.1498 194 281 775
11.1998 191 278 775
11.2496 188 274 775
11.2993 186 273 772
11.35 185 271 770
11.3996 183 269 775
11.4489 182 267 775
11.4999 177 267 779
11.5496 173 266 784
11.5992 170 262 784
11.6498 166 259 782
11.6996 163 253 785
11.7494 160 251 786
11.7999 159 250 789
11.8498 154 250 790
11.8998 154 246 792
11.9494 152 239 789
11.9999 151 236 791
12.0499 149 234 797
12.0991 147 232 800
12.15 144 231 796
12.1986 142 225 798
12.2492 141 222 795
12.2996 140 221 797
12.3499 140 218 800
12.3989 139 217 795
12.4496 138 216 799
12.4994 138 215 794
12.5479 138 212 796
12.5997 132 210 798
12.6499 130 208 800
12.6998 129 206 803
12.7484 124 201 801
12.7998 121 198 796
12.85 118 196 792
12.8993 116 193 790
12.9498 114 193 784
12.9999 111 190 789
13.05 109 188 791
13.0999 108 186 796
13.1497 107 182 794
13.1994 106 180 798
13.2498 104 177 795
13.2993 101 177 797
13.3498 100 176 798
13.3997 98 174 799
13.4499 95 174 800
13.4985 94 170 803
13.5491 94 167 807
13.5996 92 165 805
13.6498 91 161 806
13.6998 90 158 810
13.7498 88 154 805
13.7984 87 153 806
13.8499 86 151 810
13.8997 85 150 805
13.9497 85 147 806
13.9993 81 146 802
14.0499 79 146 801
14.0987 79 145 802
14.1496 77 145 800
14.1999 76 145 797
14.2491 73 145 800
14.2997 71 141 800
14.3495 70 141 805
14.3998 68 138 802
14.4488 67 136 801
14.499 65 134 806
14.5492 63 133 804
14.5999 61 133 804
14.6497 59 132 803
14.7 58 131 804
14.7498 58 126 801
14.7988 57 125 797
14.8497 56 123 792
14.8997 53 123 787
14.9498 52 118 792
14.9998 52 117 792
15.0482 51 115 793
15.0982 51 115 789
15.1494 51 114 787
15.1995 51 112 785
15.2497 50 109 786
15.3 49 109 788
15.3499 49 108 788
15.3993 49 105 791
15.4495 47 103 791
15.4999 45 103 789
15.5491 45 101 790
15.5997 44 97 791
15.6494 40 95 788
15.6998 38 93 790
15.7497 38 90 791
15.7988 37 90 789
15.85 35 88 788
15.8998 35 87 782
15.9499 34 84 788
15.9997 34 82 792
16.05 34 81 792
16.0998 34 80 798
16.1499 32 79 800
16.1994 30 78 803
16.2498 30 78 800
16.2988 30 77 800
16.3497 30 76 802
16.3998 29 73 801
16.4498 27 71 806
16.4973 27 70 806
16.5496 26 68 803
16.599 26 68 805
16.6499 25 66 801
16.6994 25 63 801
16.7495 24 60 802
16.7993 24 59 799
16.85 24 57 798
16.8971 23 57 794
16.9495 22 57 795
16.9996 22 53 795
17.049 22 53 795
17.0989 19 53 798
17.1497 18 53 800
17.1992 15 53 802
17.2499 15 53 806
17.2995 15 50 806
17.3498 15 49 817
17.3998 15 49 813
17.4497 15 48 809
17.4996 14 48 809
17.5499 14 47 810
17.5998 13 46 810
17.6493 12 44 812
17.6997 12 42 818
17.7488 10 41 819
17.7999 9 41 819
17.8498 8 40 814
17.899 8 38 810
17.9495 8 37 810
17.9999 8 37 808
18.0498 8 36 808
18.1 8 36 810
18.1498 8 36 804
18.1984 8 35 805
18.2499 7 35 805
18.2994 7 33 806
18.3499 7 32 806
18.3995 7 31 804
18.4462 7 30 803
18.4992 6 30 806
18.5486 6 30 798
18.5989 6 30 802
18.649 6 30 799
18.6991 6 30 796
18.7483 6 30 795
18.7996 5 30 790
18.8495 5 30 788
18.8987 5 29 786
18.9497 5 28 791
18.9985 5 28 793
19.049 5 28 792
19.0997 5 28 788
19.1496 5 28 792
19.1999 5 28 792
19.2499 4 28 794
19.2991 4 28 795
19.3497 4 28 797
19.3998 4 28 795
19.4498 4 27 792
19.4987 4 27 797
19.5496 4 27 799
19.5998 4 27 796
19.6499 4 27 796
19.6995 3 27 795
19.7497 3 27 798
19.7998 2 27 801
19.85 2 26 796
19.8997 2 26 797
19.9496 2 26 798
20 2 26 798
20.0496 2 26 797
20.0997 2 26 797
20.1478 2 26 799
20.1998 2 26 793
20.2492 2 26 791
20.2987 1 26 793
20.3495 0 26 790
20.3991 0 26 789
20.4493 0 26 789
20.499 0 26 794
20.5486 0 26 796
20.5999 0 26 795
20.6492 0 25 795
20.6996 0 25 792
20.7498 0 25 788
20.7996 0 25 787
20.8495 0 25 783
20.8999 0 25 787
20.9493 0 25 789
20.9997 0 25 786
21.0495 0 25 788
21.0984 0 25 787
21.1493 0 25 790
21.1998 0 25 787
21.249 0 25 780
21.2983 0 25 782
21.3498 0 25 786
21.3969 0 25 789
21.4475 0 25 792
21.5 0 25 792
21.5493 0 25 795
21.5987 0 25 790
21.6491 0 25 801
21.6996 0 25 801
21.7491 0 25 798
21.7969 0 25 798
21.8496 0 25 795
21.8991 0 25 795
21.9495 0 25 792
21.9988 0 25 792
22.0485 0 25 791
22.098 0 25 794
22.149 0 25 794
22.1994 0 25 791
22.2476 0 25 789
22.2996 0 25 789
22.3494 0 25 791
22.3993 0 25 792
22.4429 0 25 789
22.4994 0 25 796
22.5487 0 25 797
22.5928 0 25 795
22.6457 0 25 800
22.7 0 25 799
22.7481 0 25 795
22.7993 0 25 800
22.85 0 25 803
22.8993 0 25 797
22.9496 0 25 799
22.9995 0 25 799
23.0497 0 25 799
23.0998 0 25 796
23.1497 0 25 802
23.1993 0 25 806
23.2489 0 25 805
23.2996 0 25 811
23.3466 0 25 814
23.3998 0 25 815
23.449 0 25 813
23.4981 0 25 809
23.5496 0 25 810
23.6 0 25 805
23.6461 0 25 804
23.6988 0 25 808
23.75 0 25 809
23.7986 0 25 809
23.849 0 25 809
23.8991 0 25 807
23.949 0 25 806
23.9996 0 25 811
24.048 0 25 808
24.0986 0 25 806
24.1484 0 25 808
24.1997 0 25 807
24.2473 0 25 805
24.2995 0 25 802
24.3497 0 25 804
24.3999 0 25 802
24.4484 0 25 799
24.4996 0 25 803
24.5476 0 25 802
24.5993 0 25 805
24.65 0 25 806
24.6996 0 25 801
24.7495 0 25 795
24.7984 0 25 791
24.8493 0 25 787
24.8979 0 25 790
24.9497 0 25 791
24.9995 0 25 789
25.0497 0 25 796
25.0987 0 25 792
25.1496 0 25 793
25.1999 0 25 798
25.2496 0 25 800
25.2999 0 25 801
25.35 0 25 799
25.3998 0 25 798
25.449 0 25 800
25.4989 0 25 802
25.5484 0 25 804
25.5994 0 25 801
25.6468 0 25 795
25.6987 0 25 797
25.7494 0 25 798
25.7986 0 25 798
25.848 0 25 798
25.8983 0 25 798
25.9497 0 25 799
25.9999 0 25 803
26.0484 0 25 803
26.0984 0 25 801
26.148 0 25 802
26.1991 0 25 804
26.2497 0 25 806
26.2998 0 25 807
26.3493 0 25 803
26.3999 0 25 802
26.4473 0 25 802
26.4982 0 25 806
26.5498 0 25 808
26.598 0 25 811
26.6494 0 25 812
26.6993 0 25 815
26.7498 0 25 810
26.7989 0 25 807
26.8497 0 25 806
26.8986 0 25 806
26.9497 0 25 805
26.9999 0 25 805
27.05 0 25 803
27.0991 0 25 804
27.1487 0 25 803
27.2 0 25 802
27.2489 0 25 804
27.2983 0 25 798
27.35 0 25 799
27.3999 0 25 797
27.4474 0 25 799
27.4988 0 25 801
27.5486 0 25 799
27.5984 0 25 800
27.6497 0 25 801
27.6995 0 25 798
27.7487 0 25 798
27.7998 0 25 798
27.8495 0 25 802
27.8998 0 25 801
27.9494 0 25 798
27.9998 0 25 801
28.0489 0 25 795
28.0981 0 25 793
28.1497 0 25 795
28.1996 0 25 793
28.2484 0 25 792
28.2993 0 25 797
28.35 0 25 795
28.3982 0 25 794
28.4486 0 25 791
28.4994 0 25 790
28.5494 0 25 789
28.6 0 25 788
28.6497 0 25 789
28.6983 0 25 786
28.7488 0 25 785
28.7992 0 25 785
28.8494 0 25 785
28.8998 0 25 784
28.9483 0 25 781
28.9999 0 25 781
29.0482 0 25 781
29.0999 0 25 784
29.1483 0 25 784
29.1981 0 25 780
29.25 0 25 779
29.2999 0 25 783
29.3498 0 25 790
29.3992 0 25 790
29.449 0 25 787
29.4996 0 25 791
29.5497 0 25 792
29.5978 0 25 792
29.6485 0 25 785
29.6971 0 25 785
29.7488 0 25 787
29.8 0 25 783
29.8499 0 25 781
29.8989 0 25 780
29.9452 0 25 778
29.9941 0 25 771
30.0483 0 25 777
30.0994 0 25 774
30.1471 0 25 772
30.1998 0 25 772
30.2487 0 25 772
30.2967 0 25 770
30.3497 0 25 772
30.3998 0 25 776
30.4495 0 25 778
30.4996 0 25 779
30.5496 0 25 779
30.5948 0 25 781
30.6497 0 25 785
30.6985 0 25 786
30.75 0 25 792
30.7968 0 25 794
30.8499 0 25 798
30.898 0 25 801
30.9497 0 25 798
30.9975 0 25 797
31.0488 0 25 793
31.0987 0 25 793
31.15 0 25 797
31.1998 0 25 793
31.2479 0 25 796
31.2994 0 25 801
31.3444 0 25 807
31.3999 0 25 803
31.4495 0 25 802
31.4986 0 25 803
31.5488 0 25 802
31.5996 0 25 798
31.6491 0 25 800
31.6972 0 25 797
31.7454 0 25 799
31.7988 0 25 801
31.8449 0 25 799
31.8967 0 25 797
31.949 0 25 798
31.9996 0 25 804
32.0459 0 25 805
32.0999 0 25 803
32.1488 0 25 802
32.1996 0 25 800
32.2478 0 25 798
32.298 0 25 802
32.3471 0 25 802
32.3983 0 25 799
32.4496 0 25 800
32.4961 0 25 801
32.5493 0 25 804
32.5997 0 25 805
32.648 0 25 804
32.6994 0 25 799
32.75 0 25 798
32.799 0 25 801
32.8495 0 25 802
32.8991 0 25 812
32.946 0 25 809
32.9999 0 25 805
33.0489 0 25 796
33.0994 0 25 792
33.1493 0 25 794
33.1994 0 25 798
33.2499 0 25 794
33.2961 0 25 795
33.349 0 25 797
33.3986 0 25 793
33.4494 0 25 797
33.4996 0 25 792
33.5481 0 25 798
33.5998 0 25 801
33.6493 0 25 801
33.6985 0 25 799
33.749 0 25 797
33.7998 0 25 797
33.8497 0 25 799
33.8983 0 25 802
33.9497 0 25 800
33.9982 0 25 803
34.0494 0 25 805
34.1 0 25 804
34.1497 0 25 805
34.1992 0 25 805
34.2498 0 25 810
34.2994 0 25 814
34.3474 0 25 817
34.3991 0 25 820
34.45 0 25 820
34.4996 0 25 819
34.549 0 25 818
34.5998 0 25 821
34.65 0 25 816
34.7 0 25 815
34.7496 0 25 816
34.7985 0 25 815
34.8497 0 25 809
34.8994 0 25 809
34.9493 0 25 814
34.9994 0 25 809
35.0472 0 25 804
35.0997 0 25 804
35.1498 0 25 809
35.1995 0 25 810
35.2494 0 25 808
35.3 0 25 810
35.348 0 25 810
35.3994 0 25 807
35.4498 0 25 803
35.499 0 25 802
35.5466 0 25 806
35.6 0 25 801
35.648 0 25 800
35.6974 0 25 799
35.7495 0 25 796
35.7973 0 25 792
35.8495 0 25 791
35.8986 0 25 786
35.9483 0 25 792
35.9973 0 25 795
36.0495 0 25 796
36.0992 0 25 795
36.1497 0 25 796
36.1995 0 25 797
36.2497 0 25 801
36.2996 0 25 797
36.35 0 25 798
36.3995 0 25 797
36.45 0 25 793
36.4978 0 25 796
36.5492 0 25 795
36.5995 0 25 795
36.6476 0 25 800
36.6964 0 25 805
36.7499 0 25 804
36.7992 0 25 805
36.848 0 25 806
36.8998 0 25 808
36.9493 0 25 805
36.9999 0 25 809
37.048 0 25 812
37.0948 0 25 809
37.1459 0 25 805
37.1996 0 25 804
37.2498 0 25 803
37.2993 0 25 801
37.3498 0 25 796
37.3962 0 25 796
37.4449 0 25 796
37.4998 0 25 799
37.549 0 25 803
37.598 0 25 802
37.65 0 25 804
37.6997 0 25 804
37.7495 0 25 799
37.7998 0 25 798
37.8499 0 25 797
37.8998 0 25 795
37.9491 0 25 795
37.9988 0 25 796
38.0499 0 25 801
38.0995 0 25 802
38.1493 0 25 801
38.1994 0 25 800
38.2497 0 25 803
38.2995 0 25 803
38.3492 0 25 801
38.3991 0 25 798
38.4496 0 25 793
38.4987 0 25 795
38.5493 0 25 790
38.5988 0 25 787
38.6494 0 25 780
38.6995 0 25 779
38.7484 0 25 779
38.7978 0 25 781
38.8489 0 25 781
38.8994 0 25 781
38.9497 0 25 783
39 0 25 785
39.049 0 25 789
39.0984 0 25 784
39.1496 0 25 786
39.1986 0 25 785
39.2493 0 25 789
39.2995 0 25 785
39.3494 0 25 790
39.3972 0 25 791
39.4499 0 25 787
39.4985 0 25 786
39.5498 0 25 784
39.5998 0 25 788
39.6498 0 25 789
39.6997 0 25 790
39.7485 0 25 793
39.7988 0 25 793
39.85 0 25 793
39.8997 0 25 799
39.9499 0 25 797
39.9987 0 25 796
40.0487 0 25 797
40.0999 0 25 802
40.1483 0 25 806
40.1998 0 25 806
40.2492 0 25 805
40.2996 0 25 804
40.3459 0 25 803
40.3999 0 25 806
40.4493 0 25 808
40.4987 0 25 800
40.5499 0 25 797
40.5998 0 25 803
40.6493 0 25 802
40.7 0 25 801
40.75 0 25 802
40.7998 0 25 804
40.8495 0 25 799
40.8993 0 25 795
40.9498 0 25 791
40.9993 0 25 791
41.0498 0 25 793
41.0998 0 25 793
41.1468 0 25 796
41.1972 0 25 795
41.2492 0 25 799
41.2996 0 25 801
41.3493 0 25 802
41.3983 0 25 802
41.4489 0 25 798
41.4987 0 25 804
41.5495 0 25 801
41.5982 0 25 803
41.6478 0 25 797
41.6985 0 25 794
41.7499 0 25 786
41.799 0 25 791
41.8476 0 25 791
41.8997 0 25 787
41.9499 0 25 785
42 0 25 785
42.048 0 25 787
42.0999 0 25 788
42.1466 0 25 788
42.1998 0 25 789
42.2494 0 25 788
42.2992 0 25 785
42.3494 0 25 784
42.3994 0 25 784
42.4491 0 25 788
42.4999 0 25 790
42.547 0 25 790
42.5978 0 25 792
42.65 0 25 795
42.6998 0 25 795
42.7499 0 25 795
42.799 0 25 796
42.849 0 25 800
42.8997 0 25 803
42.9494 0 25 808
43 0 25 808
43.0494 0 25 808
43.0963 0 25 811
43.1497 0 25 812
43.1996 0 25 816
43.2498 0 25 814
43.2995 0 25 814
43.3499 0 25 815
43.3993 0 25 815
43.447 0 25 814
43.4995 0 25 812
43.5447 0 25 810
43.5986 0 25 808
43.6492 0 25 808
43.6987 0 25 812
43.75 0 25 813
43.7998 0 25 814
43.8483 0 25 809
43.8981 0 25 808
43.9494 0 25 811
43.9977 0 25 806
44.0493 0 25 811
44.0997 0 25 810
44.1495 0 25 813
44.2 0 25 811
44.2491 0 25 812
44.2961 0 25 814
44.3497 0 25 815
44.3992 0 25 813
44.4434 0 25 810
44.5 0 25 811
44.5488 0 25 810
44.5991 0 25 807
44.6495 0 25 807
44.6982 0 25 812
44.7496 0 25 810
44.798 0 25 805
44.8489 0 25 809
44.8994 0 25 802
44.95 0 25 801
44.9995 0 25 800
45.0498 0 25 799
45.0977 0 25 800
45.1494 0 25 798
45.199 0 25 797
45.2497 0 25 800
45.2974 0 25 796
45.3497 0 25 803
45.3998 0 25 800
45.4494 0 25 802
45.4991 0 25 801
45.5494 0 25 798
45.6 0 25 800
45.649 0 25 796
45.6989 0 25 800
45.7499 0 25 805
45.7999 0 25 801
45.849 0 25 801
45.8994 0 25 806
45.9495 0 25 806
45.9983 0 25 805
46.0491 0 25 809
46.0991 0 25 809
46.1497 0 25 810
46.1986 0 25 811
46.249 0 25 812
46.3 0 25 809
46.3495 0 25 802
46.3998 0 25 801
46.4492 0 25 797
46.4981 0 25 795
46.5489 0 25 791
46.5996 0 25 794
46.6496 0 25 790
46.6998 0 25 791
46.7499 0 25 794
46.7999 0 25 791
46.8432 0 25 793
46.9 0 25 795
46.9468 0 25 798
46.9969 0 25 800
47.0493 0 25 797
47.0987 0 25 793
47.1497 0 25 791
47.1993 0 25 789
47.2487 0 25 792
47.2998 0 25 791
47.3492 0 25 788
47.3978 0 25 790
47.4496 0 25 787
47.4992 0 25 788
47.5499 0 25 788
47.5977 0 25 787
47.6483 0 25 790
47.6976 0 25 790
47.7496 0 25 791
47.7992 0 25 794
47.848 0 25 787
47.8983 0 25 785
47.9499 0 25 785
47.9997 0 25 792
48.0496 0 25 800
48.0997 0 25 803
48.1485 0 25 800
48.2 0 25 803
48.2489 0 25 802
48.2993 0 25 803
48.3497 0 25 804
48.3992 0 25 801
48.4482 0 25 800
48.4983 0 25 802
48.5496 0 25 802
48.5979 0 25 809
48.6467 0 25 813
48.6997 0 25 812
48.7498 0 25 805
48.7978 0 25 805
48.8496 0 25 807
48.8997 0 25 804
48.9493 0 25 805
48.9999 0 25 805
49.0485 0 25 803
49.0992 0 25 802
49.1458 0 25 803
49.1999 0 25 807
49.2493 0 25 806
49.3 0 25 808
49.3486 0 25 805
49.3991 0 25 805
49.449 0 25 801
49.498 0 25 802
49.5499 0 25 800
49.5996 0 25 797
49.6484 0 25 792
49.6974 0 25 794
49.748 0 25 792
49.7982 0 25 791
49.8491 0 25 790
49.8979 0 25 793
49.9487 0 25 797
49.9988 0 25 796
50.001 0 25 796
