0.0499015 990 0 14
0.0996527 980 2 29
0.14988 965 2 45
0.199907 954 3 56
0.2499 951 7 67
0.299939 942 7 79
0.349984 934 12 92
0.399711 927 15 99
0.44991 926 18 107
0.499609 924 22 115
0.549873 918 26 125
0.599565 910 32 138
0.649683 906 36 147
0.699476 899 39 152
0.749649 892 39 155
0.799498 884 42 166
0.849906 876 45 176
0.89994 867 54 178
0.949978 862 57 186
0.999976 855 61 195
1.04968 849 67 197
1.09954 842 67 206
1.14976 834 75 213
1.19981 828 77 222
1.24999 824 76 224
1.29995 821 79 222
1.34987 818 86 228
1.39988 815 88 235
1.44926 809 97 238
1.49984 806 104 240
1.54991 803 107 244
1.59993 800 111 249
1.64974 795 118 255
1.69986 784 120 263
1.75 777 135 270
1.79969 772 143 272
1.84987 767 143 273
1.89981 764 147 273
1.9499 759 152 279
2 754 153 284
2.0499 747 159 287
2.09978 742 165 291
2.14975 738 170 294
2.19983 736 170 290
2.24935 730 171 294
2.29987 727 171 295
2.34996 721 176 303
2.39998 718 180 306
2.44998 712 190 308
2.49991 706 193 316
2.5499 702 202 318
2.59971 698 203 323
2.64974 695 204 323
2.7 691 211 328
2.74914 685 217 332
2.79959 679 222 332
2.84968 672 228 337
2.89988 669 238 339
2.94977 665 244 344
2.99987 662 246 346
3.04911 654 252 346
3.09956 649 255 347
3.14998 644 257 350
3.19966 639 261 348
3.25 638 266 350
3.29983 636 269 361
3.34977 633 275 365
3.3994 630 284 368
3.44983 629 289 373
3.49964 624 290 376
3.54972 621 296 380
3.5995 617 307 384
3.64983 615 312 385
3.69978 611 311 390
3.74992 610 314 389
3.79995 608 318 391
3.84994 604 320 391
3.89967 600 322 392
3.94996 594 323 387
3.9999 590 330 391
4.04933 586 331 397
4.09926 578 333 405
4.14962 576 338 413
4.19944 571 339 418
4.24993 566 340 420
4.2995 561 345 422
4.34976 558 345 433
4.39905 555 352 436
4.4494 553 356 433
4.49964 549 364 432
4.54985 543 367 430
4.59992 540 367 435
4.64942 535 367 432
4.69976 534 374 434
4.74903 529 376 437
4.79939 527 377 434
4.84982 527 377 436
4.8976 525 383 435
4.94998 521 384 436
4.99986 520 390 438
5.04993 517 392 439
5.09944 516 399 438
5.14989 511 404 451
5.19958 506 409 462
5.248 499 412 467
5.29934 493 414 469
5.34997 488 414 467
5.39923 483 414 469
5.4496 481 415 477
5.49893 480 413 481
5.54996 469 406 484
5.59999 464 406 484
5.64924 462 406 485
5.69913 457 405 483
5.74977 457 407 484
5.79967 446 414 485
5.84992 440 415 492
5.8998 437 421 491
5.94993 437 423 495
5.9999 435 422 500
6.04906 430 423 498
6.09983 427 420 509
6.14848 426 417 508
6.19999 422 413 512
6.2499 417 417 514
6.29841 410 421 516
6.3491 408 426 519
6.39995 405 427 517
6.4498 404 426 519
6.49946 403 420 523
6.54972 401 421 528
6.59981 397 423 529
6.64964 394 423 532
6.69969 391 426 533
6.74978 389 425 537
6.79973 387 418 540
6.84995 387 423 540
6.89996 382 424 544
6.94957 378 426 547
6.99993 376 423 552
7.0499 375 424 553
7.09981 375 422 552
7.14997 372 421 558
7.19985 371 420 557
7.24859 371 420 560
7.29968 367 419 564
7.34984 363 419 563
7.39875 360 419 563
7.44932 356 418 564
7.49996 351 415 568
7.54995 347 417 568
7.59983 345 413 574
7.64934 345 409 578
7.69985 343 406 582
7.74985 341 405 586
7.79948 335 400 592
7.84877 333 398 599
7.8999 329 395 600
7.94871 327 396 595
7.99938 326 395 596
8.04925 324 395 593
8.09864 319 391 600
8.1492 311 391 600
8.1998 309 392 610
8.24993 306 388 615
8.29982 302 385 621
8.34953 300 387 618
8.39952 298 386 617
8.44941 296 388 620
8.49994 293 388 618
8.54824 291 383 623
8.59936 288 384 626
8.64998 284 385 627
8.69923 282 386 633
8.74992 280 381 639
8.79919 278 379 644
8.84935 276 377 645
8.89989 274 376 647
8.9492 268 371 653
8.99964 267 372 651
9.04964 266 371 650
9.09917 264 369 648
9.14968 263 366 660
9.19959 260 361 660
9.24985 258 357 665
9.29932 254 351 669
9.34975 253 348 668
9.39984 251 347 670
9.44954 251 344 674
9.49969 248 342 672
9.54944 247 339 676
9.59951 246 339 677
9.64958 246 334 677
9.69957 242 331 678
9.74998 240 328 684
9.79902 236 327 690
9.84988 235 328 691
9.8998 232 327 695
9.94998 227 326 697
9.99835 227 322 698
10.049 227 318 703
10.0993 221 316 712
10.1496 221 318 715
10.1999 217 316 719
10.2495 213 312 723
10.2997 210 309 728
10.3498 209 305 739
10.3995 208 302 741
10.4497 208 297 743
10.4994 206 297 741
10.5496 206 299 746
10.6 205 292 747
10.6498 204 289 745
10.6994 197 289 747
10.7495 195 285 747
10.7997 193 280 750
10.8496 189 278 751
10.8999 187 275 753
10.9492 185 274 750
10.9996 183 270 752
11.0498 183 269 753
11.1 180 265 751
11.148 178 264 755
11.1999 177 264 758
11.2499 176 263 760
11.3 176 263 763
11.3498 175 262 763
11.3997 174 261 769
11.45 172 259 770
11.4999 169 256 773
11.5492 169 251 771
11.5984 166 251 767
11.65 164 250 765
11.6998 162 250 767
11.7481 160 246 768
11.7999 157 244 771
11.8498 155 242 768
11.8998 151 241 767
11.9481 147 240 761
11.9984 145 239 764
12.0497 143 237 764
12.0997 141 234 764
12.15 139 230 764
12.1998 135 229 774
12.2494 133 228 776
12.3 132 227 779
12.3498 128 223 777
12.399 127 222 773
12.45 125 217 774
12.4997 125 215 776
12.5495 121 212 779
12.5998 119 213 774
12.6494 118 211 776
12.6992 115 209 780
12.7495 115 207 776
12.7989 112 203 778
12.8498 111 200 775
12.8995 111 199 778
12.9496 108 196 775
12.9967 107 197 775
13.0492 106 195 778
13.1 106 190 779
13.1498 105 190 780
13.1993 101 188 781
13.2499 101 183 777
13.2993 100 180 783
13.3484 99 178 783
13.4 97 176 787
13.45 96 176 787
13.4996 93 173 786
13.5499 90 173 786
13.5994 90 170 785
13.6498 89 169 785
13.6997 89 165 784
13.7495 89 164 788
13.7992 88 162 787
13.8484 86 157 784
13.8998 85 156 788
13.9486 82 155 788
13.9983 81 154 786
14.05 78 151 785
14.1 74 149 786
14.1498 74 148 785
14.1998 71 145 782
14.2498 70 143 787
14.2999 68 141 788
14.3499 64 140 793
14.4 63 138 793
14.4488 62 136 789
14.4983 62 135 786
14.5494 62 135 784
14.5993 60 131 783
14.6496 58 129 782
14.6991 57 127 783
14.749 56 127 783
14.7995 54 126 784
14.8498 54 125 780
14.8996 53 123 777
14.9482 50 121 778
14.9996 46 120 771
15.0494 46 116 777
15.0999 46 113 779
15.1499 46 113 777
15.1994 46 111 776
15.248 45 111 778
15.299 44 110 775
15.3491 43 108 779
15.3997 41 108 779
15.4499 40 107 779
15.4991 39 105 777
15.5496 39 103 777
15.5997 38 100 778
15.6499 37 98 780
15.6999 36 96 778
15.7496 36 95 784
15.799 36 94 785
15.8495 36 92 787
15.8995 33 90 791
15.9499 32 86 798
15.9999 30 85 793
16.049 30 83 790
16.0996 30 81 789
16.1496 29 81 789
16.1997 29 80 792
16.2491 28 80 795
16.2997 26 79 799
16.3499 26 79 799
16.3986 26 78 795
16.4488 24 76 792
16.4999 23 75 792
16.5491 22 74 792
16.5987 19 73 792
16.6499 19 70 793
16.6999 18 67 795
16.749 18 67 800
16.7996 17 64 798
16.85 17 61 801
16.8991 16 61 802
16.9492 16 59 799
16.9999 16 58 800
17.0497 15 57 798
17.0997 15 56 799
17.1494 15 56 803
17.1987 15 56 807
17.2498 15 55 804
17.2993 15 55 805
17.3498 14 55 801
17.3995 14 51 801
17.4498 14 51 794
17.5 13 48 797
17.5495 12 47 794
17.5999 12 46 794
17.6493 12 44 788
17.6995 12 43 786
17.7498 12 41 783
17.7995 11 41 790
17.8495 11 41 792
17.8996 9 41 799
17.9493 8 41 794
18 7 41 802
18.0492 7 40 800
18.0994 6 38 804
18.1494 6 37 802
18.2 5 36 801
18.2494 5 36 799
18.2998 5 35 803
18.3498 4 35 804
18.3996 4 35 804
18.4478 4 34 799
18.4994 4 34 797
18.55 3 34 796
18.5995 2 33 793
18.65 2 32 788
18.6994 2 31 797
18.7497 2 30 798
18.7998 2 30 795
18.8493 2 30 798
18.8995 2 29 800
18.9496 2 28 797
18.9998 2 28 803
19.0479 2 28 798
19.0999 2 28 798
19.1492 2 28 797
19.1979 2 28 796
19.2498 2 28 798
19.2986 2 28 803
19.3492 2 28 803
19.3994 2 27 807
19.4497 2 27 808
19.4995 2 27 810
19.5493 2 26 810
19.6 2 26 806
19.6482 2 26 805
19.6997 2 26 801
19.7497 2 26 798
19.7992 2 26 797
19.8498 2 26 802
19.9 2 26 795
19.9494 2 25 795
19.9992 2 24 795
20.0485 2 24 794
20.0998 2 24 788
20.1492 2 24 789
20.1996 2 24 789
20.248 2 24 791
20.2986 2 24 791
20.3498 2 23 794
20.3988 2 23 791
20.4493 1 23 796
20.4999 0 23 791
20.5488 0 22 797
20.599 0 22 797
20.6494 0 22 794
20.698 0 22 794
20.7465 0 22 796
20.7997 0 22 798
20.8498 0 22 799
20.8983 0 22 804
20.9487 0 22 801
20.9996 0 22 802
21.0497 0 22 796
21.0993 0 22 798
21.1479 0 22 799
21.1994 0 22 801
21.2482 0 22 797
21.2986 0 22 799
21.3476 0 22 801
21.3993 0 22 797
21.4496 0 22 797
21.4996 0 22 795
21.5497 0 22 790
21.5977 0 22 788
21.6494 0 22 786
21.6995 0 22 789
21.7493 0 22 786
21.7966 0 22 792
21.8486 0 22 792
21.8985 0 22 790
21.9492 0 22 787
21.9997 0 22 789
22.0498 0 22 789
22.0998 0 22 788
22.1487 0 22 789
22.1999 0 22 790
22.2497 0 21 798
22.2992 0 21 800
22.3488 0 21 801
22.3996 0 21 800
22.4498 0 21 804
22.4981 0 21 804
22.5488 0 21 800
22.5995 0 21 801
22.6494 0 21 801
22.6915 0 21 801
22.7484 0 21 799
22.7996 0 21 804
22.8467 0 21 804
22.8989 0 21 810
22.9496 0 21 816
22.9995 0 21 812
23.05 0 21 815
23.0996 0 21 816
23.1459 0 21 815
23.2 0 21 815
23.2488 0 21 817
23.2996 0 21 820
23.3489 0 21 815
23.3995 0 21 819
23.4458 0 21 818
23.4986 0 21 814
23.5497 0 21 810
23.5996 0 21 811
23.6485 0 21 810
23.6979 0 21 805
23.7496 0 21 805
23.7998 0 21 805
23.8485 0 21 805
23.8991 0 21 805
23.9496 0 21 804
23.9994 0 21 803
24.05 0 21 803
24.099 0 21 802
24.1487 0 21 802
24.1989 0 21 802
24.2486 0 21 804
24.2995 0 21 804
24.3496 0 21 808
24.3996 0 21 809
24.4491 0 21 806
24.4979 0 21 807
24.549 0 21 807
24.5999 0 21 813
24.6489 0 21 812
24.6982 0 21 813
24.7491 0 21 807
24.7987 0 21 805
24.8499 0 21 802
24.8965 0 21 803
24.9494 0 21 802
24.9997 0 21 804
25.0499 0 21 800
25.0998 0 21 801
25.1497 0 21 799
25.1978 0 21 798
25.2481 0 21 802
25.2993 0 21 803
25.3487 0 21 802
25.3992 0 21 797
25.4492 0 21 797
25.498 0 21 798
25.5498 0 21 801
25.5995 0 21 806
25.645 0 21 799
25.6999 0 21 794
25.7494 0 21 797
25.7995 0 21 795
25.8418 0 21 793
25.899 0 21 790
25.9448 0 21 786
25.9995 0 21 783
26.0482 0 21 778
26.0993 0 21 774
26.1484 0 21 772
26.199 0 21 776
26.2489 0 21 781
26.2988 0 21 780
26.3488 0 21 781
26.3989 0 21 784
26.449 0 21 786
26.4985 0 21 785
26.5496 0 21 787
26.5988 0 21 790
26.6493 0 21 784
26.6996 0 21 783
26.7488 0 21 785
26.7992 0 21 781
26.8497 0 21 781
26.8995 0 21 787
26.948 0 21 787
26.9999 0 21 789
27.0494 0 21 795
27.0989 0 21 795
27.1483 0 21 796
27.1982 0 21 796
27.2447 0 21 793
27.2995 0 21 795
27.3489 0 21 796
27.3999 0 21 790
27.4499 0 21 792
27.5 0 21 795
27.5493 0 21 793
27.5996 0 21 794
27.6499 0 21 792
27.6985 0 21 794
27.7489 0 21 793
27.7997 0 21 790
27.8493 0 21 792
27.8952 0 21 791
27.9483 0 21 789
27.9997 0 21 794
28.0497 0 21 795
28.0988 0 21 794
28.1488 0 21 799
28.1999 0 21 799
28.248 0 21 802
28.2979 0 21 802
28.3496 0 21 800
28.3988 0 21 801
28.4497 0 21 801
28.4993 0 21 803
28.5473 0 21 804
28.5996 0 21 805
28.6496 0 21 803
28.6994 0 21 800
28.7473 0 21 803
28.7969 0 21 795
28.8494 0 21 793
28.8995 0 21 796
28.9476 0 21 795
28.9999 0 21 795
29.0491 0 21 798
29.0997 0 21 796
29.1491 0 21 801
29.1998 0 21 803
29.2484 0 21 802
29.2984 0 21 799
29.3491 0 21 795
29.3974 0 21 797
29.45 0 21 801
29.4998 0 21 795
29.5492 0 21 798
29.5989 0 21 798
29.6488 0 21 794
29.6986 0 21 794
29.7494 0 21 796
29.7982 0 21 798
29.8499 0 21 795
29.8999 0 21 795
29.9496 0 21 794
30 0 21 796
30.0494 0 21 801
30.0994 0 21 803
30.1487 0 21 807
30.1994 0 21 806
30.2499 0 21 807
30.2963 0 21 803
30.3484 0 21 801
30.3996 0 21 803
30.4493 0 21 799
30.4997 0 21 800
30.5483 0 21 801
30.5976 0 21 802
30.6498 0 21 800
30.6999 0 21 799
30.7487 0 21 802
30.799 0 21 808
30.8485 0 21 808
30.8995 0 21 804
30.95 0 21 807
30.998 0 21 801
31.0482 0 21 804
31.0997 0 21 801
31.1498 0 21 799
31.1972 0 21 801
31.2475 0 21 801
31.2997 0 21 802
31.3495 0 21 801
31.3993 0 21 800
31.4499 0 21 802
31.5 0 21 801
31.5497 0 21 802
31.5998 0 21 799
31.6458 0 21 798
31.6999 0 21 795
31.7491 0 21 796
31.7992 0 21 798
31.8494 0 21 797
31.8996 0 21 796
31.949 0 21 793
31.9955 0 21 790
32.05 0 21 786
32.0995 0 21 788
32.1496 0 21 790
32.1991 0 21 796
32.2479 0 21 790
32.2993 0 21 792
32.3497 0 21 789
32.3993 0 21 789
32.4482 0 21 788
32.4985 0 21 793
32.5487 0 21 795
32.5999 0 21 786
32.6497 0 21 787
32.6999 0 21 785
32.7493 0 21 783
32.7978 0 21 783
32.8499 0 21 782
32.8991 0 21 783
32.9498 0 21 777
33 0 21 776
33.0498 0 21 782
33.0998 0 21 785
33.149 0 21 779
33.2 0 21 779
33.2474 0 21 783
33.2999 0 21 781
33.3487 0 21 781
33.399 0 21 777
33.4498 0 21 774
33.4989 0 21 772
33.549 0 21 777
33.5972 0 21 773
33.6497 0 21 771
33.6993 0 21 772
33.7496 0 21 777
33.7991 0 21 781
33.8493 0 21 780
33.8993 0 21 780
33.9499 0 21 781
33.9997 0 21 781
34.048 0 21 780
34.0998 0 21 786
34.1491 0 21 780
34.1993 0 21 778
34.25 0 21 777
34.2995 0 21 776
34.3495 0 21 779
34.3992 0 21 779
34.45 0 21 780
34.4999 0 21 784
34.5487 0 21 788
34.5992 0 21 787
34.6493 0 21 782
34.6991 0 21 783
34.7496 0 21 784
34.7999 0 21 790
34.8496 0 21 787
34.8988 0 21 782
34.9498 0 21 784
34.9997 0 21 785
35.0498 0 21 786
35.0999 0 21 789
35.1496 0 21 786
35.1968 0 21 783
35.2484 0 21 786
35.2999 0 21 790
35.3475 0 21 785
35.397 0 21 785
35.4497 0 21 786
35.5 0 21 789
35.5499 0 21 785
35.599 0 21 784
35.6497 0 21 785
35.6951 0 21 787
35.7484 0 21 787
35.7988 0 21 790
35.8486 0 21 783
35.8999 0 21 787
35.9477 0 21 789
35.9993 0 21 788
36.0494 0 21 783
36.0991 0 21 780
36.149 0 21 778
36.1984 0 21 775
36.2496 0 21 775
36.2955 0 21 775
36.3498 0 21 774
36.398 0 21 777
36.4499 0 21 780
36.4978 0 21 775
36.5491 0 21 770
36.5999 0 21 770
36.6498 0 21 771
36.699 0 21 768
36.7499 0 21 768
36.7989 0 21 767
36.8489 0 21 773
36.8992 0 21 776
36.9496 0 21 777
36.9999 0 21 782
37.0493 0 21 787
37.0999 0 21 785
37.1499 0 21 787
37.1986 0 21 783
37.2497 0 21 782
37.2996 0 21 785
37.349 0 21 784
37.3997 0 21 791
37.4493 0 21 793
37.4995 0 21 796
37.5498 0 21 795
37.5995 0 21 794
37.6495 0 21 794
37.6991 0 21 799
37.75 0 21 796
37.7972 0 21 801
37.8485 0 21 801
37.8997 0 21 795
37.9499 0 21 795
37.9997 0 21 800
38.0479 0 21 800
38.0985 0 21 799
38.1499 0 21 797
38.1968 0 21 795
38.2495 0 21 794
38.2946 0 21 795
38.3477 0 21 792
38.3998 0 21 788
38.4496 0 21 789
38.4992 0 21 788
38.549 0 21 792
38.5996 0 21 792
38.6492 0 21 798
38.6974 0 21 796
38.7496 0 21 794
38.7998 0 21 793
38.8481 0 21 794
38.8995 0 21 793
38.9496 0 21 795
38.9997 0 21 799
39.0484 0 21 805
39.0993 0 21 799
39.1491 0 21 804
39.1988 0 21 802
39.2499 0 21 801
39.2872 0 21 803
39.3499 0 21 798
39.3946 0 21 794
39.447 0 21 792
39.4963 0 21 790
39.5493 0 21 795
39.599 0 21 792
39.6498 0 21 798
39.6993 0 21 795
39.7498 0 21 799
39.7994 0 21 803
39.8494 0 21 804
39.8989 0 21 799
39.9497 0 21 796
39.9997 0 21 797
40.0497 0 21 798
40.0992 0 21 794
40.1493 0 21 797
40.1991 0 21 799
40.2496 0 21 800
40.2998 0 21 802
40.3481 0 21 800
40.3993 0 21 798
40.4497 0 21 799
40.4933 0 21 799
40.5478 0 21 797
40.5989 0 21 798
40.6493 0 21 797
40.6993 0 21 798
40.7495 0 21 796
40.793 0 21 800
40.8498 0 21 802
40.8998 0 21 808
40.9495 0 21 805
40.9984 0 21 805
41.0498 0 21 810
41.0998 0 21 805
41.1489 0 21 802
41.1987 0 21 798
41.2485 0 21 800
41.2958 0 21 805
41.3498 0 21 807
41.3984 0 21 804
41.4497 0 21 800
41.4991 0 21 799
41.5496 0 21 797
41.5998 0 21 796
41.6469 0 21 798
41.6996 0 21 799
41.7499 0 21 798
41.7986 0 21 801
41.8498 0 21 798
41.8975 0 21 796
41.9493 0 21 795
41.9996 0 21 799
42.0479 0 21 798
42.0993 0 21 801
42.1493 0 21 804
42.199 0 21 814
42.2493 0 21 812
42.2984 0 21 813
42.3475 0 21 807
42.3998 0 21 809
42.4484 0 21 810
42.4998 0 21 810
42.5493 0 21 809
42.5971 0 21 809
42.65 0 21 810
42.698 0 21 806
42.7489 0 21 802
42.7991 0 21 800
42.8496 0 21 799
42.8999 0 21 800
42.9498 0 21 798
42.9999 0 21 800
43.0494 0 21 798
43.0992 0 21 801
43.1484 0 21 797
43.1985 0 21 795
43.2479 0 21 796
43.2974 0 21 796
43.3489 0 21 794
43.4 0 21 789
43.4494 0 21 785
43.4985 0 21 782
43.547 0 21 783
43.5987 0 21 787
43.6499 0 21 789
43.6994 0 21 786
43.7451 0 21 788
43.7988 0 21 790
43.8496 0 21 794
43.8991 0 21 793
43.9488 0 21 792
43.9999 0 21 793
44.05 0 21 793
44.0997 0 21 797
44.1489 0 21 797
44.1999 0 21 798
44.2466 0 21 796
44.2997 0 21 798
44.349 0 21 798
44.3974 0 21 796
44.4499 0 21 795
44.4988 0 21 797
44.5492 0 21 791
44.5988 0 21 794
44.6482 0 21 796
44.6995 0 21 795
44.7496 0 21 795
44.7998 0 21 793
44.8483 0 21 788
44.8999 0 21 786
44.9491 0 21 783
44.9994 0 21 779
45.0496 0 21 774
45.0984 0 21 772
45.1493 0 21 767
45.1999 0 21 766
45.2487 0 21 764
45.2995 0 21 766
45.3496 0 21 762
45.3989 0 21 765
45.4487 0 21 769
45.4993 0 21 769
45.5492 0 21 769
45.5996 0 21 772
45.6476 0 21 781
45.6997 0 21 779
45.7498 0 21 775
45.8 0 21 777
45.8485 0 21 781
45.899 0 21 784
45.9495 0 21 778
45.9996 0 21 776
46.0498 0 21 779
46.0994 0 21 784
46.1486 0 21 788
46.1994 0 21 787
46.2472 0 21 789
46.2992 0 21 787
46.3498 0 21 784
46.3997 0 21 779
46.4487 0 21 783
46.4991 0 21 779
46.5491 0 21 783
46.5974 0 21 786
46.6491 0 21 790
46.6996 0 21 793
46.75 0 21 793
46.7986 0 21 793
46.8496 0 21 796
46.8999 0 21 798
46.9494 0 21 799
46.9996 0 21 798
47.0485 0 21 800
47.0999 0 21 795
47.146 0 21 799
47.1981 0 21 793
47.2464 0 21 793
47.2999 0 21 790
47.3499 0 21 789
47.3978 0 21 792
47.4457 0 21 795
47.4995 0 21 792
47.5496 0 21 792
47.5988 0 21 789
47.6499 0 21 790
47.6994 0 21 791
47.747 0 21 787
47.7994 0 21 785
47.8487 0 21 788
47.899 0 21 791
47.9483 0 21 793
47.9993 0 21 792
48.0483 0 21 789
48.0959 0 21 789
48.1492 0 21 789
48.1997 0 21 788
48.2495 0 21 790
48.2998 0 21 791
48.3495 0 21 792
48.3989 0 21 794
48.448 0 21 796
48.4986 0 21 793
48.5497 0 21 793
48.599 0 21 792
48.6491 0 21 791
48.6997 0 21 797
48.75 0 21 800
48.7982 0 21 804
48.8498 0 21 803
48.8996 0 21 801
48.9498 0 21 801
48.9995 0 21 802
49.0494 0 21 800
49.1 0 21 799
49.1499 0 21 798
49.1976 0 21 803
49.2496 0 21 804
49.296 0 21 807
49.3467 0 21 805
49.3962 0 21 799
49.4494 0 21 805
49.5 0 21 803
49.5497 0 21 805
49.5977 0 21 803
49.6493 0 21 806
49.6988 0 21 806
49.7473 0 21 807
49.7997 0 21 805
49.8491 0 21 807
49.8997 0 21 807
49.9489 0 21 810
49.998 0 21 810
50.0016 0 21 811
