0.0499812 990 0 12
0.0996511 985 1 31
0.149922 978 3 46
0.199658 969 4 57
0.249928 955 6 71
0.299828 950 10 81
0.349976 948 12 89
0.399827 938 20 96
0.449981 935 23 106
0.499813 932 24 116
0.549974 923 29 126
0.599756 914 34 135
0.649934 905 40 141
0.699657 899 42 148
0.74954 894 49 155
0.799765 889 58 164
0.849467 886 61 166
0.899983 879 67 175
0.949944 873 69 189
0.999643 865 79 196
1.04999 857 85 198
1.09983 847 94 200
1.14998 845 94 212
1.19947 838 97 220
1.24956 834 98 220
1.29946 829 101 230
1.34983 827 109 236
1.39972 823 111 243
1.44997 820 114 247
1.49944 814 119 248
1.54991 811 121 255
1.59959 803 121 255
1.64953 799 121 260
1.69974 795 122 262
1.74989 790 126 262
1.79991 785 131 263
1.84988 780 135 263
1.8999 777 138 268
1.94956 772 139 268
1.99986 771 144 268
2.04952 765 145 281
2.09972 762 151 285
2.14988 757 165 291
2.19976 752 166 297
2.24979 745 172 302
2.29988 742 176 299
2.34999 738 183 302
2.39994 728 183 305
2.44971 727 191 309
2.4996 721 196 310
2.54995 717 201 313
2.59978 713 210 315
2.64987 709 214 316
2.69955 703 219 324
2.74996 702 222 327
2.79972 702 227 332
2.84878 701 232 336
2.89942 698 242 341
2.94984 693 244 339
2.99993 686 249 348
3.04993 683 255 342
3.09989 680 256 349
3.15 676 268 355
3.19998 672 272 356
3.24981 666 278 358
3.29995 661 285 357
3.34981 659 294 364
3.4 656 306 365
3.44996 653 309 368
3.4996 650 317 372
3.54988 643 322 380
3.6 638 325 385
3.64983 632 328 392
3.69894 631 339 391
3.7495 627 341 390
3.79991 627 350 398
3.84947 620 355 398
3.89976 619 368 407
3.94904 615 371 406
3.99933 613 377 412
4.04974 607 370 415
4.09993 603 378 417
4.14974 598 380 412
4.19969 592 381 415
4.25 588 390 413
4.29793 585 395 418
4.34949 580 400 420
4.3999 572 401 418
4.44979 569 403 419
4.49931 566 404 426
4.54991 562 404 427
4.59986 556 403 434
4.64996 553 408 438
4.69971 552 412 438
4.74916 551 417 448
4.79958 551 417 447
4.84994 549 416 451
4.8998 545 417 456
4.94943 539 422 456
4.99992 531 431 457
5.04973 526 436 467
5.09992 520 436 467
5.14996 517 442 475
5.19996 513 444 476
5.2482 502 448 479
5.29918 499 446 481
5.34883 494 453 486
5.39993 490 452 490
5.44999 484 455 493
5.49967 482 451 496
5.5497 477 450 497
5.59946 470 450 502
5.64964 469 450 504
5.69939 464 450 506
5.74943 462 450 513
5.79901 457 447 521
5.84971 455 451 517
5.89987 453 457 515
5.9499 450 458 525
5.99909 448 459 529
6.04915 445 457 530
6.09984 444 456 533
6.14991 440 455 534
6.19968 435 455 534
6.24987 434 455 542
6.29948 432 455 547
6.34936 430 459 545
6.3992 423 456 550
6.44968 421 459 554
6.49962 419 457 556
6.54993 416 462 557
6.59999 412 463 562
6.64974 411 458 565
6.69966 409 455 566
6.74911 406 459 570
6.79996 402 457 567
6.84964 402 457 573
6.89942 399 457 578
6.94948 397 457 577
6.99998 396 453 574
7.04986 395 452 577
7.09923 390 449 580
7.14972 386 448 580
7.19959 384 448 575
7.24814 379 444 577
7.29984 376 446 579
7.34964 375 443 579
7.39944 372 443 585
7.4494 366 441 589
7.49991 365 438 592
7.54981 362 443 596
7.59999 360 442 597
7.64959 358 442 597
7.69978 354 441 596
7.74993 351 442 598
7.79886 348 444 596
7.84946 342 442 592
7.89927 339 444 597
7.94997 337 438 599
7.99912 335 436 603
8.04946 330 432 603
8.09988 327 432 606
8.14757 325 430 605
8.1988 323 427 608
8.24963 320 424 611
8.29876 317 420 610
8.3499 314 420 614
8.39963 312 419 612
8.44987 309 417 614
8.49896 308 417 618
8.54848 302 413 613
8.5999 302 414 617
8.64932 301 412 623
8.69969 298 409 626
8.74967 295 408 629
8.79901 294 408 633
8.84964 293 409 637
8.89968 290 402 640
8.94997 288 399 645
8.99998 286 394 653
9.04855 283 393 657
9.09962 280 390 658
9.14975 273 386 661
9.19958 269 389 669
9.24931 268 387 673
9.29985 265 385 673
9.34992 263 383 673
9.39998 259 383 678
9.4495 257 385 680
9.49979 255 383 687
9.54881 253 380 688
9.59947 250 380 689
9.64961 248 380 696
9.69972 244 380 699
9.74987 242 378 704
9.79991 239 373 704
9.84971 238 368 705
9.89985 234 363 709
9.94983 230 361 708
9.99888 229 361 714
10.0499 226 357 721
10.0995 224 356 721
10.1489 222 356 728
10.1997 219 351 729
10.2498 219 348 731
10.2999 216 345 737
10.3496 214 344 737
10.3997 213 342 739
10.45 211 340 744
10.5 206 337 749
10.55 203 334 750
10.5992 202 333 756
10.6495 201 329 754
10.6996 198 326 755
10.75 196 322 754
10.8 191 319 761
10.8489 186 317 758
10.8989 186 315 761
10.949 182 315 765
10.9991 178 314 771
11.0492 175 312 770
11.0993 171 309 773
11.1498 169 307 777
11.1989 166 305 773
11.2499 165 302 766
11.2997 163 301 763
11.3498 162 299 768
11.3996 160 297 769
11.449 159 296 770
11.4989 159 296 777
11.5487 156 294 779
11.5998 153 292 776
11.6488 152 290 777
11.6997 149 290 773
11.7494 146 286 774
11.7997 146 286 775
11.8499 143 285 774
11.899 142 284 780
11.9495 138 282 779
12 135 281 777
12.0499 134 279 775
12.0987 134 277 775
12.1487 132 276 776
12.1997 128 273 774
12.2497 126 272 775
12.2997 120 270 774
12.3494 119 269 776
12.3998 119 269 780
12.4499 117 267 783
12.4998 114 264 787
12.5496 111 263 788
12.5995 109 261 786
12.6492 107 260 786
12.6999 107 258 784
12.7494 106 255 785
12.7982 103 253 784
12.8487 103 249 784
12.899 102 248 781
12.9496 100 245 780
12.9986 96 239 780
13.0496 96 236 781
13.1 95 233 778
13.1495 94 232 778
13.1996 94 229 776
13.2499 92 229 778
13.2994 92 228 779
13.349 92 226 781
13.3999 92 225 780
13.4486 91 224 778
13.4998 91 223 777
13.5497 90 220 787
13.5998 86 217 788
13.6492 82 215 786
13.6996 81 213 783
13.7496 80 208 783
13.7998 77 204 783
13.8482 75 202 784
13.8965 73 201 781
13.9499 71 196 780
13.9999 70 194 781
14.0496 68 190 786
14.0995 68 188 785
14.1489 67 186 786
14.1999 66 184 780
14.2495 63 183 779
14.2994 62 180 777
14.3493 60 176 780
14.3999 60 174 776
14.4499 58 173 778
14.4994 57 171 772
14.5497 55 167 771
14.5981 55 164 771
14.649 54 161 768
14.6985 54 159 771
14.7499 53 157 775
14.7999 51 157 770
14.8494 49 155 770
14.899 49 154 771
14.9497 48 147 772
14.9995 46 146 770
15.05 46 143 779
15.099 46 140 782
15.1499 46 136 783
15.1993 45 134 786
15.2491 41 132 787
15.2996 41 128 790
15.3499 41 128 787
15.3998 40 128 783
15.4491 39 128 783
15.4997 39 124 786
15.5494 36 124 787
15.5993 36 123 788
15.6495 35 120 786
15.6999 35 117 790
15.7496 34 117 792
15.7998 34 114 796
15.8499 31 111 793
15.8996 31 110 794
15.9493 30 109 797
15.9999 30 107 800
16.0487 30 106 801
16.0995 29 106 799
16.1498 27 101 802
16.1997 27 101 801
16.2479 25 101 802
16.2996 24 98 801
16.3499 24 97 796
16.3998 23 96 795
16.4497 19 94 796
16.5 19 93 793
16.5498 19 93 793
16.5993 19 93 801
16.6474 19 93 802
16.6996 19 91 806
16.7498 19 90 811
16.7994 16 86 807
16.8499 14 85 808
16.8981 14 85 808
16.9491 13 85 807
16.998 13 85 810
17.0498 13 83 810
17.0997 12 80 810
17.1466 12 78 807
17.1998 10 76 808
17.2499 10 74 812
17.2999 10 72 810
17.3497 10 72 811
17.3995 10 69 818
17.4492 10 68 813
17.4994 9 67 814
17.5499 9 65 817
17.5979 7 64 821
17.649 7 63 817
17.6999 7 63 817
17.7497 7 61 817
17.7996 6 59 817
17.8499 5 58 815
17.8994 5 57 818
17.9491 5 55 814
17.9996 5 55 807
18.0498 5 54 808
18.0987 5 53 808
18.1494 5 52 810
18.1999 4 52 810
18.2497 4 50 807
18.2993 4 50 805
18.3499 3 47 804
18.3987 3 47 808
18.4497 3 46 808
18.4998 3 45 805
18.5491 3 45 805
18.5998 2 45 801
18.6488 2 44 800
18.6998 2 43 800
18.7498 2 43 800
18.7999 1 42 801
18.8495 1 42 802
18.8995 1 42 802
18.9498 1 40 806
18.9992 1 38 804
19.0493 1 36 802
19.0996 1 34 802
19.1495 1 33 798
19.1999 1 32 797
19.25 1 32 793
19.3 1 30 791
19.3493 1 30 790
19.3989 1 29 789
19.4498 1 29 790
19.4966 1 29 792
19.5492 1 29 791
19.5996 1 28 787
19.6496 0 28 790
19.6995 0 27 793
19.7494 0 24 796
19.7976 0 24 793
19.8498 0 24 795
19.8996 0 24 793
19.9483 0 24 796
19.9996 0 23 801
20.0494 0 23 801
20.0992 0 23 802
20.1495 0 23 804
20.1986 0 23 805
20.2491 0 22 801
20.2999 0 21 807
20.3475 0 20 803
20.3985 0 20 810
20.4488 0 20 805
20.4984 0 20 803
20.5474 0 19 808
20.5998 0 19 813
20.6497 0 19 814
20.6997 0 19 815
20.7472 0 19 814
20.7997 0 18 813
20.8497 0 18 813
20.898 0 18 815
20.9496 0 18 813
20.9998 0 18 814
21.0499 0 18 812
21.0993 0 18 809
21.1497 0 18 807
21.1992 0 18 800
21.2497 0 18 796
21.2963 0 18 799
21.3492 0 18 790
21.3995 0 18 788
21.4487 0 18 795
21.498 0 18 800
21.5476 0 18 799
21.599 0 18 803
21.6496 0 18 802
21.6998 0 18 806
21.7495 0 18 803
21.7992 0 18 804
21.849 0 18 799
21.8993 0 18 801
21.95 0 18 800
21.9986 0 18 803
22.0461 0 18 802
22.0997 0 18 798
22.1499 0 18 798
22.1981 0 17 797
22.2491 0 17 797
22.2964 0 17 795
22.3498 0 17 795
22.3999 0 17 794
22.4475 0 17 795
22.4999 0 17 796
22.5484 0 17 799
22.5995 0 17 800
22.6493 0 17 798
22.6996 0 17 800
22.7491 0 17 801
22.7997 0 17 800
22.8493 0 17 798
22.8984 0 17 798
22.9494 0 17 797
22.9988 0 17 793
23.0495 0 17 795
23.0997 0 17 794
23.1486 0 17 791
23.1993 0 17 795
23.2495 0 17 794
23.2991 0 17 790
23.3498 0 17 790
23.3995 0 17 790
23.4466 0 17 788
23.4996 0 17 789
23.5491 0 17 790
23.5991 0 17 790
23.65 0 17 790
23.6999 0 17 791
23.7487 0 17 792
23.7998 0 17 793
23.8499 0 17 785
23.8986 0 17 784
23.9469 0 17 781
23.9997 0 17 783
24.0488 0 17 778
24.0989 0 17 776
24.1499 0 17 779
24.1995 0 17 776
24.2475 0 17 782
24.2996 0 17 783
24.3497 0 17 783
24.3992 0 17 784
24.4499 0 17 781
24.4981 0 17 782
24.5497 0 17 783
24.5992 0 17 786
24.6486 0 17 785
24.6997 0 17 785
24.7447 0 17 785
24.7992 0 17 786
24.8494 0 17 787
24.8997 0 17 778
24.9456 0 17 780
24.9987 0 17 787
25.0483 0 17 792
25.0984 0 17 793
25.1496 0 17 788
25.1998 0 17 787
25.2498 0 17 786
25.2992 0 17 787
25.348 0 17 785
25.3994 0 17 784
25.4486 0 17 785
25.4988 0 17 783
25.5485 0 17 787
25.5982 0 17 786
25.65 0 17 786
25.6994 0 17 785
25.7492 0 17 783
25.7999 0 17 784
25.85 0 17 787
25.9 0 17 784
25.9494 0 17 779
25.9976 0 17 777
26.0493 0 17 782
26.0995 0 17 776
26.1471 0 17 773
26.1998 0 17 775
26.2499 0 17 777
26.2995 0 17 776
26.3483 0 17 780
26.3992 0 17 781
26.4498 0 17 784
26.4978 0 17 783
26.5488 0 17 789
26.5997 0 17 785
26.6491 0 17 794
26.6993 0 17 794
26.7499 0 17 790
26.7989 0 17 792
26.85 0 17 792
26.8996 0 17 794
26.949 0 17 796
27 0 17 801
27.0492 0 17 799
27.0993 0 17 795
27.149 0 17 791
27.1996 0 17 791
27.2462 0 17 792
27.2974 0 17 796
27.3497 0 17 800
27.3998 0 17 805
27.445 0 17 802
27.498 0 17 803
27.55 0 17 801
27.5997 0 17 800
27.6497 0 17 803
27.6999 0 17 796
27.7498 0 17 797
27.7974 0 17 797
27.8498 0 17 795
27.8999 0 17 796
27.9494 0 17 793
27.9997 0 17 792
28.0484 0 17 799
28.0983 0 17 801
28.1494 0 17 795
28.1998 0 17 798
28.2491 0 17 805
28.2995 0 17 805
28.3495 0 17 804
28.3995 0 17 801
28.4484 0 17 804
28.4976 0 17 803
28.5492 0 17 803
28.5986 0 17 801
28.6492 0 17 800
28.6987 0 17 804
28.7499 0 17 807
28.7992 0 17 800
28.8495 0 17 793
28.8972 0 17 796
28.9499 0 17 792
28.9995 0 17 796
29.0494 0 17 797
29.1 0 17 797
29.1499 0 17 796
29.1993 0 17 796
29.2498 0 17 797
29.2995 0 17 798
29.35 0 17 795
29.3998 0 17 796
29.449 0 17 796
29.4951 0 17 797
29.5483 0 17 795
29.5991 0 17 795
29.6488 0 17 795
29.6992 0 17 801
29.7494 0 17 801
29.799 0 17 798
29.8497 0 17 800
29.8999 0 17 796
29.9481 0 17 794
29.9995 0 17 798
30.0492 0 17 798
30.0979 0 17 798
30.1479 0 17 798
30.198 0 17 798
30.2499 0 17 802
30.2984 0 17 805
30.3499 0 17 803
30.3979 0 17 798
30.4495 0 17 803
30.4992 0 17 806
30.547 0 17 809
30.5996 0 17 808
30.6498 0 17 805
30.6982 0 17 806
30.747 0 17 808
30.8 0 17 808
30.8494 0 17 805
30.8991 0 17 803
30.9493 0 17 798
30.9992 0 17 800
31.0499 0 17 791
31.0985 0 17 794
31.1484 0 17 792
31.1988 0 17 789
31.2499 0 17 786
31.2952 0 17 779
31.349 0 17 779
31.399 0 17 778
31.4493 0 17 775
31.4988 0 17 776
31.5491 0 17 776
31.5974 0 17 778
31.6497 0 17 780
31.7 0 17 785
31.7495 0 17 786
31.7998 0 17 785
31.8494 0 17 788
31.8994 0 17 783
31.9495 0 17 783
31.9976 0 17 786
32.0499 0 17 789
32.0994 0 17 788
32.1496 0 17 791
32.1995 0 17 792
32.2476 0 17 791
32.298 0 17 789
32.348 0 17 788
32.3987 0 17 794
32.4473 0 17 791
32.4995 0 17 788
32.5484 0 17 793
32.5993 0 17 791
32.6496 0 17 791
32.6982 0 17 794
32.7476 0 17 795
32.7978 0 17 794
32.8495 0 17 793
32.8964 0 17 794
32.9485 0 17 794
32.9991 0 17 792
33.0487 0 17 789
33.0989 0 17 790
33.1495 0 17 784
33.1969 0 17 784
33.2497 0 17 789
33.2996 0 17 787
33.3488 0 17 788
33.3989 0 17 788
33.4497 0 17 788
33.4995 0 17 791
33.5499 0 17 793
33.5994 0 17 795
33.6491 0 17 797
33.6992 0 17 798
33.7469 0 17 799
33.7996 0 17 800
33.8492 0 17 803
33.8997 0 17 797
33.9491 0 17 798
33.9991 0 17 802
34.0451 0 17 799
34.0996 0 17 794
34.1484 0 17 796
34.1973 0 17 798
34.248 0 17 796
34.2982 0 17 797
34.3491 0 17 798
34.3995 0 17 797
34.4495 0 17 796
34.4998 0 17 797
34.5476 0 17 803
34.5994 0 17 808
34.6491 0 17 809
34.6983 0 17 806
34.7496 0 17 802
34.7968 0 17 800
34.8471 0 17 803
34.8988 0 17 800
34.95 0 17 804
34.9988 0 17 800
35.046 0 17 799
35.0998 0 17 805
35.1496 0 17 804
35.1988 0 17 807
35.249 0 17 807
35.2981 0 17 810
35.3482 0 17 813
35.3974 0 17 810
35.4494 0 17 805
35.4992 0 17 804
35.5485 0 17 803
35.5969 0 17 811
35.6496 0 17 810
35.6994 0 17 810
35.7494 0 17 812
35.7996 0 17 808
35.8482 0 17 806
35.8991 0 17 803
35.9486 0 17 805
35.9993 0 17 803
36.0498 0 17 799
36.1 0 17 800
36.1494 0 17 797
36.1981 0 17 797
36.249 0 17 794
36.2959 0 17 793
36.3498 0 17 791
36.3996 0 17 788
36.4492 0 17 790
36.4996 0 17 789
36.5498 0 17 783
36.5997 0 17 789
36.648 0 17 787
36.695 0 17 788
36.75 0 17 789
36.7976 0 17 785
36.8492 0 17 782
36.899 0 17 781
36.9483 0 17 781
36.9998 0 17 783
37.0474 0 17 784
37.0995 0 17 791
37.1494 0 17 792
37.1988 0 17 794
37.249 0 17 793
37.3 0 17 800
37.3487 0 17 800
37.3998 0 17 805
37.4492 0 17 809
37.4991 0 17 813
37.5491 0 17 813
37.5995 0 17 820
37.6482 0 17 821
37.6978 0 17 821
37.7478 0 17 817
37.7995 0 17 823
37.8489 0 17 821
37.8988 0 17 819
37.9487 0 17 817
37.9996 0 17 814
38.0499 0 17 804
38.098 0 17 802
38.1477 0 17 801
38.1963 0 17 798
38.25 0 17 796
38.2982 0 17 796
38.3494 0 17 795
38.3987 0 17 796
38.4483 0 17 796
38.4994 0 17 796
38.5498 0 17 794
38.5982 0 17 795
38.6485 0 17 792
38.6992 0 17 793
38.7494 0 17 791
38.7997 0 17 799
38.8478 0 17 802
38.8984 0 17 804
38.9491 0 17 807
38.9989 0 17 808
39.0496 0 17 808
39.0997 0 17 804
39.1493 0 17 808
39.199 0 17 805
39.2496 0 17 807
39.2984 0 17 806
39.3496 0 17 805
39.3983 0 17 803
39.4494 0 17 808
39.4998 0 17 808
39.5483 0 17 808
39.5987 0 17 811
39.6497 0 17 811
39.6996 0 17 809
39.7499 0 17 810
39.7961 0 17 809
39.8492 0 17 811
39.8988 0 17 807
39.9483 0 17 805
39.9998 0 17 807
40.0493 0 17 811
40.0961 0 17 807
40.144 0 17 809
40.1971 0 17 802
40.2491 0 17 800
40.2992 0 17 801
40.3481 0 17 801
40.399 0 17 794
40.45 0 17 795
40.4999 0 17 797
40.549 0 17 797
40.5995 0 17 800
40.6497 0 17 810
40.6961 0 17 811
40.7499 0 17 813
40.7981 0 17 818
40.8493 0 17 817
40.8994 0 17 815
40.9495 0 17 812
40.9999 0 17 813
41.0495 0 17 813
41.0966 0 17 812
41.1468 0 17 806
41.2 0 17 809
41.248 0 17 811
41.2934 0 17 808
41.349 0 17 808
41.3998 0 17 807
41.4489 0 17 803
41.4992 0 17 801
41.547 0 17 800
41.5999 0 17 801
41.6494 0 17 802
41.6999 0 17 806
41.7478 0 17 810
41.7998 0 17 811
41.8472 0 17 810
41.8996 0 17 807
41.9496 0 17 811
41.9998 0 17 813
42.0491 0 17 814
42.098 0 17 815
42.1496 0 17 815
42.1998 0 17 809
42.2489 0 17 807
42.3 0 17 809
42.3495 0 17 806
42.3999 0 17 804
42.4492 0 17 805
42.4986 0 17 803
42.5488 0 17 799
42.5991 0 17 796
42.6494 0 17 795
42.6999 0 17 798
42.7499 0 17 794
42.7992 0 17 801
42.8496 0 17 802
42.8996 0 17 801
42.9491 0 17 798
43 0 17 792
43.0496 0 17 796
43.0997 0 17 789
43.1471 0 17 786
43.198 0 17 791
43.2499 0 17 793
43.298 0 17 796
43.3493 0 17 804
43.3982 0 17 805
43.4494 0 17 803
43.4997 0 17 805
43.5498 0 17 801
43.5994 0 17 801
43.6498 0 17 800
43.7 0 17 799
43.7484 0 17 794
43.7989 0 17 793
43.8495 0 17 792
43.8966 0 17 792
43.9478 0 17 791
43.9998 0 17 791
44.0484 0 17 792
44.099 0 17 793
44.1492 0 17 792
44.1987 0 17 790
44.2494 0 17 787
44.2997 0 17 786
44.3463 0 17 791
44.3988 0 17 794
44.4478 0 17 796
44.4998 0 17 793
44.5496 0 17 795
44.5998 0 17 793
44.6493 0 17 798
44.6984 0 17 801
44.7449 0 17 798
44.7955 0 17 790
44.8496 0 17 790
44.8989 0 17 785
44.9494 0 17 785
44.9996 0 17 787
45.0428 0 17 789
45.0987 0 17 787
45.149 0 17 788
45.1992 0 17 785
45.2499 0 17 780
45.2988 0 17 783
45.3485 0 17 781
45.3994 0 17 786
45.4477 0 17 785
45.4997 0 17 780
45.5471 0 17 779
45.595 0 17 784
45.6484 0 17 790
45.6996 0 17 792
45.75 0 17 794
45.7997 0 17 790
45.8497 0 17 788
45.8993 0 17 791
45.9495 0 17 791
45.9965 0 17 793
46.0487 0 17 789
46.0997 0 17 787
46.1491 0 17 785
46.1986 0 17 786
46.2496 0 17 787
46.2996 0 17 788
46.3482 0 17 782
46.4 0 17 783
46.4484 0 17 787
46.4991 0 17 788
46.5494 0 17 792
46.5999 0 17 800
46.6496 0 17 798
46.7 0 17 786
46.7498 0 17 787
46.7999 0 17 783
46.8479 0 17 773
46.8998 0 17 773
46.9496 0 17 776
46.9984 0 17 779
47.0482 0 17 778
47.0995 0 17 776
47.1493 0 17 773
47.1997 0 17 779
47.2489 0 17 781
47.2997 0 17 785
47.3498 0 17 784
47.399 0 17 784
47.4492 0 17 785
47.4997 0 17 788
47.5493 0 17 786
47.5987 0 17 787
47.6482 0 17 788
47.6997 0 17 786
47.75 0 17 779
47.7996 0 17 775
47.8496 0 17 775
47.8983 0 17 776
47.95 0 17 773
48 0 17 778
48.0489 0 17 779
48.0999 0 17 773
48.1497 0 17 777
48.1996 0 17 779
48.2495 0 17 781
48.2992 0 17 780
48.35 0 17 778
48.3993 0 17 781
48.4492 0 17 778
48.4967 0 17 781
48.5497 0 17 784
48.5996 0 17 784
48.649 0 17 785
48.6999 0 17 787
48.75 0 17 787
48.8 0 17 778
48.8472 0 17 782
48.8999 0 17 783
48.9488 0 17 777
48.9988 0 17 780
49.0495 0 17 789
49.0995 0 17 787
49.149 0 17 790
49.1998 0 17 790
49.25 0 17 793
49.2969 0 17 792
49.3497 0 17 792
49.3966 0 17 792
49.4493 0 17 795
49.4975 0 17 799
49.5494 0 17 796
49.5993 0 17 790
49.6483 0 17 789
49.6998 0 17 789
49.7495 0 17 790
49.7995 0 17 788
49.8492 0 17 788
49.8987 0 17 788
49.9499 0 17 783
49.999 0 17 784
50.0003 0 17 784
