0.0497944 988 1 16
0.099791 981 2 27
0.149953 972 3 43
0.199966 965 3 52
0.249831 957 8 69
0.299464 953 10 83
0.349937 944 17 91
0.399987 935 21 98
0.449797 929 22 112
0.499946 922 27 118
0.548382 912 32 126
0.599556 904 41 137
0.649986 899 44 148
0.6999 891 53 154
0.749888 883 62 168
0.799967 873 67 174
0.849732 862 72 182
0.899158 854 78 186
0.949894 850 85 197
0.999966 846 87 203
1.0493 843 88 210
1.09997 832 90 212
1.14994 827 99 218
1.19978 822 100 224
1.24969 816 104 231
1.29973 811 108 238
1.34963 808 112 245
1.39919 803 114 246
1.44977 801 120 248
1.49993 796 124 254
1.54999 793 126 262
1.5999 784 128 266
1.64994 781 128 274
1.69968 776 136 278
1.74994 768 140 280
1.79987 762 142 282
1.84988 757 143 288
1.89989 756 149 287
1.94955 751 152 287
1.99926 743 154 288
2.04997 741 157 295
2.09989 736 161 297
2.1496 732 164 297
2.19987 726 172 303
2.24991 719 178 308
2.29996 716 183 309
2.34961 711 185 315
2.39994 710 187 311
2.44939 704 189 310
2.49995 701 194 317
2.54964 694 195 317
2.5998 692 204 322
2.64997 689 205 329
2.6995 681 210 337
2.7498 673 215 341
2.79999 670 223 341
2.84968 665 233 345
2.89971 664 244 341
2.9499 654 245 345
2.99999 647 248 352
3.04987 640 256 361
3.0994 634 265 364
3.14958 632 275 362
3.19956 630 274 362
3.24998 627 281 361
3.29994 626 285 365
3.34985 622 293 363
3.39998 618 296 366
3.44857 613 301 360
3.49979 611 305 372
3.54941 606 312 372
3.59981 605 313 373
3.64953 602 317 379
3.69982 599 322 382
3.74996 594 329 384
3.79943 589 333 380
3.8498 584 337 380
3.89993 583 334 384
3.94995 578 340 393
3.99995 572 344 398
4.05 568 349 396
4.09983 565 354 393
4.14999 560 353 398
4.19985 558 357 402
4.24996 558 356 406
4.29964 554 355 416
4.34999 551 357 412
4.39966 550 360 411
4.44999 544 362 419
4.4999 544 364 423
4.54985 540 367 425
4.59999 536 369 421
4.64984 534 374 427
4.6999 531 375 434
4.74971 531 374 439
4.79967 530 373 436
4.84992 527 373 435
4.89964 523 375 438
4.94981 519 379 438
4.99985 515 387 440
5.04958 511 385 436
5.09993 508 392 437
5.14995 505 395 437
5.19973 499 396 438
5.249 496 396 441
5.29989 492 395 446
5.34979 488 395 447
5.39977 483 399 449
5.44981 480 400 450
5.49939 477 403 448
5.5499 472 406 451
5.59974 471 406 452
5.64979 468 407 454
5.69986 463 409 455
5.7494 461 414 457
5.7995 456 416 461
5.84976 454 416 467
5.89909 452 414 473
5.94995 448 409 471
5.99987 445 408 474
6.04999 443 408 477
6.0995 443 406 482
6.14931 437 408 481
6.19977 431 406 483
6.24986 428 408 493
6.29991 426 409 492
6.34986 424 411 495
6.39973 421 412 496
6.44895 414 410 498
6.49993 409 413 501
6.54931 404 412 509
6.59962 400 414 513
6.64996 399 413 516
6.69944 398 411 517
6.74988 397 410 516
6.79966 393 405 519
6.84953 390 406 517
6.89993 385 405 522
6.9499 377 404 523
6.99997 377 405 525
7.04886 373 405 530
7.09998 372 407 531
7.14998 369 411 539
7.19993 365 410 544
7.24967 359 409 546
7.29994 357 407 551
7.34966 352 404 553
7.39959 350 401 555
7.44988 346 401 558
7.49995 340 402 558
7.54988 338 400 558
7.59988 334 400 563
7.64982 332 396 563
7.69964 331 395 572
7.74984 330 395 575
7.79959 326 392 572
7.84918 326 392 579
7.89978 321 394 579
7.94962 320 395 583
7.999 318 393 588
8.0497 315 391 591
8.09977 312 390 593
8.1488 309 387 597
8.19974 305 388 600
8.24933 301 386 600
8.29975 297 384 599
8.34851 294 381 606
8.39926 293 380 609
8.44961 288 378 606
8.49993 288 376 619
8.54979 281 373 627
8.5999 278 369 633
8.64921 275 366 635
8.69903 273 368 634
8.74985 269 367 646
8.79988 266 365 650
8.84964 262 362 653
8.89976 259 359 656
8.94983 256 356 653
8.99987 253 356 655
9.04992 250 356 661
9.09989 249 356 668
9.14859 246 355 673
9.19861 246 354 675
9.24997 241 349 673
9.29925 240 347 676
9.34978 237 343 677
9.3977 236 342 682
9.44939 235 341 687
9.49976 230 340 695
9.54874 226 336 696
9.59956 222 335 693
9.6496 220 335 697
9.6999 217 329 697
9.7488 215 328 702
9.79929 212 329 703
9.84987 210 328 702
9.89988 207 324 709
9.94929 207 325 715
9.9996 207 323 713
10.0498 205 318 713
10.0999 204 315 715
10.1497 200 313 715
10.1998 199 312 719
10.25 194 310 713
10.2988 191 310 717
10.35 188 309 718
10.4 186 307 716
10.4497 183 306 715
10.4984 182 305 720
10.5499 179 302 721
10.5994 177 302 733
10.6497 175 302 738
10.7 174 299 741
10.7491 167 299 744
10.7997 164 297 746
10.8474 162 296 739
10.8972 160 294 742
10.9496 160 292 741
10.9998 155 289 746
11.0499 152 285 752
11.0999 149 281 756
11.1499 146 281 759
11.1998 143 279 759
11.2492 142 277 764
11.299 137 274 765
11.3496 135 272 765
11.3998 135 269 768
11.4498 133 269 769
11.4989 133 267 769
11.5494 133 263 774
11.5999 131 262 774
11.6494 131 259 771
11.6995 129 259 769
11.7499 128 259 766
11.7995 125 253 766
11.8495 123 252 770
11.8998 121 251 769
11.9499 120 249 771
11.9999 119 243 774
12.0499 117 240 778
12.0998 117 239 776
12.1498 117 237 779
12.1996 115 236 777
12.2497 114 231 779
12.2993 113 227 780
12.3496 112 225 783
12.3999 112 223 781
12.4493 111 223 780
12.4993 109 222 786
12.5497 107 218 787
12.5999 106 215 786
12.6471 102 212 786
12.6998 101 210 785
12.7497 97 207 785
12.7989 97 206 791
12.8499 96 206 791
12.8994 95 206 793
12.9498 93 203 792
12.9998 92 200 789
13.0497 88 199 788
13.0996 87 197 785
13.1497 85 195 777
13.1991 83 194 780
13.2499 81 192 781
13.2995 81 187 791
13.35 78 185 796
13.3996 77 180 795
13.4491 75 176 792
13.5 74 174 797
13.5473 73 173 793
13.5996 71 173 793
13.65 69 172 792
13.6996 68 171 790
13.7498 66 169 786
13.7996 66 167 785
13.8495 66 166 788
13.8996 66 166 789
13.949 65 165 786
13.9985 63 162 784
14.0499 61 158 787
14.0998 61 156 791
14.1499 59 153 796
14.1995 58 147 795
14.2499 57 144 794
14.2991 56 142 795
14.3497 55 141 797
14.4 53 140 795
14.4498 52 138 792
14.4984 52 135 792
14.5499 51 135 788
14.5995 50 135 790
14.6494 49 133 789
14.6998 49 129 786
14.7494 46 124 791
14.7998 44 121 794
14.8492 43 120 793
14.8997 42 118 788
14.9499 41 115 785
15 41 111 784
15.0478 39 110 783
15.0993 39 108 789
15.1495 39 106 791
15.199 38 105 793
15.2499 36 105 785
15.2999 36 105 783
15.3484 35 104 779
15.3993 35 103 782
15.4476 35 102 783
15.4998 34 100 783
15.55 34 97 783
15.5992 34 94 784
15.6495 34 94 786
15.6994 32 93 787
15.7483 32 90 787
15.7997 31 89 787
15.8497 31 86 788
15.8996 28 83 785
15.9491 27 83 787
15.999 27 79 789
16.0489 27 78 788
16.0989 26 77 792
16.1497 26 77 791
16.1999 26 77 796
16.2485 26 75 799
16.2998 26 75 800
16.3497 25 71 795
16.3996 24 68 791
16.4499 23 68 788
16.4998 22 67 791
16.55 20 67 798
16.5996 17 67 791
16.6496 16 66 789
16.7 15 64 786
16.7492 12 64 782
16.7998 12 61 786
16.8499 11 59 787
16.8996 10 59 785
16.9497 10 55 783
16.9992 10 53 783
17.0498 10 52 785
17.1 10 51 785
17.1497 10 50 785
17.1994 10 48 786
17.2499 9 48 784
17.2997 9 47 782
17.3499 8 45 787
17.3999 8 44 788
17.4498 7 44 785
17.4998 7 40 789
17.549 7 39 789
17.5998 7 39 793
17.6497 7 39 792
17.7 6 36 794
17.7497 5 36 800
17.7999 4 35 804
17.8488 3 35 805
17.899 3 35 801
17.9487 3 34 801
17.9999 3 34 802
18.05 3 33 801
18.0987 3 33 801
18.1489 2 31 804
18.1994 2 31 805
18.2497 2 30 809
18.2999 2 29 809
18.3495 2 29 807
18.3999 2 28 807
18.4485 2 28 808
18.4999 2 28 804
18.5499 1 26 800
18.5993 1 26 802
18.6489 1 24 805
18.6986 1 23 808
18.7484 1 23 804
18.7998 1 23 803
18.8499 0 23 796
18.8993 0 23 796
18.9498 0 21 796
18.9982 0 20 802
19.0484 0 19 803
19.1 0 19 805
19.1498 0 19 802
19.1941 0 19 802
19.2494 0 19 796
19.2978 0 19 799
19.3498 0 19 800
19.3995 0 19 799
19.449 0 19 801
19.4997 0 19 802
19.5486 0 19 806
19.5993 0 18 804
19.6496 0 18 803
19.699 0 18 808
19.7496 0 18 805
19.7998 0 18 801
19.85 0 18 802
19.8994 0 18 801
19.9486 0 18 805
19.9997 0 18 801
20.0496 0 18 802
20.0988 0 18 801
20.1491 0 18 797
20.1994 0 18 797
20.2499 0 18 796
20.2997 0 18 799
20.3477 0 18 796
20.3992 0 18 797
20.4498 0 18 799
20.4991 0 18 803
20.5498 0 18 796
20.5994 0 18 803
20.6497 0 18 807
20.6991 0 17 807
20.7498 0 17 804
20.7997 0 17 810
20.8499 0 17 803
20.8995 0 17 804
20.9486 0 17 805
20.9998 0 17 805
21.0496 0 17 800
21.0992 0 17 798
21.1495 0 17 799
21.1988 0 17 798
21.2499 0 17 800
21.2996 0 17 799
21.3499 0 17 800
21.3998 0 17 795
21.4499 0 17 795
21.4984 0 17 791
21.5499 0 17 796
21.5989 0 17 798
21.6488 0 17 798
21.6974 0 17 801
21.749 0 17 801
21.7999 0 17 803
21.85 0 17 805
21.8962 0 17 807
21.9448 0 17 805
21.9999 0 17 803
22.0498 0 17 807
22.0997 0 17 807
22.149 0 17 807
22.1999 0 17 806
22.2495 0 17 800
22.2994 0 17 807
22.348 0 17 811
22.3984 0 17 815
22.45 0 17 813
22.4997 0 17 815
22.55 0 17 812
22.5971 0 17 812
22.6486 0 17 812
22.7 0 17 812
22.749 0 17 811
22.7999 0 17 814
22.8498 0 17 808
22.8984 0 17 811
22.9478 0 17 813
22.9986 0 17 812
23.0476 0 17 814
23.0997 0 17 811
23.1485 0 17 814
23.1999 0 17 819
23.2485 0 17 819
23.2991 0 17 820
23.3499 0 17 815
23.3985 0 17 811
23.4494 0 17 812
23.4996 0 17 812
23.5496 0 17 811
23.5969 0 17 814
23.6496 0 17 815
23.6988 0 17 816
23.7489 0 17 811
23.7992 0 17 812
23.8496 0 17 812
23.899 0 17 811
23.9493 0 17 815
23.9997 0 17 815
24.0499 0 17 818
24.0992 0 17 818
24.1495 0 17 816
24.1957 0 17 814
24.2474 0 17 811
24.2992 0 17 810
24.3475 0 17 808
24.3965 0 17 805
24.4495 0 17 803
24.4996 0 17 808
24.5479 0 17 808
24.5991 0 17 809
24.6494 0 17 804
24.7 0 17 804
24.7479 0 17 805
24.7993 0 17 806
24.8487 0 17 802
24.8999 0 17 797
24.9487 0 17 800
24.9989 0 17 800
25.0489 0 17 800
25.0997 0 17 800
25.1499 0 17 801
25.1994 0 17 799
25.2494 0 17 804
25.2987 0 17 804
25.3488 0 17 806
25.3993 0 17 807
25.4479 0 17 809
25.4972 0 17 810
25.549 0 17 812
25.597 0 17 809
25.6492 0 17 811
25.699 0 17 810
25.7494 0 17 810
25.7986 0 17 812
25.85 0 17 815
25.897 0 17 814
25.95 0 17 818
25.9998 0 17 813
26.0497 0 17 808
26.0992 0 17 811
26.1493 0 17 817
26.1989 0 17 820
26.249 0 17 820
26.2997 0 17 817
26.3489 0 17 814
26.4 0 17 817
26.4484 0 17 815
26.5 0 17 818
26.5472 0 17 815
26.5994 0 17 818
26.6497 0 17 819
26.6999 0 17 821
26.7489 0 17 824
26.7989 0 17 824
26.8499 0 17 821
26.8996 0 17 821
26.9497 0 17 823
26.9991 0 17 824
27.0468 0 17 817
27.0978 0 17 815
27.1481 0 17 813
27.1999 0 17 815
27.2499 0 17 820
27.2999 0 17 821
27.3499 0 17 824
27.3986 0 17 824
27.4494 0 17 818
27.4994 0 17 820
27.5499 0 17 819
27.5999 0 17 820
27.6497 0 17 818
27.6996 0 17 815
27.7486 0 17 816
27.7997 0 17 812
27.8492 0 17 806
27.8958 0 17 802
27.9496 0 17 800
27.9982 0 17 806
28.0496 0 17 805
28.099 0 17 802
28.1479 0 17 806
28.1984 0 17 805
28.2493 0 17 800
28.2983 0 17 808
28.3491 0 17 802
28.3987 0 17 802
28.4488 0 17 803
28.4997 0 17 805
28.5497 0 17 812
28.5999 0 17 808
28.6486 0 17 807
28.6996 0 17 801
28.7434 0 17 802
28.7987 0 17 799
28.8498 0 17 798
28.8984 0 17 796
28.9491 0 17 793
28.9997 0 17 795
29.0481 0 17 791
29.1 0 17 795
29.1488 0 17 793
29.1996 0 17 794
29.2493 0 17 795
29.2977 0 17 798
29.3488 0 17 799
29.3985 0 17 799
29.4489 0 17 802
29.4994 0 17 801
29.5474 0 17 800
29.5994 0 17 801
29.6492 0 17 802
29.6995 0 17 799
29.7488 0 17 800
29.7984 0 17 801
29.8479 0 17 800
29.8979 0 17 803
29.95 0 17 803
29.9999 0 17 805
30.05 0 17 808
30.0992 0 17 812
30.1484 0 17 814
30.1999 0 17 810
30.2498 0 17 811
30.2992 0 17 812
30.3481 0 17 811
30.3996 0 17 809
30.449 0 17 810
30.4995 0 17 813
30.549 0 17 809
30.6 0 17 811
30.6493 0 17 812
30.6998 0 17 808
30.749 0 17 805
30.7988 0 17 803
30.8467 0 17 801
30.8993 0 17 798
30.949 0 17 800
30.9995 0 17 795
31.0485 0 17 786
31.0999 0 17 785
31.1499 0 17 785
31.1993 0 17 792
31.2499 0 17 793
31.2955 0 17 794
31.35 0 17 798
31.3981 0 17 795
31.4478 0 17 794
31.4997 0 17 790
31.5499 0 17 793
31.5985 0 17 800
31.6495 0 17 808
31.6995 0 17 813
31.7482 0 17 812
31.7993 0 17 816
31.8498 0 17 815
31.8991 0 17 816
31.9493 0 17 813
31.9993 0 17 819
32.0498 0 17 816
32.0989 0 17 814
32.1493 0 17 814
32.1999 0 17 818
32.2493 0 17 813
32.2996 0 17 814
32.349 0 17 810
32.3998 0 17 810
32.4486 0 17 808
32.4998 0 17 809
32.5486 0 17 806
32.5982 0 17 809
32.648 0 17 806
32.6989 0 17 810
32.7489 0 17 814
32.7988 0 17 808
32.848 0 17 808
32.899 0 17 808
32.9496 0 17 815
32.9998 0 17 813
33.0478 0 17 809
33.0991 0 17 808
33.147 0 17 809
33.1986 0 17 807
33.2488 0 17 809
33.2982 0 17 806
33.3499 0 17 798
33.3997 0 17 806
33.45 0 17 803
33.4998 0 17 809
33.5488 0 17 815
33.5999 0 17 811
33.6498 0 17 808
33.6987 0 17 809
33.7486 0 17 808
33.7995 0 17 805
33.8496 0 17 802
33.8988 0 17 802
33.9492 0 17 803
33.9996 0 17 803
34.0491 0 17 801
34.0998 0 17 801
34.1499 0 17 798
34.197 0 17 794
34.2497 0 17 794
34.2974 0 17 796
34.3497 0 17 800
34.4 0 17 802
34.4494 0 17 800
34.4987 0 17 793
34.5453 0 17 793
34.5998 0 17 791
34.6497 0 17 791
34.6983 0 17 794
34.7495 0 17 788
34.7995 0 17 783
34.8486 0 17 783
34.899 0 17 786
34.9494 0 17 789
34.9958 0 17 791
35.0477 0 17 789
35.1 0 17 782
35.1496 0 17 779
35.198 0 17 785
35.2498 0 17 784
35.2993 0 17 791
35.3484 0 17 793
35.3997 0 17 793
35.4499 0 17 797
35.4969 0 17 797
35.5492 0 17 800
35.5984 0 17 798
35.6491 0 17 799
35.6977 0 17 794
35.7496 0 17 793
35.7974 0 17 797
35.8492 0 17 802
35.8997 0 17 803
35.9492 0 17 811
35.9955 0 17 811
36.0466 0 17 814
36.0991 0 17 813
36.1497 0 17 811
36.198 0 17 813
36.2498 0 17 810
36.2993 0 17 812
36.3433 0 17 811
36.3984 0 17 806
36.4495 0 17 806
36.4996 0 17 805
36.5477 0 17 806
36.5989 0 17 802
36.6473 0 17 797
36.6998 0 17 799
36.7497 0 17 798
36.7995 0 17 797
36.846 0 17 798
36.8997 0 17 797
36.9481 0 17 798
36.9997 0 17 790
37.047 0 17 790
37.1 0 17 788
37.1454 0 17 793
37.1991 0 17 796
37.2461 0 17 799
37.2991 0 17 797
37.348 0 17 794
37.3971 0 17 802
37.4495 0 17 801
37.4995 0 17 805
37.5485 0 17 798
37.5997 0 17 802
37.6458 0 17 802
37.6993 0 17 804
37.7492 0 17 806
37.7975 0 17 809
37.8496 0 17 809
37.8985 0 17 806
37.9488 0 17 801
37.9995 0 17 799
38.0479 0 17 801
38.0999 0 17 801
38.1468 0 17 801
38.1977 0 17 802
38.25 0 17 797
38.2997 0 17 794
38.3489 0 17 793
38.3977 0 17 793
38.4496 0 17 791
38.4985 0 17 791
38.5483 0 17 796
38.5998 0 17 794
38.6494 0 17 792
38.6985 0 17 793
38.7494 0 17 790
38.7979 0 17 787
38.8496 0 17 786
38.8989 0 17 787
38.9494 0 17 788
38.9996 0 17 790
39.0495 0 17 791
39.0998 0 17 795
39.1492 0 17 793
39.1991 0 17 795
39.248 0 17 797
39.2994 0 17 802
39.3496 0 17 800
39.3973 0 17 796
39.4499 0 17 800
39.4996 0 17 799
39.5497 0 17 800
39.5997 0 17 794
39.65 0 17 793
39.6976 0 17 784
39.7494 0 17 789
39.7976 0 17 795
39.8497 0 17 794
39.8997 0 17 797
39.95 0 17 795
39.9968 0 17 796
40.0497 0 17 801
40.0999 0 17 802
40.1496 0 17 801
40.1996 0 17 800
40.2495 0 17 801
40.2992 0 17 798
40.3488 0 17 797
40.3999 0 17 793
40.4495 0 17 793
40.4999 0 17 794
40.5493 0 17 791
40.5985 0 17 792
40.6499 0 17 792
40.6989 0 17 792
40.7454 0 17 788
40.799 0 17 790
40.8473 0 17 795
40.8986 0 17 801
40.9494 0 17 804
40.9997 0 17 806
41.0481 0 17 804
41.0996 0 17 804
41.1496 0 17 800
41.1996 0 17 804
41.2488 0 17 803
41.2998 0 17 802
41.3499 0 17 793
41.4 0 17 795
41.4489 0 17 796
41.4973 0 17 792
41.5498 0 17 786
41.5997 0 17 791
41.6483 0 17 788
41.6991 0 17 793
41.7472 0 17 793
41.7996 0 17 793
41.8492 0 17 791
41.8997 0 17 789
41.9485 0 17 792
41.9978 0 17 789
42.0494 0 17 792
42.0993 0 17 782
42.1479 0 17 779
42.1984 0 17 781
42.2469 0 17 783
42.2989 0 17 778
42.3478 0 17 777
42.3996 0 17 781
42.4456 0 17 783
42.4988 0 17 787
42.5488 0 17 783
42.598 0 17 781
42.6491 0 17 789
42.6991 0 17 789
42.749 0 17 796
42.799 0 17 797
42.8489 0 17 798
42.8998 0 17 799
42.9498 0 17 794
42.9997 0 17 794
43.0488 0 17 800
43.0997 0 17 805
43.1497 0 17 804
43.1997 0 17 796
43.2496 0 17 799
43.2989 0 17 796
43.3487 0 17 802
43.3994 0 17 799
43.4498 0 17 800
43.4981 0 17 801
43.5493 0 17 804
43.5997 0 17 806
43.6499 0 17 806
43.6997 0 17 802
43.7497 0 17 803
43.7988 0 17 807
43.8498 0 17 805
43.8997 0 17 806
43.9499 0 17 805
43.9988 0 17 802
44.0495 0 17 798
44.0971 0 17 791
44.1499 0 17 791
44.1998 0 17 792
44.2497 0 17 793
44.2966 0 17 791
44.3485 0 17 790
44.3967 0 17 796
44.4496 0 17 797
44.4989 0 17 793
44.5472 0 17 791
44.6 0 17 797
44.6496 0 17 805
44.6996 0 17 809
44.7481 0 17 802
44.7995 0 17 803
44.8482 0 17 802
44.8991 0 17 803
44.9496 0 17 798
44.9986 0 17 795
45.0484 0 17 802
45.0997 0 17 800
45.1497 0 17 803
45.1987 0 17 805
45.2495 0 17 804
45.2998 0 17 808
45.3498 0 17 811
45.3999 0 17 812
45.4491 0 17 805
45.4983 0 17 805
45.5489 0 17 806
45.5998 0 17 811
45.6496 0 17 813
45.6998 0 17 812
45.7495 0 17 805
45.7991 0 17 800
45.8496 0 17 798
45.8997 0 17 798
45.9493 0 17 797
45.9994 0 17 798
46.0492 0 17 801
46.0995 0 17 802
46.1487 0 17 805
46.1977 0 17 803
46.2496 0 17 803
46.2999 0 17 808
46.3499 0 17 817
46.3977 0 17 810
46.4497 0 17 806
46.4988 0 17 806
46.5499 0 17 812
46.5984 0 17 816
46.6463 0 17 816
46.6993 0 17 818
46.7495 0 17 824
46.7985 0 17 821
46.8494 0 17 822
46.8997 0 17 819
46.9498 0 17 821
46.9994 0 17 817
47.049 0 17 807
47.0991 0 17 805
47.1499 0 17 807
47.1996 0 17 807
47.2491 0 17 806
47.3 0 17 806
47.3485 0 17 810
47.4 0 17 810
47.4493 0 17 812
47.4996 0 17 811
47.549 0 17 810
47.5996 0 17 812
47.6484 0 17 814
47.6999 0 17 812
47.7476 0 17 812
47.7984 0 17 813
47.8491 0 17 814
47.8992 0 17 817
47.9494 0 17 813
47.9988 0 17 807
48.0499 0 17 804
48.0999 0 17 807
48.15 0 17 807
48.1978 0 17 806
48.2487 0 17 807
48.2989 0 17 808
48.3498 0 17 813
48.3996 0 17 813
48.4495 0 17 815
48.4989 0 17 811
48.5497 0 17 805
48.5997 0 17 807
48.6491 0 17 799
48.6992 0 17 802
48.7482 0 17 799
48.7998 0 17 803
48.8472 0 17 799
48.8988 0 17 804
48.9496 0 17 811
48.9989 0 17 814
49.0462 0 17 810
49.0982 0 17 812
49.1492 0 17 812
49.1995 0 17 812
49.2499 0 17 812
49.2999 0 17 812
49.3498 0 17 807
49.399 0 17 809
49.4498 0 17 808
49.4995 0 17 806
49.5496 0 17 802
49.5996 0 17 804
49.6495 0 17 806
49.6992 0 17 807
49.7497 0 17 804
49.7987 0 17 808
49.8477 0 17 801
49.897 0 17 805
49.9437 0 17 803
49.9996 0 17 805
50.0011 0 17 805
