0.0498478 993 0 17
0.0994773 984 0 30
0.149975 973 1 40
0.199702 967 1 55
0.249928 963 2 67
0.299846 954 5 82
0.349126 948 9 92
0.399159 939 13 102
0.449965 929 15 107
0.499951 924 22 118
0.549889 917 32 126
0.599801 915 33 140
0.649189 909 37 145
0.699979 900 36 154
0.749679 897 46 159
0.799445 893 50 166
0.849966 887 52 172
0.899684 882 54 181
0.94964 876 61 187
0.999897 870 62 193
1.0497 865 65 201
1.09996 862 71 203
1.14977 855 79 206
1.19953 850 86 211
1.24993 847 85 217
1.29988 840 90 216
1.34998 836 92 221
1.39988 828 98 222
1.4496 821 100 228
1.49957 819 103 233
1.54925 812 113 237
1.59984 806 116 246
1.64882 803 123 252
1.69964 790 127 256
1.74954 788 128 257
1.79954 784 132 266
1.84998 778 135 269
1.89952 771 139 276
1.94969 764 146 283
1.99991 762 153 286
2.04947 757 159 290
2.09979 755 161 296
2.14994 750 168 297
2.19996 745 169 298
2.24993 741 178 304
2.29982 734 185 305
2.34985 729 187 303
2.39994 725 195 312
2.44998 718 205 312
2.49979 716 210 310
2.5499 714 213 311
2.59959 710 217 313
2.64975 709 218 313
2.69936 706 221 310
2.74907 700 220 318
2.79912 699 222 323
2.84982 693 227 324
2.89945 688 242 327
2.94992 684 246 329
2.99996 681 255 330
3.04977 675 262 340
3.09997 671 266 342
3.14971 669 274 345
3.19998 665 280 342
3.24968 662 288 340
3.29981 657 293 345
3.34969 656 297 353
3.39975 652 300 359
3.44969 648 303 362
3.49963 645 312 360
3.54997 640 318 365
3.5996 635 325 373
3.64968 628 328 374
3.69998 625 331 376
3.74941 622 338 378
3.79988 619 335 384
3.84962 609 338 385
3.89999 607 345 390
3.94973 606 350 388
3.99995 602 355 388
4.04981 596 365 397
4.0999 593 367 394
4.14891 590 370 400
4.19946 588 368 403
4.24986 584 373 410
4.29938 580 378 415
4.34999 576 380 422
4.39918 573 384 422
4.44963 572 389 423
4.4998 570 395 421
4.54972 568 395 426
4.59982 562 399 427
4.64991 559 408 430
4.69985 554 408 431
4.74993 549 409 428
4.79996 546 414 423
4.84995 543 415 425
4.89976 538 420 427
4.94984 534 420 433
4.99955 532 423 428
5.04981 527 424 429
5.09976 525 429 426
5.14995 520 430 430
5.1999 519 430 437
5.24991 515 433 443
5.29994 511 434 444
5.34997 508 437 445
5.39961 506 440 448
5.44996 504 441 458
5.49992 503 445 457
5.54944 498 444 456
5.59942 492 441 458
5.64976 485 442 456
5.69982 483 445 458
5.74868 482 446 457
5.79999 479 447 461
5.84956 477 451 465
5.9 475 455 469
5.94998 474 458 470
5.99995 470 461 470
6.04978 466 459 472
6.09983 464 462 474
6.14999 460 461 478
6.19878 458 463 477
6.24994 456 466 481
6.29974 452 466 480
6.34966 450 470 478
6.39985 444 473 482
6.44857 440 473 482
6.49976 438 472 488
6.54914 432 470 491
6.5998 429 467 491
6.64986 429 470 493
6.69982 426 475 498
6.74996 421 478 494
6.79944 420 480 500
6.84943 417 483 505
6.9 414 484 510
6.94971 412 486 507
6.99973 412 488 514
7.04972 405 486 518
7.09983 401 481 518
7.1499 399 479 526
7.19986 395 479 529
7.24959 388 476 533
7.29996 386 477 535
7.34976 384 477 532
7.39974 380 477 535
7.44987 377 478 542
7.49999 374 478 548
7.5498 373 476 548
7.59999 372 480 553
7.64991 372 480 552
7.69964 370 480 554
7.74983 368 476 551
7.79981 366 474 559
7.84966 363 471 561
7.8985 362 471 556
7.94999 359 470 559
7.99959 355 465 565
8.04952 353 460 564
8.09982 350 458 565
8.1494 348 459 565
8.1998 348 460 567
8.24994 344 458 567
8.29989 341 455 569
8.3492 334 454 578
8.39978 331 450 578
8.44999 329 452 581
8.49962 327 453 584
8.54998 324 454 587
8.59969 321 450 581
8.64911 320 446 581
8.69992 318 443 582
8.74958 314 443 582
8.79969 308 443 582
8.84955 306 444 584
8.89979 302 443 590
8.94985 300 439 595
8.99981 296 437 592
9.04995 293 435 594
9.09948 291 432 601
9.14994 291 428 609
9.19912 290 426 611
9.24976 287 422 618
9.29949 286 422 620
9.34776 283 422 623
9.39983 278 419 624
9.44995 274 417 624
9.49975 271 416 629
9.54968 269 409 638
9.59966 266 407 641
9.64949 263 405 646
9.69985 257 405 646
9.74897 254 405 650
9.79947 251 406 655
9.8496 248 404 660
9.89984 245 401 659
9.94988 241 400 658
9.99826 241 397 667
10.0498 236 395 669
10.1 236 392 674
10.1493 232 388 672
10.1998 232 389 673
10.2499 231 384 673
10.2995 227 386 675
10.3494 226 383 680
10.4 221 381 686
10.4498 218 379 693
10.5 218 378 688
10.5496 218 380 692
10.5985 212 377 692
10.6498 211 376 693
10.6981 210 375 687
10.7487 210 377 691
10.7996 209 375 695
10.8497 206 376 692
10.8998 204 374 696
10.9479 201 365 696
10.999 196 362 706
11.0497 195 362 708
11.0995 192 360 716
11.1494 188 360 722
11.1999 186 356 728
11.2493 184 354 732
11.2997 183 350 731
11.3499 178 347 729
11.3998 176 344 733
11.4498 174 340 735
11.4998 167 339 740
11.5493 166 339 740
11.5999 164 336 752
11.6498 163 335 749
11.7 161 331 747
11.7498 160 330 738
11.7997 159 328 738
11.8498 155 329 739
11.8999 154 325 747
11.9497 151 326 748
11.9998 147 324 749
12.0496 143 322 754
12.0998 141 320 758
12.15 138 319 759
12.2 137 317 755
12.25 136 314 759
12.2985 135 310 760
12.3496 134 307 759
12.3993 131 307 764
12.45 129 303 770
12.4998 129 299 767
12.5487 126 295 770
12.6 125 291 767
12.6499 124 286 768
12.6991 121 285 765
12.7498 119 284 764
12.7995 118 283 763
12.8487 118 280 765
12.8999 113 277 767
12.9499 112 277 770
12.9998 110 274 771
13.0499 107 272 771
13.0996 105 270 777
13.1494 102 269 782
13.1971 99 265 784
13.2493 97 262 786
13.2999 96 261 786
13.3495 94 256 792
13.3997 92 255 792
13.4497 91 255 787
13.4998 89 253 792
13.5494 88 250 790
13.5999 88 246 793
13.6495 87 242 795
13.7 85 240 793
13.7493 84 239 794
13.7996 81 236 794
13.8488 80 234 794
13.9 79 231 787
13.9496 79 228 791
13.9989 78 226 790
14.0491 78 221 793
14.0999 78 219 787
14.1489 77 219 790
14.1993 76 218 791
14.2499 73 214 797
14.2999 72 212 799
14.3486 70 208 801
14.399 68 207 800
14.4491 66 206 799
14.4998 65 206 802
14.5499 64 204 802
14.5999 64 201 804
14.6496 64 199 804
14.6995 63 195 802
14.7479 63 194 796
14.7979 61 190 793
14.8499 60 187 788
14.8994 60 184 786
14.9488 59 181 790
14.9998 55 180 796
15.0499 53 179 801
15.0999 52 175 798
15.1491 52 174 806
15.1999 49 171 806
15.2499 49 170 805
15.2995 49 170 811
15.3495 48 168 810
15.3994 48 168 805
15.4496 46 166 808
15.4998 45 164 812
15.5489 43 162 814
15.5991 43 159 812
15.6494 41 156 817
15.6992 40 154 816
15.7498 40 154 811
15.7998 39 153 810
15.8487 39 149 809
15.8986 39 149 805
15.9497 37 147 803
16 37 142 800
16.0496 36 137 799
16.0999 34 134 801
16.1493 34 131 801
16.1991 33 130 801
16.2493 31 130 798
16.2996 29 127 797
16.3498 29 126 799
16.3995 26 126 800
16.4495 24 121 801
16.5 22 121 793
16.5497 22 117 794
16.5999 22 117 795
16.65 21 117 795
16.6993 21 115 801
16.7485 20 115 795
16.8 19 115 792
16.8497 19 114 793
16.8996 19 113 790
16.9498 18 113 792
16.9977 18 112 790
17.0496 17 111 789
17.0997 17 110 793
17.1498 17 107 797
17.1999 17 107 792
17.2495 17 106 793
17.2988 15 106 784
17.3495 15 104 779
17.3997 15 100 773
17.4499 14 96 776
17.499 14 92 772
17.5499 12 92 773
17.5997 12 88 769
17.6494 12 85 770
17.6999 12 84 771
17.7497 12 83 772
17.7997 12 82 775
17.8488 12 82 773
17.8997 11 81 773
17.9492 9 79 776
17.9999 8 78 778
18.0497 8 76 778
18.1 7 75 781
18.1498 7 74 778
18.1999 6 74 782
18.2496 6 72 785
18.2984 6 72 787
18.3498 6 72 795
18.4 6 70 798
18.4497 5 70 800
18.5 5 68 798
18.5499 3 65 804
18.5998 3 63 804
18.6491 3 61 813
18.6997 1 59 812
18.7498 1 58 808
18.7991 1 57 809
18.8495 1 55 807
18.9 1 55 801
18.9492 0 54 801
18.9994 0 53 800
19.05 0 53 798
19.1 0 53 798
19.1485 0 53 801
19.1995 0 53 804
19.2496 0 51 799
19.2999 0 50 802
19.3496 0 49 803
19.3999 0 49 808
19.45 0 49 801
19.4976 0 48 799
19.5489 0 47 795
19.5997 0 47 792
19.649 0 46 790
19.6999 0 44 790
19.7497 0 44 790
19.7992 0 43 793
19.8491 0 42 791
19.8993 0 42 791
19.9497 0 41 792
19.9993 0 41 797
20.0495 0 41 795
20.0995 0 41 793
20.1484 0 40 792
20.1997 0 37 789
20.2497 0 37 793
20.2998 0 36 795
20.348 0 35 793
20.3992 0 35 797
20.4486 0 35 797
20.4999 0 33 801
20.549 0 33 802
20.5999 0 33 798
20.6499 0 33 800
20.6999 0 33 798
20.7488 0 31 792
20.7972 0 31 793
20.8489 0 30 797
20.8994 0 29 799
20.9497 0 29 802
20.9982 0 29 801
21.0494 0 29 807
21.0997 0 29 808
21.1435 0 29 808
21.1999 0 29 809
21.249 0 29 810
21.2988 0 28 813
21.3484 0 27 817
21.3998 0 26 814
21.4488 0 26 811
21.4985 0 26 817
21.5492 0 25 816
21.5998 0 24 818
21.6496 0 24 816
21.7 0 24 813
21.7499 0 24 819
21.7998 0 24 818
21.8499 0 24 819
21.8999 0 24 818
21.9474 0 24 817
22 0 23 814
22.0494 0 23 814
22.0991 0 23 814
22.1495 0 23 812
22.1999 0 23 812
22.2497 0 23 812
22.2997 0 23 814
22.3489 0 23 811
22.3975 0 23 805
22.4498 0 23 806
22.4998 0 23 810
22.5489 0 23 808
22.5997 0 23 807
22.6489 0 23 810
22.6989 0 23 805
22.7474 0 23 808
22.8 0 23 809
22.8482 0 23 805
22.8976 0 23 812
22.9483 0 23 812
22.9991 0 23 811
23.0487 0 23 813
23.0979 0 23 807
23.1463 0 23 807
23.1987 0 23 809
23.2493 0 23 805
23.2979 0 23 803
23.3489 0 23 802
23.3994 0 23 800
23.4461 0 23 801
23.4986 0 23 798
23.5494 0 23 793
23.5998 0 23 792
23.6493 0 23 795
23.6966 0 23 797
23.7498 0 23 794
23.7994 0 23 796
23.8492 0 23 796
23.8999 0 23 799
23.9485 0 23 803
23.9984 0 23 807
24.0492 0 23 804
24.0989 0 23 802
24.1489 0 23 797
24.1999 0 23 797
24.2499 0 23 797
24.2992 0 23 799
24.3499 0 23 803
24.3997 0 23 809
24.4492 0 23 809
24.4991 0 23 804
24.5482 0 23 805
24.5991 0 23 805
24.65 0 23 807
24.6998 0 23 806
24.7485 0 23 808
24.7999 0 23 806
24.8496 0 23 804
24.8991 0 23 803
24.9495 0 23 800
24.9986 0 23 800
25.0498 0 23 799
25.0999 0 23 801
25.1493 0 23 805
25.1989 0 23 805
25.2494 0 23 808
25.2998 0 23 802
25.3498 0 23 798
25.3949 0 23 799
25.449 0 23 797
25.4995 0 23 796
25.5474 0 23 790
25.5996 0 23 792
25.6479 0 23 786
25.6989 0 23 786
25.7486 0 23 791
25.7955 0 23 791
25.8499 0 23 796
25.8986 0 23 791
25.9499 0 23 784
25.9964 0 23 789
26.0499 0 23 787
26.0995 0 23 785
26.1487 0 23 786
26.1998 0 23 789
26.25 0 23 792
26.2997 0 23 791
26.3486 0 23 792
26.3994 0 23 792
26.4489 0 23 796
26.4973 0 23 798
26.5468 0 23 795
26.5994 0 23 798
26.6495 0 23 798
26.7 0 23 807
26.7486 0 23 809
26.7998 0 23 803
26.8486 0 23 803
26.8987 0 23 801
26.9497 0 23 800
26.9989 0 23 801
27.0496 0 23 798
27.0988 0 23 795
27.1499 0 23 799
27.1998 0 23 795
27.2499 0 23 797
27.2991 0 23 799
27.346 0 23 801
27.3996 0 23 804
27.4495 0 23 805
27.4983 0 23 803
27.55 0 23 802
27.5997 0 23 805
27.6495 0 23 801
27.6983 0 23 803
27.7481 0 23 803
27.7991 0 23 808
27.85 0 23 806
27.8994 0 23 805
27.9493 0 23 802
27.9989 0 23 799
28.0492 0 23 803
28.0981 0 23 805
28.1497 0 23 809
28.1988 0 23 807
28.25 0 23 808
28.2985 0 23 809
28.3491 0 23 808
28.3979 0 23 804
28.4499 0 23 807
28.4998 0 23 806
28.5491 0 23 808
28.599 0 23 807
28.6495 0 23 813
28.6959 0 23 820
28.75 0 23 820
28.7993 0 23 818
28.8497 0 23 819
28.8984 0 23 813
28.9478 0 23 816
28.9991 0 23 817
29.0483 0 23 817
29.0995 0 23 813
29.1394 0 23 814
29.1997 0 23 816
29.2438 0 23 817
29.2995 0 23 814
29.3491 0 23 816
29.3999 0 23 813
29.4495 0 23 813
29.4993 0 23 813
29.549 0 23 815
29.5994 0 23 820
29.6465 0 23 818
29.6996 0 23 813
29.7481 0 23 812
29.7985 0 23 812
29.8488 0 23 810
29.8989 0 23 807
29.9472 0 23 809
29.9998 0 23 807
30.0489 0 23 809
30.0986 0 23 808
30.1488 0 23 804
30.1946 0 23 807
30.2498 0 23 804
30.2999 0 23 806
30.3498 0 23 807
30.3992 0 23 808
30.4481 0 23 810
30.4993 0 23 807
30.5477 0 23 812
30.5996 0 23 814
30.65 0 23 815
30.6978 0 23 815
30.7498 0 23 817
30.7983 0 23 815
30.8496 0 23 815
30.8976 0 23 812
30.9479 0 23 814
30.9998 0 23 813
31.0399 0 23 810
31.0985 0 23 812
31.1471 0 23 813
31.1976 0 23 809
31.2498 0 23 806
31.2996 0 23 807
31.3482 0 23 800
31.3993 0 23 797
31.4498 0 23 797
31.4993 0 23 800
31.5499 0 23 804
31.5996 0 23 802
31.6461 0 23 800
31.6986 0 23 801
31.7498 0 23 804
31.7996 0 23 802
31.8489 0 23 801
31.8987 0 23 798
31.9487 0 23 798
31.9979 0 23 795
32.0498 0 23 800
32.099 0 23 796
32.1497 0 23 797
32.1994 0 23 797
32.2492 0 23 798
32.2999 0 23 803
32.3492 0 23 805
32.3986 0 23 801
32.4495 0 23 801
32.4996 0 23 795
32.5494 0 23 791
32.5989 0 23 790
32.6498 0 23 788
32.6991 0 23 788
32.7497 0 23 788
32.8 0 23 787
32.8476 0 23 790
32.8998 0 23 791
32.9487 0 23 792
32.9994 0 23 791
33.0486 0 23 793
33.0996 0 23 794
33.15 0 23 796
33.1999 0 23 795
33.2495 0 23 798
33.2997 0 23 797
33.3485 0 23 800
33.3998 0 23 799
33.4494 0 23 795
33.4998 0 23 790
33.5487 0 23 794
33.5982 0 23 795
33.6494 0 23 800
33.6993 0 23 798
33.7486 0 23 798
33.7994 0 23 797
33.8499 0 23 800
33.8988 0 23 796
33.9471 0 23 796
33.9988 0 23 793
34.0485 0 23 792
34.0998 0 23 791
34.15 0 23 791
34.1998 0 23 790
34.2452 0 23 788
34.2999 0 23 789
34.3497 0 23 789
34.3987 0 23 794
34.45 0 23 788
34.4991 0 23 790
34.5485 0 23 795
34.5985 0 23 792
34.6493 0 23 797
34.6993 0 23 796
34.7487 0 23 794
34.799 0 23 793
34.8499 0 23 795
34.8974 0 23 798
34.9498 0 23 797
35 0 23 798
35.0487 0 23 799
35.0981 0 23 803
35.1473 0 23 805
35.1989 0 23 807
35.2479 0 23 807
35.2988 0 23 805
35.3492 0 23 805
35.3991 0 23 806
35.45 0 23 806
35.4965 0 23 801
35.5497 0 23 797
35.5951 0 23 797
35.6473 0 23 793
35.6995 0 23 792
35.7498 0 23 795
35.798 0 23 795
35.8498 0 23 794
35.8999 0 23 792
35.9499 0 23 795
35.9978 0 23 789
36.049 0 23 796
36.0997 0 23 791
36.1487 0 23 792
36.1994 0 23 794
36.2499 0 23 789
36.2991 0 23 786
36.3464 0 23 786
36.3994 0 23 790
36.4496 0 23 790
36.4987 0 23 794
36.5494 0 23 787
36.599 0 23 785
36.65 0 23 786
36.6995 0 23 783
36.7492 0 23 779
36.7981 0 23 781
36.8495 0 23 783
36.8999 0 23 787
36.9472 0 23 781
36.9998 0 23 783
37.05 0 23 787
37.1 0 23 790
37.1482 0 23 792
37.1994 0 23 796
37.25 0 23 795
37.2977 0 23 792
37.3494 0 23 795
37.3995 0 23 796
37.45 0 23 792
37.4998 0 23 792
37.549 0 23 795
37.5976 0 23 801
37.6458 0 23 798
37.6972 0 23 795
37.7486 0 23 792
37.798 0 23 799
37.8496 0 23 799
37.9 0 23 798
37.9491 0 23 800
37.9998 0 23 796
38.0497 0 23 797
38.0983 0 23 797
38.1491 0 23 796
38.1988 0 23 793
38.2495 0 23 794
38.2998 0 23 790
38.3491 0 23 786
38.3999 0 23 786
38.4493 0 23 789
38.4981 0 23 789
38.5495 0 23 790
38.5974 0 23 790
38.6473 0 23 790
38.6999 0 23 789
38.7498 0 23 790
38.7978 0 23 793
38.8496 0 23 791
38.8994 0 23 787
38.9497 0 23 787
38.9999 0 23 787
39.0487 0 23 784
39.0994 0 23 785
39.1495 0 23 784
39.1993 0 23 785
39.2486 0 23 781
39.2995 0 23 781
39.3495 0 23 776
39.3968 0 23 782
39.4466 0 23 777
39.4999 0 23 780
39.5494 0 23 783
39.5976 0 23 787
39.6487 0 23 784
39.6989 0 23 783
39.7495 0 23 785
39.7996 0 23 789
39.8476 0 23 787
39.8978 0 23 789
39.9494 0 23 792
39.999 0 23 788
40.0494 0 23 793
40.0983 0 23 792
40.1498 0 23 795
40.1996 0 23 791
40.2472 0 23 795
40.2994 0 23 798
40.3488 0 23 799
40.3994 0 23 795
40.4498 0 23 796
40.4998 0 23 799
40.5466 0 23 796
40.5983 0 23 792
40.6498 0 23 797
40.6987 0 23 798
40.7495 0 23 802
40.7998 0 23 807
40.8498 0 23 806
40.8991 0 23 809
40.9494 0 23 806
40.999 0 23 805
41.0459 0 23 808
41.0991 0 23 810
41.1495 0 23 812
41.1991 0 23 814
41.2485 0 23 814
41.2975 0 23 811
41.3486 0 23 811
41.3984 0 23 808
41.4487 0 23 811
41.4993 0 23 810
41.5497 0 23 806
41.5994 0 23 806
41.6481 0 23 809
41.6996 0 23 804
41.749 0 23 803
41.7995 0 23 807
41.8485 0 23 808
41.899 0 23 809
41.9495 0 23 806
41.9993 0 23 807
42.0485 0 23 805
42.0995 0 23 811
42.1495 0 23 804
42.1979 0 23 805
42.25 0 23 808
42.2991 0 23 804
42.349 0 23 806
42.3992 0 23 808
42.45 0 23 808
42.499 0 23 807
42.5492 0 23 806
42.5986 0 23 808
42.6493 0 23 802
42.6965 0 23 805
42.75 0 23 805
42.7988 0 23 804
42.8463 0 23 809
42.8999 0 23 811
42.9498 0 23 807
42.9997 0 23 804
43.0493 0 23 808
43.0979 0 23 806
43.1497 0 23 803
43.1991 0 23 807
43.248 0 23 809
43.2987 0 23 810
43.3495 0 23 811
43.3987 0 23 806
43.4485 0 23 803
43.4997 0 23 801
43.5479 0 23 799
43.5996 0 23 799
43.6495 0 23 792
43.6995 0 23 795
43.7452 0 23 793
43.7994 0 23 794
43.8498 0 23 793
43.9 0 23 793
43.9499 0 23 790
43.9995 0 23 790
44.0493 0 23 784
44.1 0 23 781
44.15 0 23 782
44.1998 0 23 785
44.2494 0 23 783
44.2961 0 23 782
44.3476 0 23 781
44.4 0 23 778
44.4494 0 23 776
44.4998 0 23 782
44.5492 0 23 785
44.5995 0 23 788
44.6496 0 23 791
44.6991 0 23 794
44.7499 0 23 791
44.7984 0 23 795
44.8483 0 23 792
44.8992 0 23 797
44.9497 0 23 795
44.9969 0 23 796
45.0451 0 23 800
45.0994 0 23 802
45.1489 0 23 806
45.1999 0 23 809
45.2493 0 23 812
45.2997 0 23 811
45.3495 0 23 809
45.3998 0 23 809
45.4435 0 23 809
45.4999 0 23 812
45.5498 0 23 808
45.5976 0 23 808
45.6496 0 23 808
45.6996 0 23 811
45.7493 0 23 809
45.7968 0 23 811
45.8493 0 23 808
45.8984 0 23 810
45.9499 0 23 808
45.9999 0 23 806
46.0462 0 23 802
46.0995 0 23 803
46.1429 0 23 806
46.1998 0 23 805
46.2487 0 23 803
46.2997 0 23 806
46.3491 0 23 806
46.3996 0 23 802
46.4489 0 23 796
46.4994 0 23 798
46.5494 0 23 797
46.5999 0 23 799
46.65 0 23 800
46.6997 0 23 800
46.7472 0 23 805
46.7972 0 23 808
46.8498 0 23 804
46.899 0 23 807
46.9465 0 23 809
46.9985 0 23 812
47.0486 0 23 803
47.0988 0 23 805
47.1479 0 23 805
47.1974 0 23 806
47.25 0 23 806
47.2995 0 23 803
47.3484 0 23 808
47.3996 0 23 809
47.4488 0 23 806
47.4965 0 23 805
47.5499 0 23 803
47.5984 0 23 804
47.6496 0 23 801
47.6999 0 23 805
47.7487 0 23 802
47.7994 0 23 802
47.8468 0 23 800
47.897 0 23 804
47.9498 0 23 806
47.9996 0 23 813
48.0498 0 23 814
48.0993 0 23 807
48.1472 0 23 807
48.1988 0 23 809
48.2495 0 23 810
48.2991 0 23 810
48.3491 0 23 818
48.3995 0 23 822
48.4466 0 23 824
48.4993 0 23 826
48.547 0 23 823
48.5993 0 23 819
48.6488 0 23 819
48.6999 0 23 817
48.7485 0 23 822
48.7999 0 23 823
48.8496 0 23 823
48.8987 0 23 822
48.95 0 23 817
48.9997 0 23 814
49.05 0 23 816
49.0999 0 23 814
49.1495 0 23 814
49.2 0 23 813
49.2498 0 23 815
49.2985 0 23 815
49.3496 0 23 815
49.3999 0 23 812
49.4478 0 23 807
49.4987 0 23 805
49.5493 0 23 803
49.5971 0 23 802
49.6496 0 23 805
49.6999 0 23 805
49.743 0 23 800
49.7981 0 23 799
49.85 0 23 795
49.8992 0 23 798
49.9497 0 23 799
49.999 0 23 800
50.0012 0 23 800
