0.0494412 993 0 11
0.0995514 984 1 35
0.149543 975 2 46
0.199996 964 2 61
0.249943 962 3 72
0.299999 951 7 93
0.349779 940 10 105
0.399433 933 13 114
0.449883 927 19 124
0.499577 923 24 130
0.549991 915 28 139
0.599951 911 34 146
0.649996 902 37 153
0.699967 898 46 164
0.749651 892 48 169
0.799949 891 57 179
0.849733 883 62 182
0.899978 874 67 190
0.949398 865 78 195
0.999999 860 83 200
1.04994 856 87 206
1.09965 851 92 202
1.14981 847 91 212
1.1998 839 97 219
1.24998 834 106 222
1.2998 831 110 227
1.34994 829 114 232
1.39977 827 116 236
1.44991 826 121 251
1.5 823 127 253
1.54972 820 133 256
1.59914 816 135 263
1.64988 813 140 270
1.69993 810 140 270
1.74991 806 145 271
1.79996 803 151 277
1.84972 792 152 288
1.89993 788 159 287
1.94977 782 167 288
1.99988 779 171 287
2.04965 775 175 294
2.09973 770 173 290
2.14903 768 180 293
2.19927 761 189 300
2.2496 758 193 306
2.29974 756 200 309
2.34998 748 208 312
2.3999 744 210 315
2.4498 738 216 317
2.49921 734 220 320
2.54937 729 229 326
2.59962 723 236 328
2.64967 720 238 328
2.69992 709 243 333
2.74993 704 247 337
2.79984 702 250 342
2.84994 699 256 341
2.89999 693 266 343
2.94998 690 269 345
2.99998 685 270 348
3.04984 684 273 354
3.09934 679 278 354
3.14997 676 282 355
3.19979 668 283 358
3.24963 665 287 356
3.29995 661 291 361
3.3499 659 294 365
3.39999 656 299 362
3.45 643 298 366
3.49945 639 299 371
3.54971 633 299 374
3.59992 626 303 381
3.64979 618 306 395
3.69975 615 306 395
3.74974 607 310 396
3.79968 603 316 394
3.84975 602 319 399
3.89957 598 324 402
3.94798 597 330 403
3.99979 592 342 411
4.04996 591 345 418
4.09905 587 352 418
4.14999 584 355 416
4.19915 581 364 421
4.24962 576 366 425
4.29993 574 370 431
4.34953 572 377 433
4.39995 570 382 434
4.44991 568 385 437
4.49984 564 385 439
4.54994 562 391 439
4.59958 560 395 443
4.64933 558 396 442
4.69999 555 406 440
4.74975 551 410 443
4.79974 549 410 445
4.84959 546 407 449
4.89999 541 404 458
4.94995 538 406 458
4.99979 531 411 459
5.04941 529 410 459
5.09945 526 412 456
5.14994 524 411 462
5.19929 518 410 458
5.24966 513 411 466
5.29955 511 413 470
5.34997 508 418 475
5.39989 506 421 476
5.44971 502 425 482
5.49992 501 429 484
5.54971 499 433 483
5.59995 496 434 488
5.64941 491 431 487
5.69996 487 430 488
5.74994 487 424 492
5.79987 486 428 499
5.84947 484 430 504
5.89987 480 428 509
5.94992 479 425 509
5.99992 472 423 512
6.04997 467 426 511
6.09994 462 425 511
6.1498 457 425 510
6.19955 451 428 509
6.24878 449 426 512
6.29986 446 431 513
6.34995 445 430 513
6.39972 441 430 511
6.44977 438 426 516
6.49972 436 427 517
6.54931 433 425 517
6.59958 431 429 523
6.6498 430 429 526
6.69966 426 433 522
6.74986 424 430 530
6.79982 421 430 536
6.84967 419 427 540
6.89984 415 425 545
6.94988 413 424 543
6.99967 408 426 547
7.04964 403 423 551
7.09987 402 421 550
7.14972 397 424 550
7.19788 395 420 550
7.24937 391 414 551
7.29962 389 411 553
7.34985 385 412 562
7.3997 383 415 567
7.44995 378 415 571
7.49976 376 417 578
7.54979 374 414 582
7.59963 370 412 582
7.64983 367 410 582
7.69964 365 409 585
7.74991 360 410 582
7.7999 358 406 582
7.84993 354 404 585
7.89942 353 403 586
7.94944 352 403 590
7.99949 350 404 590
8.04942 348 403 587
8.09995 345 401 590
8.14953 345 399 599
8.19994 344 396 603
8.24997 343 395 602
8.29969 341 396 602
8.34937 338 398 602
8.39924 334 395 606
8.44975 330 390 612
8.49977 324 393 611
8.5498 322 392 615
8.59996 318 390 621
8.6497 318 393 626
8.69986 313 391 626
8.74988 310 392 626
8.79989 304 391 626
8.84958 301 391 632
8.89999 299 381 636
8.94987 295 380 638
8.99892 294 380 640
9.04996 292 378 638
9.09888 289 374 642
9.14972 287 374 638
9.1991 284 376 640
9.24982 278 371 643
9.29972 276 371 644
9.34968 270 370 645
9.39958 268 370 650
9.44973 265 367 655
9.49978 260 364 657
9.54986 259 364 659
9.59949 256 363 666
9.64983 254 363 669
9.69888 253 363 674
9.74959 249 363 675
9.79968 247 361 679
9.84992 246 354 677
9.89989 243 349 682
9.94952 242 348 684
9.99999 239 346 687
10.0486 236 343 686
10.0999 235 341 690
10.1496 232 338 692
10.1992 227 336 692
10.2498 225 331 693
10.3 220 330 703
10.3499 216 328 714
10.3992 213 324 714
10.4492 212 321 715
10.4998 211 320 714
10.5487 206 318 714
10.5994 205 314 716
10.6495 200 316 719
10.6992 198 315 718
10.7498 197 315 725
10.7985 196 312 725
10.8499 196 309 725
10.8999 194 303 728
10.9496 190 301 733
10.9985 186 301 737
11.0494 185 301 735
11.1 185 300 734
11.1498 183 300 732
11.1999 182 298 735
11.2498 178 296 737
11.299 177 293 736
11.3492 177 290 739
11.3995 171 287 743
11.4495 169 285 746
11.4993 168 283 749
11.5481 167 278 753
11.5985 166 276 752
11.6499 163 275 754
11.6984 162 272 759
11.7498 159 270 758
11.7997 156 270 755
11.8497 154 269 756
11.8993 152 272 758
11.9499 149 273 759
11.9998 147 270 758
12.0484 145 268 761
12.0992 142 267 766
12.15 141 265 764
12.2 141 263 762
12.2479 140 261 764
12.2999 136 260 766
12.3493 134 256 764
12.3989 133 253 765
12.4489 132 250 764
12.4996 129 249 766
12.5494 126 246 765
12.599 124 239 767
12.6499 124 239 773
12.6988 124 235 771
12.7495 122 234 776
12.7999 122 234 782
12.8496 120 234 784
12.8991 118 232 786
12.9493 117 230 793
12.9994 117 226 795
13.0488 116 224 789
13.0995 115 222 789
13.1496 115 218 790
13.2 113 218 792
13.2497 110 215 797
13.2996 104 210 794
13.3498 104 209 792
13.3998 103 207 793
13.4498 103 205 796
13.4995 100 203 796
13.55 98 202 802
13.5998 96 200 807
13.65 96 196 810
13.6997 95 191 809
13.7498 90 190 813
13.799 90 190 815
13.85 89 189 819
13.8988 86 186 815
13.9498 83 185 816
13.9996 80 182 813
14.0499 78 180 815
14.0997 78 177 818
14.1494 78 174 826
14.1999 77 172 823
14.2494 75 171 822
14.3 73 168 818
14.3492 73 168 818
14.3975 73 166 819
14.4491 71 162 821
14.4999 65 157 819
14.5497 65 154 820
14.5999 62 152 817
14.649 61 152 818
14.6994 60 149 815
14.7492 60 146 810
14.7997 56 146 806
14.8498 53 145 808
14.8996 52 143 803
14.9499 51 142 808
15 51 140 803
15.0483 51 139 805
15.1 48 137 801
15.1489 47 133 808
15.1998 46 129 810
15.25 46 124 812
15.2992 45 120 811
15.3497 45 120 810
15.3995 45 118 811
15.4496 45 114 816
15.4996 44 114 817
15.5497 43 113 822
15.5999 43 112 820
15.6498 42 110 822
15.6985 42 110 826
15.7493 41 110 826
15.7986 40 109 823
15.8493 40 107 829
15.8996 39 103 822
15.9462 39 101 819
15.9988 37 101 820
16.0497 37 99 820
16.0989 34 97 818
16.1496 34 97 821
16.1996 32 97 818
16.2497 31 94 816
16.2992 31 92 817
16.349 31 91 815
16.3993 28 88 814
16.45 28 87 810
16.4997 27 86 811
16.5496 26 85 812
16.5999 25 82 810
16.6495 25 81 808
16.6998 24 81 810
16.7499 22 78 814
16.7996 22 76 808
16.8498 20 73 804
16.8996 18 73 799
16.9491 17 72 806
16.9999 17 70 810
17.0499 17 68 807
17.0988 17 65 806
17.1489 17 63 807
17.1979 17 62 809
17.2496 16 60 803
17.2993 16 60 801
17.3494 15 58 796
17.3995 14 58 794
17.4495 14 57 796
17.4987 13 57 795
17.5499 12 57 797
17.6 11 55 795
17.6499 11 53 796
17.7 11 53 799
17.7497 10 52 798
17.7998 10 51 801
17.8498 10 50 802
17.9 10 49 804
17.9493 9 48 803
17.9986 8 46 803
18.0488 8 45 803
18.0996 8 43 802
18.1499 8 41 801
18.1985 7 41 805
18.2489 7 40 803
18.2995 5 39 803
18.3492 4 37 801
18.3997 3 36 800
18.4498 3 35 800
18.4999 3 35 802
18.5496 3 35 800
18.5999 3 35 800
18.6497 3 35 799
18.6996 3 34 799
18.7497 2 34 801
18.7997 2 34 797
18.85 1 34 796
18.8994 1 32 798
18.9491 1 32 800
18.9999 1 32 798
19.0498 1 32 799
19.0992 1 32 797
19.1484 1 30 798
19.1991 1 29 803
19.2489 1 29 801
19.2997 1 27 800
19.3499 0 27 803
19.3984 0 26 801
19.4498 0 26 799
19.4999 0 26 801
19.5496 0 25 794
19.5995 0 25 793
19.6487 0 25 787
19.6999 0 24 789
19.7499 0 24 789
19.7985 0 24 788
19.8498 0 24 795
19.8982 0 23 787
19.9496 0 23 790
19.9995 0 23 788
20.0499 0 23 785
20.0965 0 23 789
20.1494 0 23 790
20.1998 0 23 792
20.25 0 23 795
20.2996 0 23 792
20.3498 0 22 795
20.3998 0 22 796
20.4493 0 22 795
20.4995 0 22 792
20.5492 0 22 789
20.5991 0 22 787
20.6496 0 22 789
20.6986 0 22 788
20.7489 0 22 786
20.7997 0 22 791
20.8486 0 22 791
20.8998 0 21 789
20.9493 0 21 793
20.9996 0 21 793
21.0489 0 21 788
21.0958 0 21 788
21.1497 0 21 789
21.1991 0 21 788
21.25 0 21 785
21.2993 0 21 783
21.3476 0 21 788
21.3981 0 21 788
21.4494 0 21 790
21.4998 0 21 791
21.5492 0 21 794
21.6 0 21 796
21.6457 0 21 794
21.6999 0 21 796
21.75 0 21 793
21.7997 0 21 791
21.85 0 21 794
21.8969 0 21 792
21.9491 0 21 788
22 0 21 790
22.0499 0 20 790
22.0996 0 20 790
22.148 0 20 797
22.1991 0 19 793
22.25 0 19 793
22.3 0 19 792
22.3492 0 19 789
22.397 0 19 790
22.4498 0 19 796
22.4997 0 19 801
22.5485 0 19 798
22.598 0 19 791
22.6497 0 19 791
22.6989 0 19 791
22.7495 0 19 788
22.7997 0 19 789
22.849 0 19 790
22.8999 0 19 792
22.9492 0 19 789
22.9992 0 19 790
23.0499 0 19 792
23.0999 0 19 790
23.15 0 19 791
23.1994 0 19 794
23.2499 0 19 795
23.2956 0 19 795
23.3486 0 19 797
23.3988 0 19 795
23.4486 0 19 798
23.4991 0 19 800
23.5494 0 19 800
23.5971 0 19 796
23.6496 0 19 793
23.6983 0 19 789
23.75 0 19 794
23.7987 0 19 795
23.8491 0 19 798
23.8998 0 19 802
23.9498 0 19 796
23.9973 0 19 795
24.05 0 19 798
24.1 0 19 794
24.15 0 19 796
24.1995 0 19 793
24.2491 0 19 795
24.2999 0 19 796
24.3496 0 19 794
24.3993 0 19 792
24.4498 0 19 795
24.4989 0 19 786
24.5492 0 19 785
24.5996 0 19 789
24.6498 0 19 791
24.7 0 19 797
24.7494 0 19 796
24.7999 0 19 794
24.8477 0 19 797
24.8996 0 19 799
24.9485 0 19 797
24.9991 0 19 795
25.0489 0 19 797
25.1 0 19 795
25.1499 0 19 793
25.1998 0 19 796
25.2468 0 19 797
25.2992 0 19 797
25.3496 0 19 798
25.3993 0 19 800
25.4494 0 19 800
25.4984 0 19 804
25.5498 0 19 803
25.5993 0 19 803
25.6491 0 19 806
25.6985 0 19 807
25.7486 0 19 810
25.7998 0 19 805
25.8495 0 19 806
25.8996 0 19 806
25.9486 0 19 813
25.9958 0 19 813
26.0496 0 19 816
26.0995 0 19 812
26.1484 0 19 813
26.1985 0 19 813
26.2499 0 19 811
26.296 0 19 809
26.3498 0 19 807
26.3989 0 19 802
26.4494 0 19 803
26.4992 0 19 799
26.5491 0 19 799
26.5992 0 19 798
26.6493 0 19 798
26.6986 0 19 805
26.7489 0 19 802
26.7997 0 19 806
26.8494 0 19 813
26.8995 0 19 811
26.95 0 19 808
26.9997 0 19 806
27.0494 0 19 807
27.0988 0 19 807
27.1494 0 19 806
27.1998 0 19 806
27.247 0 19 803
27.2998 0 19 806
27.3499 0 19 810
27.3999 0 19 812
27.45 0 19 809
27.4998 0 19 808
27.5487 0 19 810
27.599 0 19 814
27.6485 0 19 811
27.6975 0 19 811
27.7486 0 19 816
27.7998 0 19 817
27.8497 0 19 814
27.899 0 19 815
27.9492 0 19 813
27.9994 0 19 811
28.0481 0 19 813
28.0998 0 19 812
28.1493 0 19 812
28.1998 0 19 812
28.2479 0 19 808
28.2995 0 19 805
28.35 0 19 807
28.3997 0 19 808
28.4483 0 19 810
28.4968 0 19 809
28.55 0 19 807
28.5988 0 19 810
28.6491 0 19 810
28.6985 0 19 815
28.7499 0 19 812
28.7989 0 19 810
28.8491 0 19 813
28.8988 0 19 809
28.9488 0 19 814
28.9991 0 19 810
29.0499 0 19 810
29.0988 0 19 814
29.147 0 19 819
29.1997 0 19 818
29.2498 0 19 815
29.2991 0 19 813
29.3499 0 19 820
29.3976 0 19 821
29.4497 0 19 825
29.4998 0 19 824
29.5496 0 19 828
29.5995 0 19 830
29.6491 0 19 825
29.6998 0 19 818
29.749 0 19 821
29.799 0 19 819
29.8494 0 19 817
29.8995 0 19 817
29.95 0 19 814
29.9961 0 19 810
30.0497 0 19 810
30.0992 0 19 810
30.1494 0 19 814
30.1999 0 19 814
30.2494 0 19 815
30.2991 0 19 815
30.35 0 19 817
30.3996 0 19 816
30.4499 0 19 813
30.4974 0 19 813
30.5494 0 19 813
30.5959 0 19 814
30.6471 0 19 816
30.6996 0 19 818
30.7474 0 19 815
30.7989 0 19 817
30.8493 0 19 821
30.8994 0 19 816
30.9498 0 19 814
30.9982 0 19 810
31.0498 0 19 811
31.0989 0 19 808
31.1494 0 19 806
31.1975 0 19 810
31.2495 0 19 811
31.2994 0 19 814
31.3497 0 19 817
31.3993 0 19 812
31.4494 0 19 816
31.4978 0 19 819
31.5489 0 19 817
31.5998 0 19 815
31.6498 0 19 820
31.6997 0 19 821
31.7481 0 19 829
31.7989 0 19 822
31.8489 0 19 824
31.8974 0 19 821
31.95 0 19 823
32 0 19 819
32.0473 0 19 822
32.0999 0 19 822
32.1499 0 19 822
32.1997 0 19 819
32.2487 0 19 820
32.2983 0 19 818
32.3468 0 19 814
32.399 0 19 813
32.4499 0 19 812
32.4999 0 19 812
32.5499 0 19 814
32.5981 0 19 815
32.6493 0 19 815
32.6998 0 19 814
32.7496 0 19 813
32.7989 0 19 808
32.8493 0 19 806
32.9 0 19 808
32.9483 0 19 810
33 0 19 808
33.0486 0 19 809
33.0994 0 19 807
33.1495 0 19 808
33.1972 0 19 810
33.2492 0 19 816
33.3 0 19 817
33.3498 0 19 811
33.3995 0 19 815
33.4492 0 19 817
33.4999 0 19 817
33.5492 0 19 811
33.5998 0 19 811
33.6445 0 19 807
33.6981 0 19 811
33.7497 0 19 805
33.7997 0 19 803
33.8493 0 19 804
33.8954 0 19 808
33.9473 0 19 806
33.9996 0 19 806
34.05 0 19 809
34.098 0 19 809
34.15 0 19 808
34.199 0 19 806
34.2495 0 19 807
34.2998 0 19 808
34.349 0 19 805
34.3986 0 19 804
34.4499 0 19 797
34.4998 0 19 804
34.5495 0 19 801
34.5997 0 19 798
34.6496 0 19 804
34.6959 0 19 806
34.7489 0 19 808
34.7993 0 19 810
34.8485 0 19 812
34.8994 0 19 815
34.9482 0 19 812
34.9995 0 19 815
35.0496 0 19 813
35.0999 0 19 808
35.1497 0 19 813
35.1979 0 19 817
35.2499 0 19 812
35.2993 0 19 816
35.3493 0 19 814
35.3995 0 19 816
35.4481 0 19 812
35.4982 0 19 816
35.5486 0 19 813
35.5986 0 19 812
35.6495 0 19 813
35.7 0 19 818
35.7498 0 19 819
35.7985 0 19 813
35.8498 0 19 812
35.8996 0 19 810
35.9496 0 19 815
35.997 0 19 815
36.0481 0 19 819
36.099 0 19 818
36.1487 0 19 819
36.1997 0 19 818
36.2488 0 19 820
36.2991 0 19 822
36.3488 0 19 822
36.3995 0 19 822
36.4473 0 19 821
36.4994 0 19 827
36.5494 0 19 823
36.5984 0 19 820
36.6496 0 19 819
36.6993 0 19 818
36.7497 0 19 816
36.7998 0 19 814
36.8495 0 19 816
36.8996 0 19 818
36.949 0 19 819
36.9992 0 19 821
37.0494 0 19 817
37.0995 0 19 815
37.1492 0 19 818
37.1996 0 19 820
37.2482 0 19 819
37.299 0 19 821
37.3487 0 19 816
37.3994 0 19 816
37.4496 0 19 813
37.4932 0 19 807
37.5488 0 19 807
37.5991 0 19 810
37.6499 0 19 805
37.6996 0 19 808
37.7482 0 19 810
37.797 0 19 802
37.85 0 19 803
37.8987 0 19 803
37.9467 0 19 800
37.9977 0 19 802
38.0476 0 19 799
38.0997 0 19 806
38.1497 0 19 806
38.1983 0 19 806
38.2477 0 19 804
38.2992 0 19 805
38.3498 0 19 799
38.3971 0 19 794
38.4498 0 19 793
38.499 0 19 795
38.5486 0 19 792
38.5983 0 19 791
38.6498 0 19 792
38.7 0 19 792
38.7497 0 19 792
38.798 0 19 797
38.8477 0 19 797
38.8982 0 19 800
38.9499 0 19 805
38.9993 0 19 800
39.0492 0 19 803
39.0999 0 19 796
39.1474 0 19 792
39.1998 0 19 795
39.2474 0 19 795
39.2948 0 19 794
39.3491 0 19 792
39.3976 0 19 795
39.4498 0 19 794
39.4989 0 19 792
39.55 0 19 793
39.5983 0 19 790
39.6475 0 19 790
39.6998 0 19 790
39.7488 0 19 788
39.7991 0 19 793
39.8466 0 19 795
39.9 0 19 796
39.9494 0 19 804
39.9989 0 19 805
40.0498 0 19 808
40.0989 0 19 809
40.149 0 19 813
40.1989 0 19 811
40.2481 0 19 810
40.3 0 19 805
40.3492 0 19 806
40.3976 0 19 807
40.4443 0 19 802
40.4997 0 19 800
40.5499 0 19 803
40.5978 0 19 801
40.6483 0 19 799
40.6994 0 19 792
40.7497 0 19 793
40.7992 0 19 795
40.8494 0 19 791
40.8992 0 19 788
40.9493 0 19 789
40.9973 0 19 789
41.0493 0 19 790
41.0998 0 19 790
41.1499 0 19 789
41.1987 0 19 792
41.2497 0 19 798
41.2998 0 19 804
41.3446 0 19 808
41.3996 0 19 807
41.4476 0 19 809
41.4998 0 19 805
41.5471 0 19 810
41.5999 0 19 809
41.6495 0 19 808
41.6987 0 19 811
41.7499 0 19 810
41.7991 0 19 814
41.8477 0 19 814
41.8989 0 19 817
41.9487 0 19 813
41.9972 0 19 810
42.0498 0 19 811
42.0995 0 19 810
42.1499 0 19 813
42.1976 0 19 812
42.2495 0 19 811
42.2978 0 19 808
42.3492 0 19 811
42.3986 0 19 810
42.4496 0 19 811
42.4996 0 19 806
42.5496 0 19 799
42.5978 0 19 797
42.6475 0 19 799
42.6996 0 19 798
42.7496 0 19 798
42.7991 0 19 799
42.8479 0 19 799
42.8996 0 19 798
42.9489 0 19 803
42.9987 0 19 805
43.0498 0 19 802
43.0997 0 19 793
43.1496 0 19 788
43.1991 0 19 790
43.2496 0 19 796
43.299 0 19 796
43.3495 0 19 799
43.3994 0 19 801
43.4497 0 19 802
43.4987 0 19 804
43.5464 0 19 805
43.5997 0 19 805
43.6474 0 19 805
43.6994 0 19 801
43.7436 0 19 803
43.7998 0 19 803
43.8491 0 19 804
43.8998 0 19 805
43.9493 0 19 800
43.9996 0 19 801
44.049 0 19 805
44.0915 0 19 802
44.1488 0 19 810
44.1996 0 19 811
44.2498 0 19 811
44.2983 0 19 814
44.3485 0 19 815
44.3992 0 19 815
44.4495 0 19 814
44.4995 0 19 808
44.5497 0 19 806
44.5994 0 19 810
44.6496 0 19 813
44.6975 0 19 820
44.7445 0 19 816
44.7993 0 19 820
44.8477 0 19 822
44.8998 0 19 821
44.9453 0 19 815
44.9989 0 19 819
45.0498 0 19 820
45.0986 0 19 821
45.1497 0 19 814
45.1991 0 19 816
45.2485 0 19 820
45.2992 0 19 816
45.3498 0 19 816
45.3998 0 19 818
45.4485 0 19 819
45.4991 0 19 820
45.5492 0 19 818
45.596 0 19 819
45.6496 0 19 814
45.6988 0 19 810
45.749 0 19 809
45.7992 0 19 810
45.8498 0 19 802
45.8976 0 19 804
45.9466 0 19 804
45.9986 0 19 804
46.0491 0 19 805
46.0974 0 19 800
46.1498 0 19 799
46.1997 0 19 799
46.2465 0 19 801
46.2989 0 19 796
46.349 0 19 798
46.3988 0 19 805
46.4492 0 19 801
46.4999 0 19 801
46.5486 0 19 803
46.5996 0 19 802
46.6486 0 19 800
46.6903 0 19 800
46.7482 0 19 794
46.7974 0 19 793
46.8498 0 19 791
46.8984 0 19 791
46.9497 0 19 784
46.9996 0 19 786
47.0495 0 19 783
47.0997 0 19 783
47.1476 0 19 789
47.1994 0 19 786
47.2462 0 19 788
47.2998 0 19 785
47.3492 0 19 788
47.3994 0 19 786
47.45 0 19 789
47.4988 0 19 786
47.5491 0 19 785
47.5988 0 19 791
47.6495 0 19 791
47.6976 0 19 790
47.7487 0 19 790
47.8 0 19 791
47.85 0 19 794
47.8996 0 19 800
47.9492 0 19 796
47.9999 0 19 797
48.049 0 19 797
48.0996 0 19 796
48.1485 0 19 795
48.1991 0 19 796
48.2496 0 19 801
48.2999 0 19 802
48.3488 0 19 810
48.3999 0 19 810
48.4498 0 19 806
48.4996 0 19 803
48.5475 0 19 802
48.5995 0 19 803
48.6444 0 19 804
48.7 0 19 806
48.7499 0 19 807
48.7998 0 19 808
48.8499 0 19 810
48.8996 0 19 815
48.9498 0 19 813
48.9987 0 19 813
49.0484 0 19 814
49.0994 0 19 815
49.1498 0 19 817
49.1995 0 19 815
49.2492 0 19 809
49.2981 0 19 809
49.3488 0 19 808
49.3993 0 19 811
49.449 0 19 807
49.4989 0 19 810
49.5468 0 19 813
49.5996 0 19 816
49.6495 0 19 814
49.6995 0 19 811
49.7486 0 19 806
49.7995 0 19 805
49.8497 0 19 804
49.8992 0 19 805
49.9487 0 19 800
49.9994 0 19 800
50.0003 0 19 800
