0.0499428 989 0 13
0.099864 981 4 31
0.149208 969 5 43
0.199858 964 7 55
0.249893 955 7 68
0.299993 948 10 79
0.349963 940 12 89
0.399912 935 15 103
0.448961 929 18 112
0.499782 921 26 121
0.549322 914 27 125
0.599989 906 34 133
0.649897 898 39 144
0.69964 891 44 153
0.749832 886 48 165
0.799911 880 55 176
0.849855 875 57 183
0.899985 870 59 187
0.949901 861 62 191
0.999274 860 64 197
1.04997 857 64 202
1.09901 852 68 208
1.14997 847 69 212
1.19969 843 71 217
1.24944 838 72 224
1.29984 832 77 229
1.34986 829 80 234
1.39945 825 83 239
1.44982 818 87 242
1.49953 813 90 241
1.54986 810 92 240
1.59959 806 102 254
1.64996 801 103 258
1.69988 798 111 264
1.74967 793 116 270
1.79999 789 122 279
1.84981 784 126 281
1.89957 779 130 283
1.94992 775 135 281
1.99995 768 141 288
2.04984 766 143 287
2.09984 760 146 290
2.14981 753 151 295
2.19981 751 156 301
2.24974 748 160 306
2.29984 747 164 316
2.34889 742 177 321
2.39999 734 179 326
2.44977 731 186 327
2.49995 725 187 328
2.54993 720 194 332
2.5998 716 201 328
2.64992 711 208 329
2.69944 705 216 332
2.74992 697 217 335
2.79975 694 221 339
2.84967 689 224 339
2.89952 686 230 342
2.94978 681 237 342
2.9999 675 241 349
3.04992 671 244 351
3.09987 668 249 358
3.14991 665 252 358
3.1998 662 261 355
3.24921 659 265 352
3.29924 655 269 352
3.34984 648 273 359
3.39994 645 275 362
3.44966 644 279 366
3.49924 642 282 369
3.54986 639 287 370
3.59996 636 285 373
3.6498 631 290 376
3.69932 624 296 380
3.74958 622 300 380
3.79867 619 303 379
3.84982 616 308 382
3.89915 613 313 385
3.94951 608 318 391
3.99991 604 324 390
4.04988 601 332 391
4.09969 600 340 393
4.14997 598 343 401
4.19927 596 343 401
4.24999 588 348 404
4.29982 582 352 409
4.34993 574 357 410
4.39958 570 358 413
4.44994 565 362 417
4.49979 562 363 421
4.54983 557 367 435
4.59984 557 367 442
4.64991 554 374 444
4.69972 551 376 450
4.74972 548 383 449
4.79995 545 389 451
4.84989 541 389 456
4.89978 540 393 458
4.94997 539 396 463
4.99981 534 397 464
5.04957 532 399 464
5.09969 530 404 466
5.14827 526 407 473
5.19996 523 407 471
5.24881 518 402 467
5.2994 515 402 470
5.34994 512 406 479
5.39966 505 407 484
5.44863 503 413 486
5.49992 502 415 490
5.54996 498 413 491
5.59959 494 417 493
5.64972 488 423 491
5.69934 485 423 497
5.74959 484 423 501
5.79995 483 422 502
5.84997 479 426 504
5.89997 474 426 502
5.94972 470 431 503
5.99886 467 428 505
6.04937 465 431 504
6.09992 463 432 508
6.14958 462 433 507
6.19995 458 431 510
6.24939 454 435 514
6.29986 453 434 519
6.34981 447 437 521
6.4 446 436 522
6.44958 442 439 524
6.4997 440 435 522
6.54863 435 436 522
6.59905 432 434 529
6.6498 431 437 535
6.69952 428 439 533
6.74958 424 443 536
6.79935 419 445 536
6.84989 418 446 533
6.89984 415 448 537
6.94935 413 444 540
6.99957 410 445 544
7.04956 407 442 549
7.0992 407 444 544
7.14987 403 443 547
7.19966 397 437 544
7.24884 390 438 551
7.29999 388 436 554
7.34981 385 434 558
7.39998 382 433 562
7.44993 376 432 565
7.49985 374 431 563
7.5496 372 428 563
7.59873 370 427 564
7.64868 368 427 567
7.6987 367 427 570
7.74976 365 424 577
7.79978 360 423 574
7.84963 356 420 570
7.89994 352 418 572
7.94929 352 420 570
7.99981 346 417 570
8.0487 345 414 571
8.09992 343 413 577
8.14964 340 414 581
8.19997 338 413 587
8.24992 333 411 591
8.29989 328 410 593
8.34891 327 406 598
8.39938 326 404 604
8.44985 326 402 608
8.49993 325 406 608
8.54996 324 404 611
8.59982 320 405 607
8.64987 317 401 613
8.69973 314 403 619
8.74991 309 404 618
8.79995 306 400 617
8.84991 304 397 614
8.89989 303 394 616
8.94981 298 392 616
8.9996 296 393 619
9.04994 294 390 625
9.09992 292 387 628
9.14999 287 385 632
9.19986 285 383 646
9.25 283 380 650
9.29951 278 379 652
9.34886 278 378 652
9.39968 276 375 652
9.4493 275 376 649
9.49952 273 375 649
9.54951 270 373 658
9.59954 267 372 664
9.64933 262 370 665
9.69913 260 368 667
9.74988 257 362 673
9.79978 255 360 677
9.84926 251 358 686
9.89882 247 355 683
9.94918 244 354 683
9.99941 244 351 684
10.0491 243 352 694
10.0989 238 350 696
10.15 237 348 697
10.1998 236 346 700
10.2488 234 344 708
10.2988 233 344 712
10.3496 232 346 718
10.3999 229 343 722
10.4495 225 341 719
10.5 220 341 716
10.5494 218 337 717
10.5999 216 333 722
10.6499 215 329 727
10.6995 211 330 729
10.7499 209 328 734
10.7999 205 326 737
10.8497 203 322 737
10.8998 200 317 739
10.9495 198 316 739
10.9999 197 312 735
11.0499 195 313 735
11.1 193 311 739
11.1491 192 310 734
11.1997 189 306 738
11.2487 189 304 746
11.2974 187 301 745
11.3487 184 294 746
11.3986 183 288 748
11.4496 180 287 755
11.4998 176 284 760
11.5498 173 279 757
11.5996 169 278 762
11.6498 168 276 769
11.6998 166 274 768
11.75 164 272 766
11.7987 163 271 771
11.8497 160 271 775
11.8988 155 272 781
11.9497 155 268 789
11.9996 155 266 786
12.05 150 262 785
12.0994 145 261 782
12.1499 141 262 781
12.1996 140 261 787
12.25 139 255 788
12.2999 137 251 792
12.3497 136 249 796
12.3999 132 242 800
12.4492 131 240 799
12.4999 128 240 792
12.55 127 238 790
12.5976 124 236 788
12.6493 122 236 786
12.6995 119 237 786
12.7496 118 234 789
12.7999 117 233 791
12.8498 115 230 790
12.9 113 226 796
12.9498 113 224 798
12.9999 110 223 792
13.05 109 220 795
13.0998 105 219 798
13.1499 104 216 795
13.1992 102 214 788
13.2497 100 211 788
13.2999 98 209 784
13.3495 96 207 785
13.3996 95 207 779
13.4491 93 205 783
13.4998 92 203 782
13.5493 91 201 784
13.5997 88 198 784
13.6496 86 196 788
13.6985 85 191 792
13.75 84 188 785
13.8 82 186 783
13.8479 81 183 782
13.9 80 179 783
13.95 80 177 788
13.9999 79 176 785
14.0496 77 173 787
14.0999 77 172 785
14.1498 77 168 785
14.1999 75 168 791
14.2478 72 167 788
14.2995 70 166 795
14.3499 70 160 794
14.3998 69 158 793
14.4495 66 159 795
14.5 66 159 793
14.5493 66 158 789
14.5993 66 153 792
14.6496 66 150 790
14.6994 64 150 788
14.7483 62 150 786
14.7997 59 149 785
14.8493 59 148 784
14.8998 58 147 787
14.9499 58 145 780
14.9993 57 143 781
15.0495 55 141 775
15.0995 53 138 775
15.1491 51 135 779
15.1986 51 133 778
15.2499 51 130 775
15.2995 47 129 777
15.3484 47 129 777
15.3999 46 128 777
15.4494 44 127 778
15.4997 44 126 780
15.5497 43 126 779
15.5997 42 125 777
15.6493 42 123 776
15.6991 41 122 775
15.7494 40 120 774
15.7991 39 117 776
15.8498 37 115 780
15.9 35 115 781
15.9497 33 115 788
15.9993 33 110 785
16.0478 33 107 781
16.0999 33 105 781
16.15 31 104 779
16.1997 31 104 781
16.2492 31 102 781
16.2993 31 100 778
16.3491 31 100 779
16.3995 30 97 779
16.45 29 96 783
16.4997 29 95 784
16.5491 29 95 786
16.5999 28 94 785
16.6499 28 90 785
16.6996 27 90 788
16.75 27 88 788
16.7997 27 85 793
16.8496 27 84 788
16.8999 25 84 790
16.9499 22 81 793
16.9997 22 81 793
17.049 22 81 793
17.0994 20 80 791
17.1499 20 78 792
17.1998 20 78 787
17.2499 19 77 789
17.2993 19 76 788
17.3493 18 75 789
17.3993 16 73 790
17.4489 15 73 795
17.4999 13 70 795
17.5491 12 69 800
17.5996 11 67 796
17.6497 11 64 796
17.6997 10 63 789
17.7491 10 61 793
17.7996 10 61 790
17.8498 10 61 790
17.899 10 60 790
17.9496 10 60 793
17.9995 9 58 794
18.0494 8 55 797
18.0998 8 54 801
18.1499 8 53 800
18.1999 7 52 796
18.25 7 50 798
18.2997 6 50 794
18.3495 6 49 794
18.399 6 48 791
18.4498 6 48 791
18.5 6 47 795
18.5487 6 46 787
18.5998 5 46 784
18.6495 5 44 786
18.6999 4 42 781
18.7497 4 42 789
18.7996 4 42 791
18.8495 4 41 789
18.9 4 41 792
18.9496 4 39 794
18.9996 3 38 797
19.0489 3 33 799
19.0997 2 33 795
19.1498 2 31 796
19.1997 2 30 797
19.2496 2 29 796
19.2987 2 29 794
19.3499 1 29 791
19.3994 1 29 791
19.4494 1 29 790
19.4997 1 29 787
19.5492 1 29 787
19.599 1 29 786
19.6492 1 29 785
19.6992 1 28 783
19.7492 1 28 781
19.7999 1 28 787
19.8498 1 28 787
19.8998 1 28 788
19.9498 1 28 785
19.9968 0 27 789
20.0499 0 27 785
20.0998 0 27 788
20.1496 0 26 794
20.1986 0 25 792
20.2499 0 25 798
20.2991 0 25 797
20.3492 0 25 797
20.3997 0 25 794
20.4497 0 25 792
20.4998 0 24 790
20.5479 0 24 789
20.5992 0 24 791
20.646 0 24 797
20.699 0 23 797
20.7499 0 23 794
20.7948 0 23 796
20.8498 0 23 794
20.8991 0 23 799
20.9494 0 23 798
20.9993 0 23 801
21.0478 0 23 810
21.0986 0 23 815
21.1498 0 23 815
21.1991 0 23 821
21.2496 0 23 816
21.2987 0 23 818
21.3487 0 23 820
21.3994 0 23 814
21.4495 0 23 817
21.4965 0 23 815
21.5476 0 23 814
21.5995 0 22 823
21.6495 0 22 820
21.6984 0 22 819
21.7498 0 22 814
21.7984 0 22 814
21.8483 0 22 813
21.8999 0 22 813
21.9485 0 22 814
21.9988 0 22 817
22.0496 0 22 815
22.099 0 22 821
22.1473 0 22 819
22.1985 0 22 812
22.2469 0 22 813
22.2992 0 22 815
22.3458 0 22 814
22.3994 0 22 814
22.4476 0 22 818
22.4994 0 22 819
22.5494 0 22 819
22.5996 0 22 815
22.6492 0 22 812
22.6998 0 22 806
22.7491 0 22 807
22.7999 0 22 810
22.8474 0 22 811
22.8987 0 22 812
22.95 0 22 808
22.9998 0 22 806
23.0477 0 22 805
23.0995 0 22 802
23.1497 0 22 802
23.1993 0 22 799
23.249 0 22 800
23.2997 0 22 798
23.349 0 22 805
23.3993 0 22 803
23.4496 0 22 801
23.4995 0 22 806
23.5493 0 22 811
23.5989 0 22 812
23.6496 0 22 808
23.6992 0 22 808
23.7482 0 22 805
23.8 0 22 807
23.8494 0 22 811
23.8977 0 22 810
23.9498 0 22 807
23.9998 0 22 810
24.0499 0 22 806
24.0998 0 22 800
24.1488 0 22 800
24.194 0 22 800
24.249 0 22 801
24.2978 0 22 802
24.3498 0 22 803
24.3996 0 22 798
24.4488 0 22 792
24.4996 0 22 792
24.5485 0 22 789
24.5993 0 22 787
24.6498 0 22 781
24.6998 0 22 784
24.7492 0 22 783
24.7995 0 22 785
24.8499 0 22 792
24.8968 0 22 794
24.9497 0 22 796
24.9994 0 22 796
25.049 0 22 792
25.099 0 22 796
25.1495 0 22 794
25.1996 0 22 797
25.2484 0 22 794
25.2956 0 22 793
25.349 0 22 786
25.3995 0 22 787
25.4486 0 22 787
25.5 0 22 790
25.5499 0 22 790
25.5987 0 22 791
25.6476 0 22 790
25.6996 0 22 789
25.7499 0 22 785
25.7952 0 22 783
25.8492 0 22 786
25.8993 0 22 783
25.9457 0 22 787
25.9965 0 22 787
26.0456 0 22 791
26.0995 0 22 793
26.1494 0 22 793
26.1994 0 22 794
26.2499 0 22 793
26.299 0 22 792
26.3468 0 22 792
26.3992 0 22 792
26.4493 0 22 793
26.4986 0 22 787
26.5493 0 22 788
26.5991 0 22 788
26.6475 0 22 790
26.7 0 22 788
26.7498 0 22 786
26.7974 0 22 788
26.8493 0 22 789
26.8997 0 22 784
26.9484 0 22 785
27 0 22 788
27.0498 0 22 793
27.0999 0 22 796
27.1471 0 22 796
27.1969 0 22 794
27.2477 0 22 798
27.2984 0 22 796
27.3498 0 22 797
27.3963 0 22 804
27.4475 0 22 805
27.4993 0 22 803
27.5498 0 22 803
27.5955 0 22 803
27.6495 0 22 800
27.6984 0 22 802
27.7496 0 22 805
27.7982 0 22 803
27.848 0 22 806
27.8989 0 22 815
27.9497 0 22 814
27.9988 0 22 817
28.0499 0 22 815
28.1 0 22 814
28.1499 0 22 816
28.1998 0 22 817
28.2485 0 22 822
28.2995 0 22 825
28.3487 0 22 821
28.3983 0 22 821
28.4499 0 22 821
28.4999 0 22 819
28.549 0 22 817
28.5997 0 22 814
28.6484 0 22 814
28.6993 0 22 816
28.7493 0 22 812
28.799 0 22 808
28.8497 0 22 807
28.8999 0 22 803
28.9493 0 22 799
28.9987 0 22 799
29.0495 0 22 796
29.0999 0 22 799
29.1493 0 22 793
29.1988 0 22 797
29.2494 0 22 800
29.2994 0 22 797
29.3498 0 22 796
29.3984 0 22 796
29.4481 0 22 802
29.4961 0 22 801
29.5498 0 22 802
29.5998 0 22 799
29.6482 0 22 794
29.6973 0 22 794
29.7494 0 22 790
29.7988 0 22 787
29.849 0 22 784
29.8995 0 22 781
29.9491 0 22 789
29.9995 0 22 792
30.0499 0 22 791
30.1 0 22 794
30.15 0 22 794
30.1998 0 22 805
30.2494 0 22 802
30.2994 0 22 799
30.3469 0 22 796
30.3988 0 22 801
30.4488 0 22 804
30.4997 0 22 804
30.5486 0 22 795
30.5967 0 22 789
30.6486 0 22 793
30.6978 0 22 794
30.7497 0 22 794
30.799 0 22 799
30.8492 0 22 802
30.8988 0 22 804
30.9475 0 22 805
30.9995 0 22 807
31.0493 0 22 805
31.0995 0 22 803
31.1497 0 22 801
31.1961 0 22 804
31.2497 0 22 801
31.2993 0 22 802
31.3485 0 22 802
31.3999 0 22 804
31.4494 0 22 807
31.4985 0 22 802
31.5474 0 22 803
31.5993 0 22 802
31.6492 0 22 800
31.6995 0 22 797
31.7477 0 22 792
31.8 0 22 796
31.8495 0 22 800
31.8926 0 22 802
31.9486 0 22 798
31.9975 0 22 798
32.0484 0 22 805
32.0981 0 22 801
32.1493 0 22 801
32.1983 0 22 805
32.2499 0 22 805
32.2999 0 22 806
32.3491 0 22 805
32.397 0 22 799
32.4499 0 22 799
32.4964 0 22 807
32.5485 0 22 805
32.5998 0 22 809
32.6492 0 22 806
32.6999 0 22 807
32.7499 0 22 812
32.7988 0 22 813
32.8496 0 22 810
32.8993 0 22 808
32.9493 0 22 803
32.9999 0 22 801
33.0492 0 22 800
33.0992 0 22 798
33.1496 0 22 797
33.1991 0 22 798
33.2497 0 22 796
33.2998 0 22 797
33.3497 0 22 794
33.3986 0 22 793
33.4468 0 22 788
33.4971 0 22 794
33.548 0 22 791
33.5984 0 22 792
33.6485 0 22 790
33.6964 0 22 794
33.7481 0 22 791
33.7986 0 22 794
33.8494 0 22 796
33.8987 0 22 799
33.9488 0 22 797
33.9992 0 22 799
34.0475 0 22 799
34.0998 0 22 803
34.149 0 22 801
34.1996 0 22 803
34.2498 0 22 805
34.2995 0 22 804
34.3488 0 22 803
34.3993 0 22 803
34.4487 0 22 805
34.4947 0 22 803
34.5491 0 22 798
34.5993 0 22 805
34.6498 0 22 805
34.6991 0 22 796
34.7496 0 22 793
34.7988 0 22 791
34.8496 0 22 795
34.8993 0 22 793
34.95 0 22 795
34.9993 0 22 793
35.0488 0 22 794
35.095 0 22 797
35.1498 0 22 796
35.1997 0 22 798
35.2484 0 22 802
35.2963 0 22 804
35.3487 0 22 802
35.3997 0 22 798
35.4483 0 22 801
35.4993 0 22 800
35.5499 0 22 803
35.5984 0 22 803
35.65 0 22 799
35.6994 0 22 804
35.7493 0 22 806
35.7995 0 22 813
35.8481 0 22 809
35.8999 0 22 807
35.949 0 22 807
35.9996 0 22 810
36.0498 0 22 809
36.1 0 22 813
36.1495 0 22 816
36.1996 0 22 811
36.2494 0 22 807
36.2989 0 22 808
36.3469 0 22 809
36.3954 0 22 813
36.4496 0 22 809
36.4992 0 22 804
36.5496 0 22 804
36.5992 0 22 806
36.647 0 22 809
36.6991 0 22 813
36.75 0 22 811
36.7986 0 22 809
36.8484 0 22 811
36.8999 0 22 806
36.9494 0 22 810
36.9982 0 22 808
37.0485 0 22 806
37.0969 0 22 800
37.1486 0 22 799
37.1993 0 22 801
37.2464 0 22 801
37.2943 0 22 807
37.35 0 22 802
37.3995 0 22 794
37.4462 0 22 792
37.5 0 22 788
37.5499 0 22 789
37.5982 0 22 795
37.6475 0 22 791
37.6999 0 22 791
37.7492 0 22 789
37.7999 0 22 790
37.8482 0 22 789
37.8995 0 22 794
37.9498 0 22 797
37.9988 0 22 792
38.0495 0 22 794
38.1 0 22 792
38.1487 0 22 793
38.1992 0 22 786
38.2499 0 22 786
38.3 0 22 785
38.345 0 22 784
38.3993 0 22 784
38.4495 0 22 784
38.4982 0 22 787
38.5494 0 22 788
38.5999 0 22 789
38.6499 0 22 787
38.6978 0 22 787
38.7486 0 22 787
38.7976 0 22 787
38.8497 0 22 785
38.8992 0 22 782
38.9486 0 22 784
38.9966 0 22 788
39.0497 0 22 790
39.0993 0 22 794
39.15 0 22 791
39.1994 0 22 788
39.2491 0 22 792
39.2998 0 22 797
39.3495 0 22 801
39.3993 0 22 798
39.45 0 22 796
39.4994 0 22 794
39.5475 0 22 793
39.5982 0 22 796
39.6482 0 22 799
39.6996 0 22 800
39.7484 0 22 802
39.7994 0 22 798
39.8497 0 22 796
39.8992 0 22 798
39.9499 0 22 798
39.9994 0 22 797
40.05 0 22 801
40.0977 0 22 802
40.1499 0 22 802
40.2 0 22 801
40.2465 0 22 802
40.2967 0 22 805
40.3495 0 22 798
40.3998 0 22 792
40.4497 0 22 791
40.4996 0 22 790
40.5491 0 22 791
40.5979 0 22 787
40.6498 0 22 782
40.6999 0 22 784
40.7454 0 22 787
40.7994 0 22 786
40.8498 0 22 786
40.8996 0 22 788
40.9498 0 22 789
40.9972 0 22 785
41.0498 0 22 786
41.0991 0 22 793
41.1499 0 22 800
41.1996 0 22 794
41.2487 0 22 783
41.3 0 22 781
41.3489 0 22 782
41.398 0 22 786
41.4492 0 22 781
41.499 0 22 785
41.5492 0 22 783
41.5998 0 22 777
41.6498 0 22 774
41.6999 0 22 774
41.7499 0 22 772
41.799 0 22 773
41.8488 0 22 772
41.8975 0 22 768
41.9495 0 22 775
41.9999 0 22 777
42.0491 0 22 782
42.0971 0 22 785
42.1487 0 22 785
42.1984 0 22 785
42.2496 0 22 791
42.2988 0 22 791
42.349 0 22 790
42.3999 0 22 794
42.4492 0 22 793
42.4984 0 22 795
42.5489 0 22 793
42.5997 0 22 793
42.6498 0 22 790
42.6992 0 22 788
42.7497 0 22 787
42.7994 0 22 784
42.8491 0 22 786
42.8996 0 22 784
42.9493 0 22 781
42.9998 0 22 784
43.0499 0 22 784
43.0975 0 22 788
43.1493 0 22 789
43.1979 0 22 792
43.2494 0 22 791
43.299 0 22 792
43.3498 0 22 792
43.3985 0 22 796
43.4498 0 22 798
43.4985 0 22 796
43.55 0 22 798
43.5981 0 22 802
43.6494 0 22 804
43.6992 0 22 803
43.7498 0 22 807
43.799 0 22 813
43.8487 0 22 813
43.897 0 22 814
43.9493 0 22 817
43.9993 0 22 815
44.0485 0 22 818
44.0996 0 22 814
44.1498 0 22 809
44.1979 0 22 810
44.2499 0 22 809
44.2991 0 22 805
44.3493 0 22 800
44.3995 0 22 795
44.4488 0 22 792
44.4999 0 22 783
44.5495 0 22 788
44.6 0 22 788
44.6496 0 22 790
44.6997 0 22 791
44.7495 0 22 794
44.7987 0 22 790
44.8434 0 22 792
44.8984 0 22 795
44.9496 0 22 792
44.9982 0 22 793
45.0476 0 22 794
45.0999 0 22 797
45.1493 0 22 795
45.1985 0 22 799
45.2491 0 22 805
45.2976 0 22 811
45.3498 0 22 810
45.3999 0 22 809
45.4486 0 22 813
45.497 0 22 808
45.5496 0 22 803
45.5992 0 22 802
45.65 0 22 802
45.6982 0 22 800
45.7465 0 22 800
45.8 0 22 805
45.8497 0 22 800
45.894 0 22 801
45.9494 0 22 802
45.998 0 22 800
46.0496 0 22 799
46.0994 0 22 795
46.1485 0 22 796
46.1962 0 22 799
46.2498 0 22 803
46.2979 0 22 802
46.3495 0 22 801
46.3992 0 22 808
46.4492 0 22 809
46.4989 0 22 809
46.5496 0 22 810
46.6 0 22 806
46.6495 0 22 806
46.6953 0 22 806
46.7461 0 22 805
46.7926 0 22 807
46.8491 0 22 804
46.8985 0 22 800
46.9483 0 22 795
46.9984 0 22 791
47.0462 0 22 788
47.0992 0 22 789
47.148 0 22 793
47.1985 0 22 792
47.25 0 22 788
47.2952 0 22 790
47.35 0 22 786
47.3969 0 22 786
47.4499 0 22 781
47.4999 0 22 781
47.5499 0 22 781
47.5996 0 22 780
47.65 0 22 775
47.6995 0 22 776
47.7492 0 22 779
47.7999 0 22 777
47.8467 0 22 777
47.8986 0 22 773
47.9498 0 22 777
47.9986 0 22 780
48.0484 0 22 774
48.0993 0 22 772
48.1498 0 22 766
48.1991 0 22 766
48.2493 0 22 769
48.2979 0 22 769
48.3491 0 22 772
48.3993 0 22 773
48.4491 0 22 769
48.4998 0 22 769
48.5477 0 22 771
48.5992 0 22 774
48.6476 0 22 780
48.6999 0 22 779
48.7483 0 22 778
48.7995 0 22 778
48.849 0 22 778
48.9 0 22 781
48.95 0 22 779
49 0 22 781
49.0494 0 22 784
49.0927 0 22 783
49.1499 0 22 782
49.1981 0 22 787
49.25 0 22 792
49.2997 0 22 797
49.3498 0 22 796
49.3982 0 22 795
49.4477 0 22 791
49.4995 0 22 792
49.5486 0 22 793
49.6 0 22 799
49.6496 0 22 803
49.699 0 22 799
49.7496 0 22 802
49.7992 0 22 803
49.8494 0 22 802
49.8989 0 22 800
49.9496 0 22 801
49.9996 0 22 800
50.0037 0 22 801
