0.0495606 994 0 14
0.0999693 991 2 27
0.1497 983 3 39
0.198943 976 5 53
0.249798 965 5 61
0.299722 956 8 78
0.349383 952 11 91
0.399851 942 14 104
0.44962 937 17 116
0.499956 931 21 131
0.549886 921 24 136
0.599852 918 30 149
0.649888 913 35 162
0.6998 909 39 170
0.749873 906 43 176
0.799597 901 55 181
0.849681 896 60 188
0.899575 891 65 193
0.94989 887 68 204
0.999747 882 71 209
1.04947 879 76 208
1.09991 873 78 210
1.14977 869 78 221
1.19985 868 81 228
1.24988 859 85 234
1.2999 854 89 237
1.34991 847 96 234
1.39979 845 103 245
1.44994 838 107 248
1.49992 834 113 265
1.54993 832 119 268
1.59993 829 121 269
1.64908 828 124 271
1.69981 822 131 270
1.74884 810 135 273
1.79998 805 139 272
1.84959 801 147 278
1.89987 799 149 275
1.94993 793 153 276
1.99912 786 163 280
2.04971 780 166 282
2.09949 775 175 286
2.14979 770 188 286
2.19969 768 189 294
2.24983 762 194 297
2.29988 759 201 301
2.34979 755 205 306
2.3999 752 214 311
2.44992 749 217 307
2.49951 747 223 310
2.54986 742 230 320
2.59988 737 228 322
2.6495 734 234 324
2.69984 732 241 325
2.74973 727 245 324
2.79964 723 247 325
2.84933 714 251 325
2.89932 710 262 326
2.94988 706 270 329
2.99975 702 276 331
3.04919 694 280 333
3.09997 686 289 337
3.14981 684 297 336
3.19968 679 300 337
3.24959 672 303 340
3.29989 667 312 344
3.34963 666 320 339
3.39991 661 327 338
3.44958 659 328 343
3.49989 655 331 350
3.54992 651 335 348
3.59985 647 339 354
3.6498 642 346 358
3.69995 641 348 364
3.74975 634 351 367
3.79987 632 350 365
3.8493 627 350 368
3.89925 619 357 375
3.94914 613 363 381
3.999 612 365 380
4.04985 611 369 382
4.09998 608 371 383
4.14949 604 377 385
4.19997 601 386 391
4.24997 599 393 397
4.29981 596 395 403
4.34892 590 403 406
4.39908 588 408 412
4.44954 581 409 416
4.49939 576 416 419
4.54994 573 423 419
4.59993 565 421 417
4.6493 561 424 420
4.69996 560 425 424
4.74999 560 430 431
4.79962 556 435 435
4.84984 552 436 438
4.89994 549 438 438
4.94993 546 441 438
4.99952 544 449 438
5.04987 541 449 437
5.09984 534 450 438
5.14998 534 454 434
5.19974 531 457 437
5.24961 529 457 436
5.2989 528 457 441
5.34951 525 457 444
5.39953 518 454 449
5.44995 511 453 450
5.49755 506 454 453
5.54974 506 459 453
5.59949 503 458 461
5.64984 495 458 465
5.69996 494 459 467
5.74959 492 459 472
5.79972 487 458 480
5.8491 484 454 479
5.89983 481 452 479
5.94936 474 454 482
5.99996 472 455 482
6.04945 467 455 485
6.09995 466 459 487
6.14995 464 455 490
6.19992 461 461 492
6.24963 458 463 496
6.29956 453 466 500
6.34956 451 464 505
6.39988 447 464 509
6.44907 446 464 510
6.49921 439 465 511
6.54908 431 461 511
6.5994 429 465 517
6.64986 426 466 518
6.69994 424 468 517
6.74979 423 469 520
6.79982 421 466 517
6.84961 419 467 514
6.89991 416 468 517
6.94969 415 469 522
6.99996 411 469 523
7.04877 406 468 523
7.09959 404 461 532
7.14964 397 462 535
7.19982 391 463 534
7.24874 390 464 536
7.29982 387 466 535
7.3493 385 464 539
7.39935 381 461 538
7.44897 377 458 541
7.49996 373 462 549
7.54957 373 464 549
7.59919 371 462 553
7.64988 369 460 557
7.69993 367 460 561
7.74947 364 460 561
7.79913 363 456 571
7.8488 359 455 573
7.89947 355 457 575
7.94984 352 451 581
7.9994 350 448 583
8.04974 348 447 594
8.09977 347 446 597
8.14938 344 444 597
8.19975 342 441 600
8.24998 339 442 601
8.29999 334 441 606
8.34837 329 440 610
8.39943 327 441 620
8.4497 322 440 624
8.49798 318 442 621
8.5499 315 437 621
8.59876 311 436 628
8.6497 309 435 628
8.69981 308 434 632
8.7499 306 432 634
8.79888 302 430 635
8.84964 301 425 637
8.89991 295 423 638
8.94863 292 422 644
8.9998 290 423 647
9.04945 289 420 654
9.09907 288 422 660
9.14945 286 421 676
9.19879 285 418 677
9.24953 280 414 678
9.29988 278 412 681
9.34998 276 406 685
9.39999 274 403 686
9.44979 273 403 689
9.49983 268 403 685
9.54992 264 399 689
9.59978 262 396 689
9.64975 261 394 686
9.69963 260 393 688
9.74999 256 390 693
9.79946 252 387 694
9.84854 248 383 696
9.89999 243 382 698
9.9497 237 379 697
9.99932 233 376 699
10.0496 228 371 705
10.1 226 367 703
10.1487 225 365 708
10.1995 224 363 714
10.2498 221 358 723
10.299 220 357 720
10.3498 216 354 714
10.3998 214 351 722
10.4498 212 349 727
10.4996 212 345 727
10.5498 212 341 728
10.5985 209 340 728
10.65 209 335 735
10.7 205 333 741
10.7499 201 334 739
10.7997 197 329 745
10.849 196 328 744
10.8995 194 325 754
10.9497 191 322 756
10.9989 187 321 758
11.05 186 319 760
11.0993 185 315 762
11.1498 181 315 762
11.1998 178 315 760
11.2499 177 315 762
11.2999 175 314 764
11.3499 174 312 763
11.3999 173 311 763
11.4496 171 308 764
11.4999 169 302 764
11.5499 169 298 768
11.5998 167 295 774
11.6499 164 293 773
11.6989 162 292 776
11.7498 161 291 777
11.8 158 288 775
11.85 155 286 777
11.8992 154 286 778
11.95 153 283 783
12 152 279 787
12.0494 147 277 785
12.0993 147 271 780
12.1498 146 269 782
12.1991 146 267 780
12.2484 142 264 781
12.2989 140 264 781
12.3497 139 261 782
12.3998 138 259 781
12.4495 137 258 781
12.4998 134 257 780
12.5498 132 256 778
12.5993 131 254 780
12.6494 131 250 784
12.6996 131 249 790
12.7492 128 246 790
12.7998 127 242 787
12.8492 127 237 786
12.8999 127 235 792
12.9494 126 233 798
12.9998 123 231 799
13.0494 121 228 797
13.0984 120 229 800
13.1497 118 226 803
13.1992 115 225 802
13.2498 113 219 808
13.2991 113 217 814
13.3495 113 214 813
13.3992 112 208 807
13.4487 112 207 803
13.4997 110 202 797
13.5497 108 200 792
13.599 107 198 786
13.6499 107 197 783
13.6994 103 194 784
13.7498 101 193 788
13.7999 99 192 789
13.8497 96 189 787
13.8988 96 189 789
13.9499 92 187 789
14 91 185 787
14.0495 86 183 787
14.0997 85 182 788
14.1498 82 180 785
14.1987 82 177 781
14.2497 81 174 779
14.2995 80 173 778
14.3498 80 171 785
14.3999 78 169 786
14.4494 77 166 789
14.4998 74 162 787
14.548 73 159 787
14.5995 72 155 784
14.6498 72 153 785
14.7 67 151 785
14.749 67 150 789
14.7997 67 148 790
14.8498 66 147 795
14.8983 65 143 792
14.9497 64 140 791
14.9996 62 136 790
15.0495 61 133 793
15.1 61 132 792
15.1499 61 131 795
15.1999 60 128 797
15.2499 58 127 796
15.2998 57 126 795
15.3498 57 125 798
15.3997 55 123 799
15.4483 54 122 800
15.5 52 121 796
15.5497 52 120 800
15.5992 51 120 801
15.6494 49 120 804
15.6997 49 119 806
15.75 49 118 804
15.7996 49 118 800
15.8499 47 114 804
15.8996 45 112 810
15.9498 45 111 803
15.9999 45 110 796
16.0483 43 109 794
16.0972 43 107 801
16.1499 43 105 800
16.1999 41 103 800
16.2491 40 102 802
16.3 38 102 798
16.3496 37 98 801
16.3997 35 95 799
16.4496 34 93 793
16.4998 34 93 798
16.5495 32 93 798
16.5989 32 90 801
16.6496 31 89 800
16.7 31 89 800
16.7478 29 86 801
16.799 29 83 799
16.8489 27 83 810
16.8988 27 83 806
16.9496 25 83 807
16.9999 24 81 810
17.0494 23 81 804
17.0987 23 80 806
17.1499 23 78 806
17.1986 22 77 804
17.2498 21 76 799
17.3 20 73 803
17.35 20 72 809
17.3987 20 70 808
17.4498 19 69 803
17.499 19 67 802
17.5486 15 67 797
17.5998 15 67 797
17.649 15 65 799
17.6996 14 64 794
17.75 13 64 796
17.7991 12 62 789
17.8497 11 60 789
17.8998 10 57 791
17.95 9 56 788
17.9999 9 55 792
18.0498 9 54 787
18.1 7 54 789
18.1491 7 52 791
18.1997 7 51 793
18.2495 7 50 796
18.2991 7 48 791
18.3483 7 46 795
18.3997 6 45 796
18.4497 6 45 797
18.4997 6 44 798
18.5489 5 43 803
18.599 5 41 808
18.6493 5 41 799
18.6988 5 38 799
18.7498 5 38 798
18.8 4 37 799
18.8489 4 37 797
18.8979 4 35 801
18.95 4 35 805
18.9992 4 35 806
19.0494 3 31 806
19.099 3 31 805
19.15 3 30 802
19.1996 3 30 806
19.2489 3 30 809
19.2993 3 30 804
19.3497 3 30 814
19.3995 2 30 814
19.4497 1 30 814
19.4979 1 30 810
19.5491 1 30 812
19.5962 1 30 812
19.6499 1 29 811
19.6987 1 29 806
19.75 1 29 805
19.7989 1 29 801
19.8487 0 29 801
19.8999 0 28 808
19.9492 0 28 812
19.9995 0 28 816
20.0479 0 28 813
20.0993 0 28 809
20.15 0 28 806
20.1997 0 28 809
20.2483 0 28 802
20.299 0 27 801
20.35 0 27 798
20.3998 0 27 802
20.448 0 27 808
20.4994 0 27 805
20.5499 0 27 799
20.5992 0 27 804
20.6494 0 27 807
20.6999 0 27 806
20.7499 0 26 809
20.7987 0 25 811
20.848 0 25 810
20.8998 0 25 807
20.95 0 25 811
20.9998 0 25 810
21.0469 0 25 805
21.0984 0 25 805
21.1485 0 25 806
21.1986 0 25 803
21.2494 0 25 802
21.298 0 25 807
21.3499 0 25 808
21.3985 0 25 807
21.4495 0 25 801
21.4965 0 25 800
21.5499 0 25 800
21.5998 0 25 799
21.6499 0 25 797
21.6991 0 25 796
21.7488 0 25 796
21.7965 0 25 793
21.8498 0 25 796
21.8977 0 25 795
21.9488 0 25 800
21.9958 0 25 797
22.0499 0 25 794
22.0981 0 25 795
22.1492 0 25 792
22.1999 0 25 791
22.2485 0 25 791
22.2994 0 25 789
22.3498 0 25 790
22.3997 0 25 792
22.4497 0 25 796
22.4996 0 25 802
22.5488 0 25 806
22.5986 0 25 813
22.6496 0 25 810
22.6998 0 25 811
22.7498 0 25 813
22.7993 0 25 816
22.849 0 25 814
22.9 0 25 809
22.9486 0 25 813
22.9976 0 25 815
23.0498 0 25 813
23.0919 0 25 816
23.149 0 25 817
23.1997 0 25 814
23.2497 0 25 810
23.2992 0 25 813
23.35 0 25 815
23.3998 0 25 815
23.4481 0 25 817
23.4996 0 25 823
23.5499 0 25 821
23.5996 0 25 822
23.6442 0 25 822
23.6991 0 25 824
23.7492 0 25 822
23.7996 0 25 819
23.8499 0 25 823
23.8987 0 25 822
23.9485 0 25 826
23.9998 0 25 818
24.0499 0 25 813
24.0982 0 25 817
24.1499 0 25 819
24.1992 0 25 812
24.2492 0 25 813
24.2975 0 25 810
24.3499 0 25 813
24.3993 0 25 809
24.4496 0 24 809
24.4999 0 24 801
24.5482 0 24 800
24.5996 0 24 799
24.6498 0 24 800
24.6999 0 24 800
24.75 0 24 798
24.7996 0 24 804
24.8499 0 24 805
24.8992 0 24 809
24.9498 0 24 806
24.9996 0 24 810
25.0499 0 24 810
25.0989 0 24 809
25.1483 0 24 808
25.1993 0 24 803
25.2476 0 24 804
25.2997 0 24 799
25.3458 0 24 799
25.3999 0 24 797
25.4464 0 24 798
25.4995 0 24 805
25.55 0 24 802
25.5976 0 24 799
25.6492 0 24 795
25.6998 0 24 796
25.7494 0 24 793
25.7993 0 24 794
25.8499 0 24 796
25.8993 0 24 798
25.9492 0 24 797
25.9981 0 24 796
26.05 0 24 796
26.0995 0 24 795
26.1486 0 24 797
26.2 0 24 793
26.2482 0 24 797
26.3 0 24 801
26.3497 0 24 799
26.3999 0 24 800
26.4498 0 24 804
26.4997 0 24 802
26.5499 0 24 799
26.594 0 24 797
26.6498 0 24 799
26.6994 0 24 799
26.7497 0 24 799
26.7973 0 24 795
26.8489 0 24 795
26.8972 0 24 795
26.9459 0 24 795
26.9985 0 24 797
27.0499 0 24 803
27.1 0 24 801
27.1493 0 24 798
27.1999 0 24 798
27.2497 0 24 801
27.2995 0 24 800
27.3498 0 24 802
27.3997 0 24 802
27.4498 0 24 804
27.4996 0 24 806
27.55 0 24 804
27.5999 0 24 799
27.6488 0 24 799
27.6998 0 24 798
27.7486 0 24 799
27.7992 0 24 796
27.8472 0 24 792
27.8994 0 24 792
27.9492 0 24 796
27.9991 0 24 793
28.0475 0 24 798
28.0997 0 24 802
28.1489 0 24 800
28.1995 0 24 805
28.2468 0 24 805
28.2998 0 24 801
28.3499 0 24 799
28.3997 0 24 793
28.4455 0 24 794
28.4978 0 24 793
28.5496 0 24 794
28.5992 0 24 791
28.6497 0 24 789
28.6989 0 24 789
28.7495 0 24 789
28.7999 0 24 792
28.8492 0 24 790
28.8982 0 24 791
28.9493 0 24 791
28.9994 0 24 793
29.0492 0 24 795
29.0976 0 24 798
29.1465 0 24 797
29.1986 0 24 796
29.249 0 24 796
29.2982 0 24 799
29.3494 0 24 797
29.3982 0 24 798
29.4494 0 24 796
29.4987 0 24 792
29.5496 0 24 793
29.5985 0 24 795
29.6488 0 24 793
29.6996 0 24 794
29.7497 0 24 796
29.7989 0 24 795
29.8473 0 24 796
29.8992 0 24 798
29.9478 0 24 802
29.9991 0 24 798
30.0496 0 24 796
30.0989 0 24 795
30.1488 0 24 796
30.1996 0 24 801
30.2496 0 24 800
30.2991 0 24 802
30.3499 0 24 801
30.3999 0 24 799
30.45 0 24 799
30.5 0 24 804
30.549 0 24 805
30.5978 0 24 802
30.6499 0 24 810
30.6994 0 24 806
30.7498 0 24 805
30.7979 0 24 797
30.85 0 24 799
30.8998 0 24 804
30.9483 0 24 804
30.999 0 24 804
31.0488 0 24 811
31.0983 0 24 812
31.1479 0 24 815
31.1983 0 24 813
31.2499 0 24 812
31.2997 0 24 808
31.3497 0 24 809
31.398 0 24 804
31.449 0 24 807
31.4998 0 24 808
31.547 0 24 810
31.5998 0 24 811
31.6496 0 24 815
31.7 0 24 818
31.7486 0 24 817
31.7999 0 24 817
31.8499 0 24 813
31.8966 0 24 810
31.9458 0 24 809
31.9981 0 24 806
32.0469 0 24 805
32.0962 0 24 806
32.1496 0 24 805
32.1997 0 24 808
32.2495 0 24 807
32.2997 0 24 803
32.3499 0 24 803
32.3999 0 24 800
32.449 0 24 802
32.4993 0 24 803
32.5495 0 24 801
32.5969 0 24 798
32.6493 0 24 792
32.6983 0 24 794
32.7489 0 24 794
32.7968 0 24 793
32.8496 0 24 789
32.9 0 24 789
32.9494 0 24 784
32.9986 0 24 784
33.0496 0 24 782
33.0972 0 24 780
33.1489 0 24 782
33.1979 0 24 781
33.2497 0 24 782
33.2985 0 24 787
33.3491 0 24 789
33.3988 0 24 790
33.4494 0 24 786
33.5 0 24 787
33.5482 0 24 788
33.5993 0 24 781
33.6485 0 24 782
33.6991 0 24 781
33.7495 0 24 784
33.7964 0 24 788
33.8477 0 24 793
33.8993 0 24 797
33.9495 0 24 795
33.9985 0 24 794
34.0498 0 24 796
34.0962 0 24 799
34.1497 0 24 801
34.1987 0 24 803
34.2499 0 24 802
34.2996 0 24 804
34.3488 0 24 803
34.3999 0 24 805
34.4481 0 24 805
34.4989 0 24 808
34.5486 0 24 808
34.5996 0 24 809
34.6492 0 24 808
34.6998 0 24 807
34.7498 0 24 806
34.7998 0 24 805
34.8472 0 24 801
34.8997 0 24 802
34.9495 0 24 800
34.9995 0 24 801
35.0474 0 24 799
35.0997 0 24 794
35.1498 0 24 795
35.1999 0 24 796
35.2496 0 24 793
35.2991 0 24 790
35.3498 0 24 788
35.3999 0 24 790
35.4498 0 24 785
35.4997 0 24 784
35.5498 0 24 786
35.5996 0 24 786
35.6491 0 24 791
35.6998 0 24 792
35.7486 0 24 791
35.7999 0 24 794
35.8458 0 24 796
35.8999 0 24 797
35.9485 0 24 796
35.9999 0 24 794
36.048 0 24 794
36.0982 0 24 791
36.1496 0 24 789
36.1955 0 24 788
36.2467 0 24 785
36.2997 0 24 784
36.3478 0 24 787
36.3979 0 24 787
36.4498 0 24 791
36.4997 0 24 791
36.5497 0 24 795
36.5997 0 24 799
36.6498 0 24 799
36.6998 0 24 800
36.7485 0 24 798
36.7999 0 24 800
36.8499 0 24 803
36.8994 0 24 803
36.9498 0 24 800
36.9984 0 24 802
37.0496 0 24 802
37.0995 0 24 805
37.1498 0 24 803
37.1991 0 24 806
37.2493 0 24 808
37.2994 0 24 817
37.3498 0 24 818
37.399 0 24 818
37.4491 0 24 812
37.4997 0 24 813
37.5489 0 24 813
37.5995 0 24 813
37.6484 0 24 809
37.6949 0 24 809
37.747 0 24 808
37.7986 0 24 806
37.8493 0 24 807
37.8992 0 24 802
37.9498 0 24 805
37.9985 0 24 805
38.0488 0 24 803
38.0986 0 24 809
38.1474 0 24 809
38.1986 0 24 804
38.2498 0 24 802
38.2998 0 24 800
38.3476 0 24 796
38.3998 0 24 799
38.4489 0 24 801
38.5 0 24 801
38.547 0 24 793
38.5993 0 24 788
38.6495 0 24 790
38.7 0 24 787
38.7498 0 24 792
38.7998 0 24 793
38.8499 0 24 786
38.8933 0 24 784
38.9478 0 24 781
38.9992 0 24 780
39.0486 0 24 778
39.0993 0 24 780
39.1499 0 24 779
39.1998 0 24 783
39.249 0 24 781
39.2994 0 24 782
39.3487 0 24 783
39.3992 0 24 787
39.4491 0 24 787
39.4989 0 24 788
39.5498 0 24 793
39.5999 0 24 793
39.6492 0 24 792
39.6996 0 24 794
39.75 0 24 792
39.7981 0 24 789
39.8498 0 24 788
39.8997 0 24 792
39.949 0 24 786
39.9982 0 24 789
40.0482 0 24 786
40.0987 0 24 789
40.1493 0 24 787
40.1974 0 24 783
40.2487 0 24 784
40.2983 0 24 779
40.3494 0 24 783
40.3986 0 24 790
40.4487 0 24 786
40.4985 0 24 791
40.5495 0 24 791
40.5965 0 24 793
40.6485 0 24 794
40.6993 0 24 799
40.7497 0 24 799
40.7993 0 24 804
40.8497 0 24 805
40.8995 0 24 804
40.9499 0 24 806
40.9998 0 24 805
41.0494 0 24 807
41.0997 0 24 806
41.1486 0 24 808
41.199 0 24 807
41.2482 0 24 805
41.3 0 24 803
41.3498 0 24 804
41.4 0 24 805
41.4495 0 24 797
41.4992 0 24 796
41.55 0 24 799
41.5999 0 24 797
41.6497 0 24 794
41.6993 0 24 791
41.7488 0 24 793
41.7999 0 24 796
41.8498 0 24 802
41.8996 0 24 804
41.949 0 24 805
41.9986 0 24 805
42.0482 0 24 807
42.0998 0 24 812
42.149 0 24 810
42.199 0 24 804
42.25 0 24 804
42.2988 0 24 804
42.3493 0 24 799
42.3999 0 24 802
42.4488 0 24 798
42.4997 0 24 797
42.5463 0 24 795
42.5996 0 24 790
42.6498 0 24 789
42.6999 0 24 791
42.7494 0 24 794
42.8 0 24 792
42.8495 0 24 795
42.9 0 24 794
42.9495 0 24 795
42.9998 0 24 790
43.0491 0 24 792
43.0999 0 24 793
43.15 0 24 789
43.1968 0 24 788
43.2498 0 24 789
43.2987 0 24 790
43.3488 0 24 793
43.3995 0 24 790
43.4499 0 24 792
43.4982 0 24 791
43.5493 0 24 797
43.5992 0 24 799
43.6487 0 24 796
43.699 0 24 798
43.7494 0 24 798
43.7981 0 24 798
43.8481 0 24 798
43.899 0 24 799
43.9483 0 24 800
43.9999 0 24 805
44.0471 0 24 802
44.0995 0 24 796
44.1495 0 24 796
44.1996 0 24 793
44.2493 0 24 797
44.2988 0 24 801
44.35 0 24 804
44.3991 0 24 803
44.448 0 24 804
44.4991 0 24 799
44.5488 0 24 799
44.5999 0 24 798
44.6495 0 24 798
44.6998 0 24 790
44.7472 0 24 792
44.7998 0 24 789
44.8494 0 24 791
44.8998 0 24 793
44.9497 0 24 793
44.9988 0 24 791
45.0476 0 24 793
45.0996 0 24 795
45.1493 0 24 795
45.1999 0 24 798
45.2486 0 24 797
45.2988 0 24 792
45.3495 0 24 790
45.3995 0 24 791
45.4469 0 24 791
45.4994 0 24 793
45.5466 0 24 798
45.5996 0 24 793
45.6495 0 24 788
45.6995 0 24 791
45.7495 0 24 800
45.7967 0 24 797
45.8499 0 24 794
45.8973 0 24 792
45.9458 0 24 791
45.9996 0 24 786
46.0498 0 24 786
46.0995 0 24 791
46.1478 0 24 789
46.1998 0 24 785
46.2495 0 24 783
46.2972 0 24 783
46.35 0 24 782
46.3994 0 24 785
46.4498 0 24 784
46.4992 0 24 789
46.5491 0 24 790
46.5997 0 24 789
46.6491 0 24 784
46.6995 0 24 785
46.75 0 24 780
46.7983 0 24 780
46.8498 0 24 778
46.8998 0 24 785
46.9492 0 24 786
46.999 0 24 786
47.0469 0 24 784
47.099 0 24 790
47.1498 0 24 795
47.1995 0 24 793
47.249 0 24 795
47.2996 0 24 796
47.3487 0 24 802
47.3995 0 24 800
47.4498 0 24 798
47.4985 0 24 799
47.5496 0 24 800
47.5999 0 24 802
47.6499 0 24 802
47.6986 0 24 803
47.7486 0 24 802
47.7996 0 24 804
47.8467 0 24 804
47.8999 0 24 800
47.9487 0 24 802
47.9991 0 24 801
48.0483 0 24 799
48.0986 0 24 795
48.1498 0 24 789
48.1994 0 24 790
48.2497 0 24 790
48.2997 0 24 794
48.3491 0 24 801
48.3987 0 24 802
48.4496 0 24 804
48.4997 0 24 801
48.5496 0 24 801
48.5973 0 24 799
48.6474 0 24 802
48.698 0 24 799
48.7498 0 24 795
48.7988 0 24 798
48.8491 0 24 796
48.8981 0 24 800
48.95 0 24 800
48.9977 0 24 796
49.05 0 24 792
49.0982 0 24 796
49.1479 0 24 794
49.1993 0 24 796
49.25 0 24 791
49.2991 0 24 792
49.3491 0 24 792
49.3989 0 24 789
49.4499 0 24 788
49.4999 0 24 789
49.5447 0 24 789
49.5999 0 24 791
49.6485 0 24 787
49.6997 0 24 792
49.746 0 24 791
49.7999 0 24 792
49.8499 0 24 791
49.8994 0 24 791
49.9486 0 24 795
49.9995 0 24 797
50.002 0 24 797
