0.049964 990 1 15
0.0999892 982 2 24
0.1498 971 3 42
0.19989 959 4 53
0.249743 954 7 64
0.299856 948 11 69
0.34961 938 15 80
0.399956 933 18 88
0.449814 929 21 96
0.499996 921 23 105
0.549791 910 23 117
0.599767 905 25 124
0.649703 894 28 131
0.699953 891 32 138
0.74942 886 38 144
0.798505 878 47 150
0.849663 874 53 155
0.899967 868 58 159
0.949881 863 64 162
0.998731 858 62 170
1.04969 854 63 176
1.09975 846 68 182
1.14984 844 74 191
1.19927 841 77 203
1.24975 836 79 216
1.29999 831 81 221
1.34997 824 83 227
1.39997 816 89 228
1.44984 812 89 238
1.49977 808 91 245
1.54987 803 99 244
1.59993 794 103 247
1.64958 788 106 253
1.69998 785 111 257
1.74996 778 118 258
1.79993 772 118 265
1.84996 771 121 270
1.89993 767 128 279
1.95 760 134 279
1.99993 755 142 289
2.04996 753 150 286
2.09975 748 152 287
2.14963 743 154 292
2.1999 739 160 294
2.24953 737 161 292
2.29992 733 167 290
2.3496 731 172 293
2.39962 726 176 299
2.44994 722 183 305
2.49978 720 187 311
2.54969 712 193 313
2.59966 705 195 316
2.64999 700 200 318
2.69962 698 210 318
2.74969 695 216 324
2.79981 690 223 321
2.84858 688 224 326
2.89933 686 225 328
2.94994 678 234 330
2.99998 675 234 331
3.04984 671 234 336
3.09941 668 236 340
3.14986 666 234 344
3.19864 660 237 348
3.2499 656 241 350
3.29949 651 239 350
3.34964 644 243 351
3.39896 640 247 351
3.44873 636 244 354
3.49958 634 251 352
3.54987 625 259 361
3.59982 622 265 366
3.64987 619 267 368
3.69881 615 273 373
3.74978 613 278 378
3.79972 610 283 379
3.84985 607 290 383
3.89954 607 295 382
3.94978 598 297 382
3.99991 596 297 389
4.04983 590 300 389
4.09997 587 304 390
4.14957 581 303 395
4.19991 580 311 395
4.24978 574 319 390
4.29981 571 325 393
4.34999 570 327 397
4.39996 565 327 403
4.44847 560 326 401
4.4999 557 335 401
4.54985 551 340 402
4.59899 547 344 408
4.6499 543 343 407
4.69996 540 349 409
4.74998 537 358 411
4.79972 535 359 424
4.84999 529 367 428
4.8996 524 378 432
4.94867 520 382 431
4.99999 512 382 433
5.04979 509 383 435
5.09997 503 383 438
5.14952 500 384 438
5.19931 498 390 435
5.24991 494 391 440
5.29971 489 393 445
5.34969 486 393 447
5.4 483 395 449
5.44995 482 400 450
5.49985 478 397 453
5.54979 471 402 458
5.59823 470 399 460
5.64973 463 399 467
5.69988 459 401 466
5.7492 456 402 468
5.79974 452 396 466
5.84994 449 402 468
5.89982 445 407 474
5.94996 440 407 478
5.99975 437 408 483
6.04973 436 408 489
6.1 432 407 491
6.14992 429 409 490
6.19984 426 410 491
6.24982 423 409 492
6.29995 420 408 490
6.34995 414 410 492
6.39989 407 407 497
6.4497 402 410 502
6.49884 399 410 503
6.54968 396 408 504
6.5982 395 408 509
6.64999 393 413 507
6.69996 392 415 512
6.74906 390 416 510
6.79926 384 415 512
6.8493 384 414 522
6.89878 380 419 523
6.9497 378 421 527
6.99918 375 424 528
7.0492 372 423 531
7.09999 368 423 529
7.14919 366 422 531
7.1996 365 422 538
7.24967 363 424 535
7.2989 363 427 538
7.34968 357 427 534
7.39794 354 422 534
7.44957 352 424 532
7.49946 349 425 533
7.54971 344 424 532
7.59933 341 422 532
7.64984 339 421 531
7.69986 336 419 536
7.74977 334 419 543
7.79961 330 419 541
7.84987 329 414 544
7.89902 327 413 545
7.9498 323 416 549
7.99968 319 415 553
8.04987 317 414 555
8.09925 313 408 559
8.14999 311 408 568
8.19966 307 407 568
8.24889 306 406 568
8.29903 302 409 569
8.34903 297 407 571
8.3998 297 407 575
8.44998 295 409 579
8.49999 292 405 580
8.54826 291 409 584
8.59946 289 404 581
8.64716 285 403 581
8.69921 284 404 581
8.74996 283 400 589
8.79979 280 401 595
8.84929 278 400 596
8.89989 276 400 603
8.94956 272 396 611
8.99971 270 395 613
9.04971 267 394 619
9.09993 263 394 619
9.14935 263 391 623
9.19992 262 393 631
9.24968 259 393 633
9.29997 259 392 631
9.34979 258 385 641
9.39891 256 383 644
9.44959 254 380 647
9.49967 245 377 647
9.54991 243 376 650
9.59994 241 374 658
9.64996 239 372 665
9.69955 235 365 665
9.74877 235 361 670
9.79987 233 357 679
9.84821 231 356 681
9.89963 228 359 676
9.94978 228 354 679
9.99978 221 352 681
10.0496 220 349 680
10.0988 218 346 681
10.15 218 343 679
10.1993 216 340 683
10.25 215 338 685
10.2994 215 338 686
10.3498 214 338 687
10.3999 214 338 688
10.4475 210 336 688
10.4997 210 333 694
10.5479 207 329 700
10.5991 207 326 701
10.6499 206 324 704
10.6998 202 321 711
10.7495 199 318 705
10.7995 195 313 708
10.8493 189 313 712
10.8996 187 310 715
10.95 185 307 717
10.9997 184 303 721
11.0498 182 301 725
11.0998 180 300 735
11.1499 178 300 738
11.1997 178 300 736
11.2495 176 300 738
11.2999 175 299 740
11.349 174 296 738
11.3997 171 291 743
11.4497 171 291 746
11.4998 170 291 751
11.5487 167 293 750
11.599 164 292 755
11.6494 164 287 755
11.6999 162 286 759
11.7492 159 284 761
11.7998 157 279 758
11.8499 155 274 756
11.8999 154 273 758
11.9499 151 272 765
11.9997 150 269 766
12.0499 149 265 768
12.099 147 263 769
12.1497 147 261 772
12.1997 145 260 774
12.2496 141 259 771
12.2999 141 256 772
12.3498 140 254 780
12.3999 137 250 773
12.4483 134 249 776
12.4998 133 248 780
12.5498 132 247 779
12.5999 131 246 778
12.6495 131 245 781
12.6996 130 243 786
12.7496 130 242 783
12.7998 129 239 777
12.8498 126 238 774
12.8974 124 235 776
12.9494 123 231 773
12.9996 123 228 775
13.0495 121 227 778
13.0997 119 226 781
13.1498 116 224 781
13.1995 114 219 787
13.2499 112 216 795
13.2997 111 215 796
13.3498 108 211 798
13.3999 107 207 806
13.4497 102 202 809
13.4999 99 197 817
13.5496 99 194 815
13.5992 98 193 819
13.65 96 189 816
13.6995 95 186 818
13.7453 92 185 814
13.7996 91 181 812
13.8477 89 179 810
13.8984 87 178 809
13.9498 83 177 809
14 80 173 807
14.0497 78 171 805
14.0991 77 169 803
14.1496 73 168 806
14.199 72 167 801
14.249 70 165 800
14.2978 69 165 798
14.3497 67 164 802
14.3996 67 163 802
14.4485 67 162 803
14.4989 65 160 807
14.5495 63 158 808
14.5991 62 154 803
14.6499 60 154 804
14.6995 59 154 805
14.7495 59 152 799
14.7984 58 151 800
14.8491 57 151 795
14.8998 55 150 798
14.9498 53 148 796
14.9991 50 145 795
15.0499 49 145 798
15.0999 49 143 795
15.15 48 140 797
15.1993 48 139 797
15.2495 47 137 798
15.2997 44 135 797
15.3487 44 133 795
15.3999 44 130 801
15.4492 43 129 799
15.4999 41 128 801
15.5493 40 128 804
15.5999 38 126 803
15.6498 37 126 805
15.6993 35 124 809
15.75 34 122 807
15.7995 34 120 805
15.8499 33 115 804
15.8996 32 111 805
15.9499 32 110 804
15.9992 31 110 806
16.0474 30 104 802
16.1 28 103 803
16.1497 23 102 810
16.1996 22 100 807
16.2485 22 100 804
16.2991 22 100 804
16.3498 22 98 807
16.3997 21 96 802
16.45 20 94 802
16.4996 19 92 803
16.5495 18 91 802
16.5983 17 89 804
16.6498 17 89 803
16.6993 17 86 808
16.7499 15 86 811
16.7997 15 85 815
16.8491 15 84 816
16.9 14 83 818
16.9491 14 82 817
16.9992 13 79 817
17.0499 13 75 817
17.0994 13 75 818
17.1496 13 74 815
17.1999 13 72 814
17.25 13 71 814
17.2994 13 71 810
17.3497 12 69 816
17.3996 11 67 812
17.4495 10 67 812
17.4992 10 66 811
17.5475 10 64 811
17.5999 10 63 808
17.6499 10 60 807
17.6996 10 60 807
17.7498 7 60 805
17.7981 7 58 804
17.85 7 57 806
17.8999 6 54 810
17.9495 6 54 806
17.9994 6 53 805
18.0499 6 52 810
18.0998 5 52 809
18.1491 5 51 809
18.1987 5 51 809
18.25 5 51 809
18.2997 5 51 809
18.3476 5 51 812
18.3984 4 50 810
18.4496 4 50 807
18.4997 4 47 805
18.5497 4 46 810
18.5986 4 45 801
18.6491 3 45 796
18.6999 2 44 794
18.7494 2 44 792
18.7979 1 43 795
18.8499 1 43 791
18.8999 1 42 790
18.9496 1 40 788
18.9998 1 40 790
19.0488 1 39 794
19.0996 1 39 792
19.1496 1 38 792
19.2 1 38 789
19.2498 1 37 796
19.2992 0 37 801
19.3496 0 36 808
19.399 0 36 806
19.4498 0 36 810
19.4941 0 36 810
19.5493 0 36 812
19.5985 0 36 810
19.6462 0 36 812
19.6998 0 36 808
19.7489 0 36 806
19.7978 0 36 807
19.8496 0 36 806
19.8993 0 36 804
19.9485 0 36 805
19.9998 0 36 810
20.0495 0 35 808
20.0993 0 35 803
20.1473 0 35 803
20.2 0 35 799
20.25 0 34 805
20.2987 0 33 807
20.3489 0 33 802
20.3996 0 33 796
20.4499 0 33 794
20.4994 0 33 791
20.5493 0 33 788
20.5983 0 33 787
20.6492 0 33 783
20.699 0 32 782
20.7483 0 31 781
20.7997 0 31 786
20.8492 0 30 785
20.8986 0 30 788
20.9496 0 30 794
20.9994 0 30 795
21.0498 0 30 793
21.0985 0 30 794
21.1497 0 30 795
21.1945 0 30 794
21.2475 0 30 795
21.2986 0 30 798
21.3495 0 30 798
21.3999 0 30 796
21.4491 0 30 791
21.4977 0 30 791
21.5499 0 30 797
21.5995 0 30 796
21.6485 0 30 802
21.6989 0 30 793
21.7487 0 30 794
21.7998 0 30 797
21.8463 0 30 802
21.8993 0 30 805
21.9488 0 30 808
21.998 0 30 807
22.0491 0 30 807
22.0996 0 30 804
22.1494 0 30 800
22.1976 0 30 800
22.2497 0 30 800
22.2922 0 30 801
22.3482 0 30 802
22.3989 0 30 804
22.4496 0 30 801
22.4998 0 30 799
22.5499 0 30 797
22.5994 0 30 797
22.6487 0 30 795
22.6964 0 30 799
22.7499 0 30 795
22.7985 0 30 794
22.8499 0 30 793
22.8997 0 30 786
22.95 0 30 788
22.9987 0 30 791
23.0499 0 30 791
23.098 0 30 795
23.1498 0 30 798
23.1992 0 30 794
23.2489 0 30 790
23.2975 0 30 791
23.35 0 30 789
23.3997 0 29 793
23.4491 0 29 793
23.4998 0 29 794
23.5491 0 29 791
23.5995 0 29 792
23.65 0 29 795
23.7 0 29 798
23.7491 0 29 801
23.799 0 29 798
23.8487 0 29 795
23.8981 0 29 798
23.9498 0 29 802
23.9992 0 29 804
24.0494 0 29 804
24.0995 0 29 808
24.1489 0 29 808
24.1982 0 29 805
24.2495 0 29 807
24.2997 0 29 801
24.35 0 29 800
24.3991 0 29 801
24.4497 0 29 801
24.4998 0 29 801
24.5492 0 29 799
24.5987 0 29 802
24.6496 0 29 802
24.6977 0 29 797
24.7462 0 29 800
24.7993 0 29 801
24.8493 0 29 799
24.8984 0 29 797
24.9499 0 29 799
24.9995 0 29 799
25.0499 0 29 798
25.0984 0 29 799
25.1495 0 29 795
25.1989 0 29 795
25.2473 0 29 796
25.2999 0 29 796
25.3496 0 29 790
25.3994 0 29 793
25.4481 0 29 792
25.4966 0 29 791
25.5499 0 29 790
25.5999 0 29 790
25.6494 0 29 791
25.6997 0 29 791
25.75 0 29 786
25.7988 0 29 787
25.8494 0 29 784
25.8988 0 29 785
25.9497 0 29 785
25.9992 0 29 783
26.0469 0 29 779
26.0988 0 29 780
26.1487 0 29 779
26.1997 0 29 780
26.2493 0 29 781
26.2993 0 29 778
26.3495 0 29 780
26.3996 0 29 780
26.4494 0 29 781
26.5 0 29 778
26.5487 0 29 783
26.599 0 29 787
26.6497 0 29 788
26.6987 0 29 787
26.7493 0 29 789
26.7963 0 29 795
26.8458 0 29 798
26.8999 0 29 793
26.9497 0 29 796
26.9992 0 29 797
27.0499 0 29 797
27.0996 0 29 798
27.1494 0 29 796
27.1996 0 29 797
27.2469 0 29 801
27.2988 0 29 799
27.3491 0 29 801
27.3993 0 29 803
27.4484 0 29 806
27.4982 0 29 798
27.547 0 29 799
27.6 0 29 802
27.6496 0 29 804
27.6997 0 29 805
27.7485 0 29 811
27.7996 0 29 808
27.8467 0 29 810
27.8992 0 29 807
27.9491 0 29 806
28 0 29 804
28.0499 0 29 803
28.0992 0 29 803
28.15 0 29 802
28.1978 0 29 801
28.2487 0 29 802
28.299 0 29 797
28.3452 0 29 796
28.3975 0 29 792
28.449 0 29 791
28.4981 0 29 794
28.5488 0 29 790
28.5981 0 29 792
28.6492 0 29 796
28.6971 0 29 796
28.748 0 29 793
28.7986 0 29 791
28.8488 0 29 789
28.8993 0 29 787
28.9487 0 29 783
28.9995 0 29 789
29.049 0 29 785
29.0988 0 29 788
29.1487 0 29 792
29.1997 0 29 792
29.2487 0 29 797
29.2995 0 29 797
29.3489 0 29 796
29.396 0 29 797
29.45 0 29 798
29.499 0 29 801
29.5494 0 29 797
29.5961 0 29 798
29.6491 0 29 797
29.6993 0 29 801
29.7494 0 29 798
29.7996 0 29 797
29.8474 0 29 791
29.8996 0 29 797
29.9495 0 29 795
29.9993 0 29 798
30.0492 0 29 798
30.0999 0 29 793
30.1498 0 29 794
30.1989 0 29 800
30.2475 0 29 805
30.2977 0 29 802
30.3499 0 29 802
30.395 0 29 799
30.4489 0 29 801
30.4996 0 29 801
30.5491 0 29 800
30.5999 0 29 805
30.6488 0 29 810
30.6992 0 29 809
30.7497 0 29 803
30.7997 0 29 799
30.8485 0 29 802
30.8998 0 29 805
30.9479 0 29 799
30.9998 0 29 801
31.0494 0 29 805
31.0995 0 29 807
31.1497 0 29 808
31.1945 0 29 808
31.2491 0 29 809
31.2985 0 29 808
31.3481 0 29 810
31.3994 0 29 807
31.4485 0 29 809
31.4985 0 29 807
31.5499 0 29 802
31.5994 0 29 798
31.6492 0 29 796
31.6999 0 29 794
31.7498 0 29 793
31.7956 0 29 795
31.8486 0 29 799
31.8992 0 29 797
31.9475 0 29 798
31.9997 0 29 796
32.05 0 29 800
32.0998 0 29 796
32.1483 0 29 795
32.1999 0 29 795
32.2497 0 29 798
32.2993 0 29 800
32.3483 0 29 802
32.3985 0 29 804
32.4494 0 29 798
32.499 0 29 802
32.5499 0 29 799
32.5998 0 29 799
32.6496 0 29 800
32.6953 0 29 798
32.7489 0 29 793
32.8 0 29 791
32.8496 0 29 791
32.8982 0 29 790
32.9499 0 29 792
32.9992 0 29 793
33.0497 0 29 798
33.0983 0 29 795
33.1481 0 29 796
33.1997 0 29 794
33.2497 0 29 798
33.2998 0 29 801
33.3494 0 29 806
33.3997 0 29 805
33.45 0 29 810
33.4986 0 29 809
33.5491 0 29 805
33.5981 0 29 804
33.6488 0 29 802
33.6976 0 29 802
33.748 0 29 799
33.7996 0 29 803
33.8497 0 29 804
33.8997 0 29 804
33.9482 0 29 804
33.9984 0 29 803
34.0486 0 29 803
34.0991 0 29 805
34.1485 0 29 803
34.1994 0 29 800
34.2491 0 29 802
34.2919 0 29 804
34.3486 0 29 802
34.3982 0 29 801
34.4494 0 29 802
34.4987 0 29 803
34.5491 0 29 798
34.5997 0 29 796
34.6496 0 29 792
34.6964 0 29 794
34.7498 0 29 797
34.7997 0 29 796
34.8492 0 29 792
34.8987 0 29 791
34.9494 0 29 797
34.998 0 29 795
35.0479 0 29 795
35.0991 0 29 798
35.1498 0 29 809
35.1997 0 29 810
35.2487 0 29 809
35.2991 0 29 808
35.3496 0 29 811
35.3995 0 29 814
35.4493 0 29 812
35.4998 0 29 811
35.5477 0 29 805
35.5963 0 29 805
35.6494 0 29 804
35.6995 0 29 803
35.7482 0 29 800
35.7986 0 29 801
35.8496 0 29 809
35.8976 0 29 808
35.949 0 29 818
35.9997 0 29 812
36.0489 0 29 815
36.0993 0 29 816
36.1486 0 29 813
36.1996 0 29 811
36.2494 0 29 814
36.3 0 29 816
36.3496 0 29 811
36.3957 0 29 812
36.4493 0 29 804
36.4997 0 29 807
36.5493 0 29 801
36.5999 0 29 804
36.6495 0 29 798
36.6982 0 29 797
36.7497 0 29 792
36.7969 0 29 789
36.8498 0 29 792
36.8992 0 29 791
36.9467 0 29 792
36.996 0 29 788
37.0496 0 29 787
37.0994 0 29 785
37.1496 0 29 780
37.1995 0 29 776
37.2484 0 29 771
37.2998 0 29 768
37.3476 0 29 771
37.3995 0 29 774
37.4472 0 29 775
37.4981 0 29 775
37.5489 0 29 776
37.5997 0 29 774
37.6495 0 29 772
37.6997 0 29 777
37.7499 0 29 779
37.7999 0 29 781
37.8483 0 29 781
37.8997 0 29 778
37.9499 0 29 780
37.9994 0 29 780
38.0497 0 29 778
38.0999 0 29 778
38.1491 0 29 781
38.1992 0 29 784
38.2476 0 29 782
38.2994 0 29 785
38.3473 0 29 788
38.399 0 29 788
38.4497 0 29 788
38.4985 0 29 788
38.5497 0 29 789
38.5994 0 29 796
38.6496 0 29 792
38.6996 0 29 792
38.7495 0 29 788
38.7966 0 29 791
38.8482 0 29 792
38.8996 0 29 793
38.9489 0 29 790
38.9995 0 29 792
39.0499 0 29 791
39.0997 0 29 794
39.1498 0 29 794
39.1985 0 29 798
39.2496 0 29 800
39.2993 0 29 798
39.3492 0 29 800
39.3993 0 29 798
39.4493 0 29 793
39.4994 0 29 794
39.5462 0 29 793
39.5979 0 29 792
39.6497 0 29 793
39.6992 0 29 794
39.7489 0 29 797
39.7996 0 29 795
39.8439 0 29 792
39.9 0 29 794
39.9498 0 29 794
39.9994 0 29 791
40.0481 0 29 786
40.1 0 29 785
40.1495 0 29 782
40.1983 0 29 785
40.2498 0 29 789
40.2992 0 29 793
40.3478 0 29 790
40.3996 0 29 784
40.4477 0 29 786
40.4987 0 29 786
40.5496 0 29 787
40.5981 0 29 788
40.6484 0 29 789
40.6999 0 29 793
40.75 0 29 792
40.7981 0 29 796
40.85 0 29 797
40.8994 0 29 794
40.9498 0 29 793
40.999 0 29 795
41.0487 0 29 795
41.0998 0 29 800
41.1498 0 29 798
41.1998 0 29 798
41.2495 0 29 796
41.2974 0 29 796
41.347 0 29 801
41.3989 0 29 799
41.4491 0 29 795
41.4958 0 29 795
41.5491 0 29 796
41.5973 0 29 793
41.6494 0 29 796
41.7 0 29 798
41.7499 0 29 800
41.7995 0 29 802
41.8498 0 29 801
41.8981 0 29 796
41.9489 0 29 794
41.9971 0 29 791
42.0495 0 29 787
42.0998 0 29 784
42.1488 0 29 778
42.1934 0 29 782
42.2491 0 29 782
42.2987 0 29 786
42.3485 0 29 784
42.3983 0 29 783
42.4494 0 29 777
42.4984 0 29 774
42.545 0 29 772
42.596 0 29 774
42.649 0 29 774
42.6999 0 29 777
42.7498 0 29 779
42.797 0 29 780
42.8486 0 29 778
42.8997 0 29 781
42.9491 0 29 784
42.9991 0 29 782
43.0493 0 29 781
43.0996 0 29 780
43.1495 0 29 785
43.1986 0 29 780
43.2493 0 29 781
43.2981 0 29 786
43.3475 0 29 783
43.3983 0 29 788
43.4494 0 29 793
43.4994 0 29 788
43.5499 0 29 782
43.5995 0 29 788
43.6495 0 29 787
43.6999 0 29 787
43.7499 0 29 788
43.7991 0 29 793
43.848 0 29 793
43.8898 0 29 790
43.9493 0 29 795
43.9997 0 29 792
44.0481 0 29 793
44.0996 0 29 792
44.1486 0 29 794
44.1996 0 29 791
44.2499 0 29 789
44.2999 0 29 795
44.3469 0 29 794
44.399 0 29 792
44.4491 0 29 794
44.4999 0 29 798
44.5499 0 29 795
44.5997 0 29 790
44.6495 0 29 789
44.7 0 29 791
44.7495 0 29 793
44.7993 0 29 794
44.8474 0 29 794
44.8998 0 29 796
44.9499 0 29 793
44.9997 0 29 801
45.0479 0 29 803
45.0988 0 29 801
45.1487 0 29 802
45.1989 0 29 800
45.2453 0 29 803
45.2979 0 29 800
45.3499 0 29 798
45.4 0 29 795
45.4485 0 29 794
45.4937 0 29 791
45.5499 0 29 793
45.6 0 29 795
45.6487 0 29 800
45.6996 0 29 799
45.7499 0 29 797
45.7998 0 29 803
45.8478 0 29 804
45.8996 0 29 805
45.9499 0 29 810
45.9992 0 29 813
46.0494 0 29 811
46.0985 0 29 806
46.1476 0 29 800
46.1998 0 29 801
46.2499 0 29 800
46.2986 0 29 802
46.3482 0 29 800
46.3991 0 29 803
46.4499 0 29 803
46.4998 0 29 800
46.5499 0 29 804
46.5989 0 29 804
46.6498 0 29 810
46.6997 0 29 814
46.7496 0 29 814
46.7991 0 29 813
46.8496 0 29 810
46.898 0 29 807
46.9485 0 29 803
46.9999 0 29 804
47.0433 0 29 804
47.0989 0 29 804
47.1496 0 29 800
47.1997 0 29 804
47.25 0 29 807
47.3 0 29 810
47.3496 0 29 811
47.3984 0 29 808
47.4485 0 29 803
47.4987 0 29 801
47.5483 0 29 807
47.5995 0 29 805
47.6494 0 29 807
47.697 0 29 806
47.7486 0 29 804
47.7991 0 29 805
47.8492 0 29 808
47.8986 0 29 812
47.9489 0 29 810
47.9997 0 29 811
48.0477 0 29 812
48.0997 0 29 809
48.1489 0 29 806
48.1989 0 29 803
48.25 0 29 805
48.2989 0 29 808
48.3492 0 29 808
48.3998 0 29 806
48.4498 0 29 805
48.4996 0 29 804
48.5498 0 29 802
48.5989 0 29 804
48.6488 0 29 804
48.6971 0 29 804
48.7487 0 29 803
48.7996 0 29 805
48.8485 0 29 803
48.8978 0 29 801
48.9485 0 29 802
48.9969 0 29 803
49.0495 0 29 804
49.0998 0 29 803
49.1496 0 29 805
49.1991 0 29 805
49.2465 0 29 808
49.2999 0 29 805
49.3494 0 29 799
49.3999 0 29 794
49.4489 0 29 792
49.4999 0 29 791
49.5488 0 29 790
49.5994 0 29 790
49.6496 0 29 789
49.6999 0 29 791
49.7494 0 29 792
49.7989 0 29 791
49.8495 0 29 792
49.9 0 29 787
49.9465 0 29 789
49.9997 0 29 787
50.0001 0 29 787
