0.0496017 986 0 10
0.0999705 976 1 29
0.149812 969 2 44
0.199923 962 3 54
0.249979 954 8 65
0.299632 944 9 72
0.349822 937 13 80
0.399729 925 17 98
0.449541 917 23 110
0.499206 912 27 118
0.549569 905 30 129
0.599332 898 31 139
0.649561 887 35 145
0.699633 881 37 148
0.749542 874 39 157
0.799962 871 47 153
0.848921 867 50 166
0.899996 864 54 177
0.949845 860 57 186
0.999929 856 60 191
1.04995 853 64 193
1.09974 848 69 203
1.14919 842 74 209
1.19993 838 75 209
1.24974 833 77 215
1.29989 828 78 217
1.34977 824 84 224
1.39932 822 86 235
1.4498 815 90 242
1.49995 812 96 241
1.54947 810 98 247
1.6 803 106 248
1.64992 796 110 256
1.69967 792 113 259
1.74978 789 120 264
1.79981 784 127 268
1.84999 780 130 272
1.89983 776 137 279
1.95 773 142 282
1.99978 763 148 281
2.0499 760 148 286
2.09988 756 147 295
2.14968 753 156 289
2.19975 749 163 293
2.24889 745 167 303
2.29987 740 173 305
2.34995 735 182 308
2.39986 732 191 306
2.44998 728 195 311
2.49987 726 195 311
2.54882 719 199 315
2.59909 712 202 323
2.64994 708 209 329
2.69991 705 217 334
2.7498 701 220 338
2.79997 694 224 341
2.84992 693 228 345
2.89863 684 230 348
2.9497 680 237 348
2.99996 677 245 347
3.04985 672 249 350
3.09948 672 253 354
3.14961 670 262 350
3.19981 666 264 346
3.24942 662 271 351
3.2999 659 278 351
3.34919 654 281 358
3.39995 650 287 357
3.44977 643 295 364
3.49996 637 296 366
3.54988 632 296 366
3.59997 628 301 370
3.64995 626 304 364
3.6997 623 304 366
3.74991 620 313 368
3.79976 617 316 370
3.84936 616 316 370
3.89983 612 316 371
3.94961 607 320 373
3.99987 601 321 375
4.04965 598 333 376
4.09963 590 334 382
4.14991 584 334 385
4.19986 583 343 388
4.24999 580 348 388
4.29903 579 351 394
4.34977 575 354 393
4.39997 573 360 395
4.44951 573 364 395
4.49984 565 367 405
4.54995 562 368 400
4.59957 556 369 404
4.64946 552 372 404
4.69933 550 375 410
4.7499 538 372 410
4.79979 534 378 411
4.84969 532 382 412
4.8999 531 388 417
4.94994 528 385 422
4.99994 524 388 428
5.04964 523 394 436
5.1 519 396 439
5.14984 517 401 443
5.19988 513 400 447
5.24976 510 407 445
5.29938 507 403 445
5.34995 504 409 447
5.39999 502 408 458
5.44989 499 411 464
5.49964 494 412 469
5.54981 494 415 472
5.59989 492 416 473
5.64923 491 422 476
5.69995 487 421 472
5.74846 483 422 477
5.79928 480 426 472
5.84903 478 426 474
5.89914 475 431 474
5.9497 472 431 475
5.9993 470 431 478
6.04929 467 429 480
6.09987 464 431 483
6.14869 458 432 488
6.19949 453 433 491
6.24945 452 435 497
6.29916 448 436 495
6.34956 442 436 502
6.39906 439 437 506
6.44979 435 436 507
6.49995 432 435 510
6.54942 430 437 505
6.59999 430 439 504
6.64808 428 442 505
6.69927 420 442 504
6.74993 420 449 507
6.7994 415 450 509
6.84988 414 447 513
6.89954 413 445 519
6.94979 410 439 526
6.99978 404 438 522
7.04953 403 440 521
7.09929 402 439 524
7.14942 402 443 527
7.2 399 442 524
7.24973 399 441 531
7.29989 391 441 534
7.34957 386 441 538
7.39986 385 441 542
7.44989 381 439 550
7.49974 379 438 556
7.54999 378 434 556
7.59999 375 436 560
7.64978 374 434 567
7.69991 372 435 563
7.74934 370 433 564
7.79943 367 429 562
7.8496 365 431 562
7.89978 361 430 563
7.94968 360 430 571
7.9997 358 431 574
8.04867 357 432 571
8.0994 352 426 571
8.14937 348 422 574
8.19957 346 420 581
8.24998 345 420 581
8.29967 345 418 581
8.34988 342 418 583
8.39926 340 419 585
8.44981 337 420 583
8.49995 335 420 591
8.54993 331 422 590
8.59907 330 421 596
8.64961 322 424 602
8.69974 319 419 601
8.74988 318 417 597
8.79995 313 413 601
8.84982 313 409 602
8.89996 312 411 597
8.94978 308 407 601
8.9997 304 410 613
9.04952 298 411 621
9.09966 295 410 627
9.14934 291 409 631
9.19982 288 406 633
9.24991 284 407 638
9.29952 283 408 636
9.34989 280 409 637
9.39992 278 403 641
9.4493 276 399 650
9.5 274 396 652
9.5494 271 394 651
9.59969 267 391 652
9.64978 264 389 653
9.69994 263 389 653
9.74971 262 389 653
9.79988 261 386 655
9.8498 260 384 654
9.89986 256 387 658
9.94989 251 388 659
9.99977 248 387 655
10.05 246 384 663
10.0992 240 382 661
10.1499 235 380 665
10.1998 232 379 668
10.2496 231 378 673
10.2992 231 374 679
10.3496 231 372 680
10.399 228 372 679
10.4498 225 368 679
10.4994 222 367 681
10.5499 220 366 682
10.5995 219 361 688
10.6483 216 360 696
10.6988 213 357 696
10.7498 209 355 693
10.7999 204 355 695
10.8499 201 354 697
10.9 201 351 698
10.95 196 347 705
10.9996 193 345 711
11.0498 191 343 717
11.0997 188 342 724
11.1496 185 342 725
11.1985 184 336 727
11.25 182 333 732
11.2999 179 328 727
11.3498 174 326 727
11.3998 174 319 731
11.4498 173 318 729
11.4993 169 314 734
11.5498 165 315 737
11.5997 165 315 743
11.6494 164 313 745
11.6988 163 311 747
11.7498 161 310 752
11.7996 160 308 757
11.8499 159 304 760
11.8974 157 303 762
11.9489 156 297 769
11.9999 154 293 772
12.0499 154 292 767
12.0999 153 289 775
12.1497 152 284 776
12.1994 151 281 780
12.2499 147 280 780
12.3 147 277 779
12.3496 145 274 781
12.3994 142 274 783
12.45 142 272 783
12.4991 141 269 783
12.5498 138 264 778
12.5999 137 260 775
12.6492 136 258 776
12.6998 134 258 773
12.75 130 256 773
12.7999 129 254 778
12.8496 127 251 778
12.8998 126 249 778
12.9499 125 247 781
12.9995 124 245 782
13.0498 121 241 786
13.0998 119 239 780
13.1498 117 238 788
13.1999 117 236 793
13.2494 115 232 797
13.2994 113 231 799
13.35 111 229 798
13.3997 110 229 799
13.4497 108 228 800
13.4996 107 226 794
13.5497 104 226 791
13.599 104 223 791
13.65 101 219 790
13.6985 99 214 791
13.7499 97 209 791
13.7995 95 207 794
13.85 94 205 794
13.9 94 205 794
13.95 94 204 794
13.9995 94 204 795
14.0496 94 200 796
14.0991 92 197 793
14.1497 91 195 793
14.1994 90 191 794
14.2493 87 188 795
14.2992 84 183 799
14.3499 81 181 799
14.3999 79 180 799
14.4492 77 179 802
14.4998 77 177 804
14.5499 74 176 804
14.5999 74 175 800
14.6499 74 172 798
14.7 72 170 808
14.7497 70 169 808
14.7996 69 168 807
14.8496 69 164 805
14.8988 68 162 805
14.9495 67 157 806
14.9981 66 156 804
15.0498 64 153 798
15.1 63 149 797
15.1497 61 147 795
15.1995 59 146 798
15.2497 59 145 803
15.2997 58 142 805
15.3497 58 138 803
15.3988 58 136 807
15.45 57 133 802
15.5 57 129 803
15.5492 55 127 806
15.5991 54 125 805
15.6496 53 122 800
15.6996 53 122 800
15.7492 52 119 803
15.7985 52 119 811
15.8495 51 119 812
15.8997 50 116 809
15.9496 48 114 806
15.9992 48 111 809
16.0496 48 111 806
16.0998 43 110 809
16.1494 42 109 812
16.1997 40 109 805
16.2499 39 107 805
16.2996 35 105 804
16.3496 34 103 806
16.3972 33 103 804
16.4499 32 103 809
16.4986 31 101 814
16.5498 30 101 816
16.6 28 101 815
16.6499 26 99 813
16.6979 25 98 813
16.7499 25 97 811
16.7999 23 96 815
16.8498 22 93 815
16.8991 22 93 814
16.9498 21 91 814
16.9977 21 88 816
17.0492 20 86 818
17.0993 19 84 815
17.1492 18 83 816
17.1995 16 82 817
17.2497 12 82 818
17.2993 11 77 817
17.349 10 76 815
17.4 9 76 814
17.4496 8 76 813
17.5 8 73 808
17.5495 8 71 805
17.5995 8 71 799
17.6498 8 69 801
17.6995 8 68 802
17.7499 8 66 799
17.7979 8 65 795
17.8494 8 65 796
17.8997 7 64 798
17.9499 7 61 793
17.999 7 60 795
18.0498 7 59 792
18.0985 7 57 794
18.1499 7 57 797
18.1989 7 55 793
18.25 7 53 794
18.2997 6 53 795
18.3473 6 51 799
18.3997 6 51 799
18.45 6 49 792
18.4996 6 49 797
18.5491 6 48 800
18.5997 6 48 801
18.65 3 48 803
18.6999 3 48 806
18.7491 3 47 806
18.7997 3 46 806
18.8498 2 46 806
18.8995 2 46 805
18.9488 2 44 805
19 2 40 809
19.0488 2 39 807
19.0994 2 36 807
19.1483 2 35 800
19.1972 2 35 797
19.2495 2 32 792
19.2997 2 32 790
19.3493 2 32 790
19.3979 2 31 795
19.4496 2 30 796
19.4998 1 30 798
19.5489 0 29 799
19.5976 0 29 800
19.6486 0 29 796
19.6991 0 27 795
19.7485 0 27 793
19.7993 0 27 793
19.8492 0 27 796
19.8989 0 26 796
19.9495 0 25 791
19.9971 0 25 792
20.0492 0 25 790
20.0996 0 23 789
20.1472 0 23 790
20.2 0 22 789
20.25 0 22 788
20.2979 0 21 790
20.3466 0 21 790
20.3994 0 21 790
20.4491 0 20 788
20.499 0 20 787
20.5498 0 20 788
20.5988 0 19 789
20.6495 0 19 787
20.6998 0 19 787
20.7499 0 19 789
20.7997 0 19 793
20.8498 0 19 796
20.8994 0 19 799
20.9487 0 19 797
20.9997 0 19 796
21.0497 0 19 794
21.0999 0 19 791
21.1475 0 19 787
21.1988 0 19 781
21.2496 0 19 782
21.2995 0 19 776
21.3499 0 19 778
21.3984 0 19 778
21.4493 0 19 785
21.4997 0 19 783
21.5454 0 19 775
21.5989 0 19 777
21.6496 0 19 774
21.699 0 19 774
21.7497 0 19 775
21.7986 0 19 777
21.8495 0 19 778
21.8996 0 19 776
21.9495 0 19 772
21.9979 0 19 772
22.0484 0 19 770
22.0988 0 19 769
22.1498 0 19 770
22.1996 0 19 771
22.2493 0 19 770
22.2975 0 19 772
22.3491 0 19 773
22.3994 0 19 774
22.4459 0 19 771
22.5 0 19 769
22.5496 0 19 774
22.5974 0 19 771
22.6492 0 19 771
22.6992 0 19 772
22.7487 0 19 772
22.7999 0 19 768
22.8483 0 19 767
22.8992 0 19 762
22.9494 0 19 757
22.999 0 19 762
23.0496 0 19 767
23.0977 0 19 770
23.1491 0 19 774
23.1986 0 19 781
23.2492 0 19 787
23.2991 0 19 783
23.3486 0 19 780
23.3994 0 19 780
23.4494 0 19 781
23.5 0 19 783
23.5495 0 19 788
23.5999 0 19 793
23.6499 0 19 794
23.6992 0 19 798
23.7491 0 19 801
23.7995 0 19 795
23.8449 0 19 793
23.8996 0 19 797
23.9489 0 19 797
23.9996 0 18 795
24.0497 0 18 792
24.0987 0 18 790
24.1489 0 18 786
24.1992 0 18 790
24.2495 0 18 792
24.2992 0 18 788
24.3477 0 18 786
24.3988 0 18 789
24.4493 0 18 791
24.4995 0 18 791
24.5498 0 18 795
24.5992 0 18 795
24.6499 0 18 802
24.7 0 18 797
24.7485 0 18 794
24.7999 0 18 793
24.8483 0 18 795
24.8998 0 18 796
24.9479 0 18 796
24.9999 0 18 798
25.05 0 18 802
25.0994 0 18 801
25.149 0 18 803
25.1996 0 18 798
25.2499 0 18 802
25.2972 0 18 802
25.3498 0 18 806
25.3997 0 18 805
25.4494 0 18 809
25.4992 0 18 806
25.5496 0 18 805
25.5999 0 18 798
25.6482 0 18 793
25.699 0 18 792
25.7492 0 18 798
25.7997 0 18 796
25.8488 0 18 798
25.8999 0 18 797
25.9496 0 18 795
25.9972 0 18 798
26.0489 0 18 802
26.0985 0 18 800
26.1499 0 18 802
26.1993 0 18 805
26.2494 0 18 805
26.2998 0 18 799
26.3494 0 18 794
26.3971 0 18 795
26.4491 0 18 796
26.4982 0 18 798
26.5487 0 18 800
26.5997 0 18 796
26.6495 0 18 797
26.6998 0 18 798
26.7486 0 18 790
26.797 0 18 794
26.8495 0 18 795
26.8996 0 18 803
26.9497 0 18 798
27 0 18 797
27.049 0 18 793
27.0999 0 18 790
27.1487 0 18 790
27.1994 0 18 791
27.2499 0 18 787
27.3 0 18 789
27.348 0 18 790
27.3971 0 18 790
27.4473 0 18 789
27.4998 0 18 789
27.5495 0 18 791
27.5985 0 18 793
27.649 0 18 791
27.6999 0 18 790
27.7491 0 18 793
27.7998 0 18 790
27.8482 0 18 792
27.8974 0 18 791
27.9495 0 18 792
27.999 0 18 792
28.0486 0 18 792
28.0989 0 18 802
28.1495 0 18 804
28.1999 0 18 802
28.2499 0 18 802
28.2994 0 18 801
28.3489 0 18 801
28.3997 0 18 802
28.4488 0 18 801
28.4993 0 18 802
28.5491 0 18 803
28.5986 0 18 804
28.6474 0 18 800
28.6993 0 18 804
28.7458 0 18 801
28.8 0 18 804
28.8484 0 18 801
28.8991 0 18 805
28.95 0 18 810
28.9978 0 18 805
29.0496 0 18 808
29.0993 0 18 805
29.1489 0 18 806
29.1995 0 18 806
29.2485 0 18 809
29.2995 0 18 808
29.3492 0 18 807
29.3999 0 18 808
29.449 0 18 812
29.4997 0 18 813
29.5488 0 18 813
29.599 0 18 815
29.6476 0 18 812
29.6993 0 18 816
29.7492 0 18 814
29.7996 0 18 817
29.8498 0 18 813
29.8996 0 18 815
29.9468 0 18 810
29.9998 0 18 809
30.0494 0 18 809
30.0959 0 18 812
30.1492 0 18 806
30.1987 0 18 803
30.2487 0 18 804
30.2997 0 18 802
30.3489 0 18 798
30.3981 0 18 796
30.4494 0 18 789
30.5 0 18 787
30.5496 0 18 784
30.5994 0 18 782
30.6486 0 18 782
30.6995 0 18 780
30.7479 0 18 778
30.7981 0 18 778
30.8493 0 18 783
30.8987 0 18 781
30.9492 0 18 782
30.9996 0 18 790
31.0484 0 18 792
31.0997 0 18 794
31.1486 0 18 800
31.1999 0 18 800
31.2464 0 18 804
31.2997 0 18 805
31.3482 0 18 802
31.3999 0 18 802
31.4498 0 18 802
31.4983 0 18 802
31.5499 0 18 803
31.5988 0 18 804
31.6488 0 18 805
31.6999 0 18 805
31.7494 0 18 802
31.7998 0 18 802
31.8498 0 18 807
31.8997 0 18 805
31.9494 0 18 805
31.9999 0 18 805
32.0491 0 18 800
32.0994 0 18 800
32.1457 0 18 801
32.2 0 18 803
32.2493 0 18 797
32.2967 0 18 795
32.3499 0 18 795
32.3978 0 18 791
32.4488 0 18 793
32.4991 0 18 790
32.5491 0 18 790
32.5999 0 18 786
32.6496 0 18 789
32.6996 0 18 794
32.7494 0 18 793
32.7991 0 18 797
32.8488 0 18 796
32.8994 0 18 793
32.9494 0 18 791
32.9998 0 18 789
33.0496 0 18 790
33.0993 0 18 792
33.146 0 18 796
33.1982 0 18 796
33.2496 0 18 794
33.2998 0 18 796
33.3499 0 18 791
33.3974 0 18 793
33.4494 0 18 794
33.4995 0 18 790
33.5494 0 18 791
33.5983 0 18 788
33.6498 0 18 790
33.698 0 18 789
33.7499 0 18 789
33.7995 0 18 790
33.8499 0 18 791
33.8996 0 18 795
33.9491 0 18 796
33.9996 0 18 800
34.0472 0 18 796
34.0999 0 18 799
34.1487 0 18 802
34.1971 0 18 799
34.2465 0 18 800
34.2997 0 18 802
34.3499 0 18 797
34.3989 0 18 801
34.4482 0 18 798
34.4998 0 18 799
34.5494 0 18 797
34.5997 0 18 798
34.6497 0 18 798
34.6995 0 18 796
34.7488 0 18 800
34.7944 0 18 800
34.8498 0 18 800
34.8987 0 18 799
34.9465 0 18 797
34.9993 0 18 796
35.0494 0 18 796
35.0996 0 18 794
35.1487 0 18 793
35.1999 0 18 791
35.2494 0 18 793
35.2976 0 18 792
35.3499 0 18 791
35.3979 0 18 788
35.4498 0 18 788
35.4978 0 18 789
35.5469 0 18 790
35.5985 0 18 786
35.6489 0 18 785
35.7 0 18 788
35.7497 0 18 792
35.7992 0 18 798
35.8491 0 18 797
35.899 0 18 795
35.9498 0 18 797
35.9979 0 18 796
36.0492 0 18 804
36.0993 0 18 799
36.1498 0 18 799
36.1994 0 18 798
36.2499 0 18 798
36.2983 0 18 795
36.3491 0 18 796
36.3996 0 18 793
36.4442 0 18 791
36.4971 0 18 788
36.5496 0 18 788
36.5998 0 18 789
36.6455 0 18 788
36.699 0 18 793
36.7479 0 18 790
36.8 0 18 792
36.8498 0 18 796
36.8985 0 18 792
36.9485 0 18 792
36.9999 0 18 791
37.0499 0 18 792
37.1 0 18 797
37.1472 0 18 796
37.1976 0 18 797
37.2497 0 18 796
37.2997 0 18 797
37.3494 0 18 797
37.3997 0 18 799
37.4497 0 18 800
37.4997 0 18 802
37.5493 0 18 803
37.599 0 18 803
37.648 0 18 804
37.699 0 18 806
37.7496 0 18 808
37.797 0 18 805
37.8489 0 18 806
37.8993 0 18 807
37.9492 0 18 807
37.9998 0 18 806
38.0498 0 18 802
38.0993 0 18 806
38.1492 0 18 805
38.1999 0 18 804
38.2482 0 18 802
38.2995 0 18 802
38.35 0 18 797
38.4 0 18 800
38.4465 0 18 804
38.496 0 18 802
38.549 0 18 802
38.5983 0 18 802
38.6495 0 18 801
38.6993 0 18 807
38.749 0 18 804
38.7986 0 18 804
38.8478 0 18 804
38.8998 0 18 802
38.9498 0 18 807
38.9996 0 18 809
39.0495 0 18 809
39.0999 0 18 812
39.1485 0 18 813
39.1989 0 18 809
39.2499 0 18 814
39.2997 0 18 811
39.3482 0 18 809
39.397 0 18 812
39.4498 0 18 814
39.4999 0 18 809
39.5476 0 18 812
39.5999 0 18 806
39.6498 0 18 804
39.6993 0 18 801
39.7487 0 18 802
39.7991 0 18 803
39.8499 0 18 803
39.8999 0 18 798
39.9498 0 18 800
39.9975 0 18 804
40.0498 0 18 801
40.0987 0 18 800
40.1491 0 18 794
40.1984 0 18 789
40.2487 0 18 791
40.2985 0 18 789
40.3485 0 18 786
40.3997 0 18 791
40.4498 0 18 796
40.4991 0 18 799
40.5497 0 18 804
40.5998 0 18 805
40.6492 0 18 805
40.6996 0 18 804
40.7468 0 18 802
40.7986 0 18 796
40.8498 0 18 793
40.8999 0 18 791
40.9486 0 18 791
40.9995 0 18 793
41.0496 0 18 798
41.0998 0 18 801
41.1494 0 18 799
41.1966 0 18 796
41.2497 0 18 798
41.2994 0 18 795
41.3494 0 18 799
41.3999 0 18 799
41.4486 0 18 799
41.497 0 18 801
41.5481 0 18 797
41.5982 0 18 795
41.6494 0 18 794
41.6962 0 18 793
41.7499 0 18 800
41.7983 0 18 802
41.8484 0 18 797
41.8996 0 18 803
41.9481 0 18 806
41.998 0 18 809
42.0489 0 18 807
42.0999 0 18 808
42.1488 0 18 807
42.1962 0 18 805
42.2479 0 18 807
42.2992 0 18 809
42.3492 0 18 807
42.398 0 18 802
42.4491 0 18 804
42.4997 0 18 804
42.5491 0 18 806
42.5996 0 18 810
42.6495 0 18 808
42.6987 0 18 809
42.7498 0 18 808
42.7999 0 18 805
42.8498 0 18 804
42.8991 0 18 805
42.948 0 18 809
42.9999 0 18 812
43.05 0 18 815
43.0982 0 18 813
43.1487 0 18 814
43.1995 0 18 814
43.249 0 18 811
43.2993 0 18 811
43.3499 0 18 812
43.3984 0 18 811
43.45 0 18 809
43.4998 0 18 810
43.5468 0 18 805
43.5983 0 18 806
43.6498 0 18 807
43.6994 0 18 807
43.7498 0 18 806
43.7996 0 18 799
43.8498 0 18 794
43.8991 0 18 797
43.95 0 18 792
43.9996 0 18 792
44.0497 0 18 788
44.0994 0 18 791
44.1496 0 18 791
44.1985 0 18 792
44.2491 0 18 787
44.2991 0 18 787
44.3499 0 18 786
44.3999 0 18 791
44.4486 0 18 791
44.4966 0 18 793
44.5486 0 18 795
44.599 0 18 796
44.6498 0 18 794
44.6966 0 18 796
44.7499 0 18 797
44.7986 0 18 797
44.8479 0 18 798
44.8984 0 18 797
44.9489 0 18 800
44.9993 0 18 801
45.0494 0 18 800
45.0997 0 18 801
45.1459 0 18 797
45.1993 0 18 799
45.2494 0 18 802
45.2984 0 18 804
45.35 0 18 804
45.3981 0 18 806
45.4498 0 18 807
45.4997 0 18 803
45.5483 0 18 802
45.5999 0 18 802
45.6496 0 18 803
45.6981 0 18 810
45.7492 0 18 810
45.7997 0 18 808
45.85 0 18 805
45.8996 0 18 809
45.9498 0 18 806
45.9992 0 18 801
46.0467 0 18 797
46.0991 0 18 796
46.1493 0 18 801
46.1999 0 18 806
46.2489 0 18 809
46.2998 0 18 814
46.3496 0 18 808
46.3987 0 18 810
46.448 0 18 808
46.5 0 18 808
46.5498 0 18 808
46.5993 0 18 810
46.6485 0 18 812
46.6995 0 18 817
46.7493 0 18 821
46.7975 0 18 819
46.8483 0 18 817
46.8983 0 18 817
46.95 0 18 811
46.9994 0 18 816
47.0499 0 18 812
47.0999 0 18 814
47.1493 0 18 817
47.1991 0 18 815
47.2448 0 18 819
47.2989 0 18 820
47.3494 0 18 818
47.3999 0 18 820
47.449 0 18 822
47.4997 0 18 818
47.5497 0 18 819
47.5984 0 18 819
47.648 0 18 822
47.7 0 18 817
47.75 0 18 814
47.7993 0 18 814
47.849 0 18 818
47.8986 0 18 817
47.9498 0 18 817
47.9995 0 18 820
48.0497 0 18 817
48.0998 0 18 817
48.1498 0 18 813
48.1992 0 18 806
48.2492 0 18 803
48.2982 0 18 806
48.35 0 18 806
48.3998 0 18 803
48.4491 0 18 800
48.4986 0 18 803
48.5489 0 18 802
48.5983 0 18 800
48.6499 0 18 802
48.6981 0 18 804
48.7459 0 18 802
48.7999 0 18 798
48.8442 0 18 802
48.8998 0 18 800
48.9496 0 18 802
48.991 0 18 800
49.0493 0 18 796
49.0987 0 18 798
49.147 0 18 799
49.1989 0 18 803
49.2498 0 18 804
49.2988 0 18 800
49.349 0 18 801
49.3984 0 18 801
49.4497 0 18 803
49.4994 0 18 805
49.5494 0 18 805
49.5979 0 18 803
49.6484 0 18 810
49.6978 0 18 807
49.7493 0 18 806
49.7989 0 18 806
49.8467 0 18 807
49.899 0 18 807
49.9498 0 18 814
49.9981 0 18 818
50.003 0 18 819
