0.049795 991 1 16
0.0998352 975 1 31
0.149491 969 1 45
0.1989 961 5 56
0.249717 954 6 66
0.299984 947 10 74
0.349922 941 13 85
0.399845 935 16 90
0.449766 932 21 102
0.499913 925 22 108
0.549927 920 25 119
0.599899 914 27 136
0.648964 911 31 144
0.699018 905 34 148
0.749519 896 39 152
0.799777 893 48 155
0.849635 885 54 163
0.899906 880 57 168
0.949213 873 67 173
0.999023 869 72 178
1.04971 866 80 188
1.09979 859 88 187
1.14899 852 91 191
1.19981 849 93 193
1.24984 844 97 202
1.29987 837 99 209
1.3499 831 101 215
1.39969 828 104 230
1.4499 823 115 234
1.49995 813 116 241
1.54989 809 117 248
1.6 807 122 255
1.64935 803 130 263
1.69946 799 133 267
1.74996 795 140 272
1.79956 790 144 278
1.84987 784 149 283
1.89997 778 155 289
1.94996 772 165 295
1.99945 767 170 296
2.0499 762 176 300
2.09958 759 176 305
2.14991 753 184 303
2.19948 746 188 306
2.24997 740 194 310
2.29986 737 196 312
2.34986 733 202 320
2.39997 730 214 321
2.44989 722 221 322
2.49987 715 220 327
2.54974 713 220 327
2.59922 703 221 328
2.64994 702 226 325
2.69974 698 228 327
2.74995 696 230 324
2.79985 691 239 330
2.84992 690 243 327
2.89944 686 242 330
2.94975 685 245 327
2.99989 682 253 332
3.04982 680 260 329
3.09981 673 266 329
3.1497 672 274 340
3.2 669 279 344
3.24995 661 285 345
3.29998 656 287 350
3.34991 652 294 354
3.39931 648 295 359
3.44982 647 298 365
3.49992 640 302 365
3.54962 637 310 362
3.59956 635 317 365
3.64991 634 324 365
3.69967 634 327 365
3.74992 627 330 367
3.7999 624 339 367
3.84888 619 343 363
3.89995 618 345 365
3.94992 614 348 368
3.99986 610 350 371
4.04902 609 351 378
4.09988 606 354 379
4.14992 602 360 381
4.19972 599 367 383
4.24972 595 372 382
4.29988 593 371 388
4.34969 590 376 392
4.39992 588 379 389
4.44963 584 386 394
4.49927 576 392 390
4.54983 572 396 388
4.59994 569 397 386
4.64993 565 403 395
4.69998 559 406 395
4.74926 555 414 397
4.79958 550 418 408
4.84986 543 423 412
4.89999 542 426 419
4.94898 539 424 422
4.9999 537 428 422
5.04922 531 426 423
5.09919 528 431 428
5.14937 525 436 432
5.19986 520 433 433
5.24978 517 434 434
5.29986 513 434 436
5.34984 510 429 440
5.39987 508 431 446
5.44999 501 431 448
5.49969 497 430 448
5.54995 494 430 462
5.59924 492 437 469
5.64998 491 437 470
5.69969 490 438 472
5.74936 488 433 469
5.79985 488 440 469
5.84967 483 439 471
5.89994 482 442 476
5.94988 480 443 482
5.99921 475 443 486
6.0498 470 445 490
6.09981 465 441 489
6.14974 461 440 493
6.19987 456 440 494
6.2498 455 441 496
6.3 450 444 500
6.34876 447 444 504
6.39958 447 440 510
6.44959 440 437 517
6.49887 436 439 515
6.54965 432 433 515
6.59975 429 433 516
6.6499 423 433 521
6.69978 420 436 527
6.7498 417 437 528
6.79981 415 437 530
6.84954 415 436 533
6.89998 410 436 533
6.9499 408 431 532
6.99941 404 431 533
7.04958 401 430 545
7.09922 398 432 553
7.14998 396 434 554
7.19991 396 435 556
7.24968 395 434 555
7.29975 392 436 558
7.34975 389 433 560
7.39963 384 434 559
7.4499 382 438 559
7.49931 381 435 558
7.54951 379 437 560
7.59908 376 434 564
7.64946 373 432 570
7.69995 370 431 574
7.74946 368 425 577
7.7992 363 429 580
7.84991 357 430 581
7.89986 352 428 586
7.94974 350 427 588
7.99982 350 427 602
8.04999 347 428 605
8.09924 343 426 604
8.14992 340 422 604
8.19934 339 418 609
8.24988 335 417 614
8.29988 334 417 620
8.34984 328 413 620
8.39988 326 411 625
8.44987 323 410 621
8.49962 321 410 622
8.54983 319 406 625
8.5988 317 403 626
8.64928 313 402 625
8.69947 310 397 627
8.74982 305 397 629
8.79877 300 397 631
8.84913 296 395 634
8.89964 295 393 638
8.94964 292 392 641
8.9993 289 388 646
9.04998 289 385 652
9.09976 286 381 652
9.1494 283 380 652
9.19947 281 379 653
9.2496 279 376 654
9.29976 276 375 656
9.3498 270 367 662
9.39967 268 365 665
9.44918 264 365 666
9.49915 262 364 672
9.54985 260 359 668
9.59992 255 358 672
9.6498 253 354 671
9.69991 251 351 672
9.74864 250 346 668
9.79963 246 346 671
9.84995 246 343 670
9.89966 245 338 673
9.94995 244 336 676
9.99989 243 337 680
10.0494 240 333 679
10.1 239 327 681
10.1493 236 326 683
10.1996 232 327 686
10.2496 231 323 693
10.2993 228 321 689
10.3496 228 321 700
10.3995 226 320 703
10.4493 226 319 704
10.4999 225 317 705
10.5496 223 317 710
10.5999 221 317 715
10.6498 221 313 716
10.6987 221 311 723
10.7494 217 308 729
10.7996 215 306 734
10.8498 211 303 739
10.8997 210 301 742
10.9499 208 299 744
10.9985 204 294 750
11.05 201 294 761
11.1 198 291 759
11.1499 196 290 760
11.1994 194 287 757
11.2499 194 286 761
11.299 192 285 767
11.35 190 283 768
11.3995 188 280 770
11.4491 185 277 775
11.4994 185 275 784
11.5499 185 274 788
11.5997 185 272 787
11.6498 182 266 787
11.6999 179 263 790
11.7499 178 260 789
11.7999 173 258 787
11.849 173 255 787
11.8988 171 252 786
11.9496 168 252 785
11.9989 166 250 785
12.0483 165 249 789
12.0993 162 243 795
12.1493 156 242 793
12.1998 151 241 793
12.2498 149 240 794
12.2999 149 239 790
12.3498 146 236 789
12.3996 146 236 788
12.4488 144 230 776
12.4992 141 226 778
12.5492 140 223 782
12.5998 140 222 779
12.6498 138 220 778
12.6995 136 214 784
12.7496 134 212 783
12.7995 132 211 790
12.8491 129 210 788
12.8995 128 207 790
12.9499 125 206 795
12.9993 125 203 798
13.0499 124 202 800
13.099 122 199 801
13.148 119 198 802
13.1999 118 196 803
13.2497 116 192 807
13.2985 115 193 806
13.3492 113 192 808
13.3997 113 191 808
13.4494 113 189 806
13.4994 109 186 799
13.5497 108 181 800
13.5997 106 176 802
13.65 103 173 797
13.6987 101 169 804
13.7499 97 171 810
13.7998 96 170 811
13.8493 96 167 812
13.9 94 166 817
13.9499 92 162 811
13.9995 89 160 811
14.0495 88 159 804
14.0993 87 157 802
14.1497 84 155 801
14.1986 83 153 803
14.2499 83 152 802
14.2995 82 148 800
14.3499 81 146 804
14.3987 81 143 800
14.4492 78 142 803
14.4991 77 141 800
14.5486 74 140 801
14.5994 71 138 792
14.6498 70 137 790
14.6987 69 137 788
14.7487 68 136 789
14.7985 66 132 786
14.8497 65 131 788
14.8986 63 130 788
14.9497 60 126 787
14.9996 59 126 785
15.0496 58 124 787
15.0997 56 123 789
15.1491 55 121 788
15.1996 50 121 790
15.2498 48 118 791
15.2996 46 115 792
15.35 45 115 790
15.3997 45 115 794
15.4492 45 113 798
15.4997 43 110 802
15.5497 42 109 801
15.5996 40 107 799
15.6497 37 104 798
15.6999 34 103 794
15.7498 33 102 795
15.7998 32 101 800
15.8497 32 98 798
15.8998 31 97 802
15.9489 31 94 802
15.9992 31 91 805
16.0498 31 88 805
16.0999 30 85 804
16.1493 29 83 806
16.1997 28 82 807
16.2499 27 81 805
16.2998 27 79 795
16.3499 27 78 796
16.3999 26 77 795
16.4496 25 75 798
16.4999 25 75 799
16.55 22 74 798
16.5998 21 73 797
16.6489 20 72 795
16.6985 19 72 791
16.7485 18 70 792
16.7995 16 66 794
16.85 16 65 798
16.899 16 64 801
16.9498 16 64 803
16.9996 15 62 807
17.0498 14 62 811
17.0987 12 61 807
17.1498 12 60 805
17.1998 10 60 809
17.2495 7 60 808
17.2999 7 60 809
17.3491 7 57 805
17.3999 7 55 805
17.4497 6 55 805
17.4999 5 55 806
17.5498 5 55 807
17.5996 4 55 808
17.6494 3 53 810
17.6999 3 53 809
17.75 1 52 807
17.7997 1 50 805
17.8496 1 49 802
17.8993 1 47 800
17.95 0 46 796
17.9984 0 45 797
18.0498 0 42 794
18.099 0 42 789
18.1499 0 42 786
18.1992 0 42 790
18.2493 0 42 792
18.2995 0 41 794
18.3494 0 41 796
18.3996 0 41 793
18.45 0 41 793
18.4991 0 39 796
18.5497 0 39 792
18.5987 0 39 796
18.6495 0 38 797
18.6992 0 38 796
18.7495 0 35 796
18.7991 0 35 798
18.85 0 33 799
18.8994 0 32 797
18.9494 0 32 797
18.9986 0 31 794
19.0486 0 29 796
19.0991 0 28 792
19.1499 0 27 796
19.1988 0 26 797
19.2495 0 26 801
19.2998 0 26 797
19.3498 0 25 797
19.3999 0 25 797
19.4469 0 25 797
19.4995 0 24 803
19.5499 0 24 799
19.5974 0 24 792
19.6499 0 24 795
19.699 0 23 797
19.7498 0 23 800
19.7996 0 23 800
19.847 0 23 800
19.8987 0 23 804
19.9494 0 23 803
19.9999 0 23 802
20.0492 0 21 796
20.0996 0 21 791
20.1485 0 21 791
20.1996 0 21 789
20.2471 0 21 786
20.3 0 21 789
20.3479 0 21 796
20.3994 0 21 801
20.4487 0 21 802
20.4987 0 21 809
20.5496 0 21 812
20.5982 0 21 812
20.6493 0 21 813
20.7 0 21 815
20.7497 0 20 814
20.7999 0 20 815
20.8495 0 20 819
20.8994 0 20 815
20.9492 0 18 810
20.9998 0 18 809
21.0496 0 18 808
21.0999 0 18 807
21.1498 0 18 807
21.1995 0 18 799
21.2494 0 18 797
21.2986 0 18 797
21.3495 0 18 800
21.3997 0 17 800
21.4498 0 17 802
21.5 0 17 797
21.55 0 17 794
21.5997 0 17 799
21.6491 0 17 794
21.6993 0 17 797
21.7497 0 17 795
21.7999 0 17 799
21.8489 0 17 802
21.8996 0 17 801
21.95 0 17 799
21.9982 0 17 800
22.0496 0 17 796
22.0981 0 17 800
22.1483 0 17 803
22.1988 0 17 802
22.2497 0 17 795
22.2998 0 17 794
22.3494 0 17 794
22.3989 0 17 793
22.4485 0 17 789
22.4968 0 17 792
22.5498 0 17 792
22.5972 0 17 790
22.65 0 17 791
22.6992 0 17 796
22.7499 0 17 794
22.7994 0 17 791
22.8495 0 17 790
22.8994 0 17 795
22.9494 0 17 794
22.9988 0 17 798
23.0492 0 17 802
23.0989 0 17 800
23.1489 0 17 802
23.1997 0 17 804
23.2484 0 17 805
23.2996 0 17 812
23.3495 0 17 814
23.3992 0 17 806
23.4475 0 17 810
23.499 0 17 808
23.5498 0 17 807
23.5999 0 17 803
23.6478 0 17 799
23.6986 0 17 799
23.75 0 17 798
23.7998 0 17 798
23.8497 0 17 800
23.8995 0 17 803
23.9482 0 17 800
23.9998 0 17 800
24.0487 0 17 801
24.0985 0 17 802
24.1485 0 17 800
24.1994 0 17 802
24.2497 0 17 800
24.2986 0 17 798
24.3496 0 17 792
24.3988 0 17 788
24.4476 0 17 789
24.4999 0 17 786
24.5497 0 17 781
24.5965 0 17 784
24.6495 0 17 784
24.6993 0 17 786
24.749 0 17 793
24.7998 0 17 794
24.8498 0 17 792
24.8988 0 17 794
24.9496 0 17 795
24.9996 0 17 795
25.0499 0 17 796
25.0964 0 17 800
25.1493 0 17 799
25.199 0 17 799
25.2499 0 17 800
25.2981 0 17 805
25.3498 0 17 804
25.3998 0 17 803
25.4494 0 17 805
25.4988 0 17 801
25.5453 0 17 803
25.599 0 17 798
25.6485 0 17 798
25.6999 0 17 803
25.7478 0 17 805
25.7989 0 17 800
25.8442 0 17 803
25.8986 0 17 797
25.9498 0 17 796
25.9989 0 17 797
26.0482 0 17 796
26.0994 0 17 790
26.1478 0 17 792
26.1984 0 17 796
26.2482 0 17 794
26.2978 0 17 794
26.35 0 17 794
26.4 0 17 791
26.4495 0 17 791
26.4995 0 17 792
26.5487 0 17 791
26.5989 0 17 789
26.6487 0 17 790
26.6994 0 17 790
26.7488 0 17 791
26.7982 0 17 794
26.8492 0 17 790
26.8992 0 17 792
26.9464 0 17 798
27 0 17 801
27.0479 0 17 800
27.0964 0 17 799
27.148 0 17 801
27.1999 0 17 801
27.2472 0 17 799
27.2962 0 17 799
27.3487 0 17 800
27.3998 0 17 803
27.4499 0 17 804
27.499 0 17 804
27.5499 0 17 805
27.5998 0 17 806
27.6487 0 17 808
27.6977 0 17 813
27.7499 0 17 809
27.7981 0 17 806
27.8486 0 17 798
27.899 0 17 800
27.9496 0 17 801
27.9994 0 17 800
28.0492 0 17 802
28.0997 0 17 803
28.1492 0 17 803
28.1999 0 17 802
28.2499 0 17 800
28.2989 0 17 802
28.35 0 17 800
28.3943 0 17 800
28.4499 0 17 805
28.4995 0 17 802
28.5488 0 17 805
28.5997 0 17 803
28.6484 0 17 802
28.6998 0 17 805
28.748 0 17 804
28.7987 0 17 803
28.8487 0 17 804
28.8997 0 17 805
28.948 0 17 802
28.9998 0 17 803
29.0473 0 17 803
29.0969 0 17 802
29.1493 0 17 807
29.1978 0 17 808
29.2492 0 17 811
29.2998 0 17 814
29.3498 0 17 811
29.3962 0 17 807
29.45 0 17 809
29.4991 0 17 807
29.5478 0 17 805
29.5982 0 17 803
29.6491 0 17 806
29.6989 0 17 805
29.7494 0 17 807
29.7999 0 17 805
29.8469 0 17 802
29.8975 0 17 803
29.9499 0 17 805
29.9995 0 17 804
30.0486 0 17 805
30.0981 0 17 801
30.1488 0 17 801
30.1996 0 17 801
30.2499 0 17 805
30.2994 0 17 808
30.3498 0 17 802
30.398 0 17 805
30.4498 0 17 805
30.4998 0 17 808
30.5478 0 17 805
30.5993 0 17 805
30.6429 0 17 805
30.6993 0 17 803
30.7494 0 17 799
30.7998 0 17 797
30.8499 0 17 795
30.899 0 17 793
30.9476 0 17 794
30.9955 0 17 797
31.0499 0 17 800
31.0973 0 17 803
31.1494 0 17 798
31.1992 0 17 796
31.2498 0 17 793
31.2991 0 17 796
31.349 0 17 795
31.3987 0 17 795
31.4449 0 17 796
31.4991 0 17 803
31.5497 0 17 803
31.5997 0 17 804
31.649 0 17 808
31.6992 0 17 807
31.7491 0 17 809
31.7998 0 17 806
31.8458 0 17 807
31.8966 0 17 806
31.9494 0 17 808
31.9997 0 17 809
32.0476 0 17 808
32.0997 0 17 804
32.1493 0 17 803
32.1981 0 17 803
32.2496 0 17 799
32.2998 0 17 801
32.35 0 17 804
32.3995 0 17 805
32.45 0 17 805
32.4991 0 17 809
32.5494 0 17 811
32.5988 0 17 812
32.6487 0 17 808
32.6998 0 17 805
32.7487 0 17 805
32.7999 0 17 807
32.8488 0 17 810
32.8998 0 17 807
32.9452 0 17 814
32.9989 0 17 810
33.05 0 17 811
33.0999 0 17 809
33.1467 0 17 810
33.1974 0 17 805
33.2493 0 17 805
33.2993 0 17 804
33.3493 0 17 802
33.3997 0 17 799
33.4497 0 17 797
33.4998 0 17 798
33.5496 0 17 802
33.6 0 17 801
33.6497 0 17 802
33.697 0 17 807
33.7472 0 17 804
33.7997 0 17 803
33.8491 0 17 801
33.8999 0 17 801
33.9493 0 17 803
33.9991 0 17 799
34.0487 0 17 801
34.0999 0 17 802
34.1495 0 17 800
34.197 0 17 797
34.2499 0 17 799
34.2996 0 17 800
34.3491 0 17 799
34.3994 0 17 794
34.4487 0 17 795
34.4995 0 17 793
34.5472 0 17 786
34.596 0 17 789
34.6496 0 17 791
34.6993 0 17 794
34.7474 0 17 798
34.7995 0 17 803
34.8499 0 17 809
34.8994 0 17 812
34.95 0 17 812
34.9999 0 17 815
35.0496 0 17 815
35.0978 0 17 819
35.15 0 17 817
35.1982 0 17 813
35.2484 0 17 813
35.2992 0 17 813
35.3499 0 17 810
35.3999 0 17 804
35.4497 0 17 800
35.4989 0 17 802
35.5484 0 17 796
35.5912 0 17 793
35.6488 0 17 792
35.6999 0 17 787
35.7489 0 17 785
35.7999 0 17 783
35.8493 0 17 779
35.8995 0 17 777
35.9497 0 17 775
35.9967 0 17 773
36.0499 0 17 771
36.0997 0 17 773
36.1487 0 17 778
36.1996 0 17 775
36.2498 0 17 781
36.3 0 17 782
36.3489 0 17 778
36.4 0 17 784
36.4491 0 17 793
36.4998 0 17 791
36.5487 0 17 791
36.5993 0 17 789
36.6497 0 17 794
36.6984 0 17 787
36.7471 0 17 789
36.7995 0 17 793
36.8477 0 17 799
36.8968 0 17 800
36.9497 0 17 803
36.9991 0 17 805
37.0479 0 17 798
37.0995 0 17 801
37.1481 0 17 800
37.1976 0 17 797
37.2487 0 17 798
37.2993 0 17 799
37.3495 0 17 797
37.3994 0 17 793
37.4492 0 17 796
37.4987 0 17 792
37.5483 0 17 795
37.5987 0 17 797
37.6484 0 17 798
37.6976 0 17 801
37.7496 0 17 801
37.7984 0 17 802
37.8461 0 17 799
37.8995 0 17 796
37.9498 0 17 795
37.9986 0 17 797
38.0497 0 17 798
38.0997 0 17 798
38.1487 0 17 793
38.1962 0 17 795
38.2486 0 17 791
38.2999 0 17 785
38.3497 0 17 785
38.3997 0 17 788
38.4494 0 17 794
38.499 0 17 797
38.5499 0 17 798
38.5995 0 17 798
38.6491 0 17 799
38.6988 0 17 798
38.7499 0 17 803
38.7968 0 17 805
38.8495 0 17 808
38.8999 0 17 808
38.9481 0 17 811
38.9988 0 17 804
39.0488 0 17 799
39.1 0 17 800
39.1496 0 17 805
39.2 0 17 807
39.2499 0 17 805
39.2996 0 17 804
39.3482 0 17 802
39.3997 0 17 799
39.4489 0 17 802
39.4996 0 17 796
39.5492 0 17 795
39.599 0 17 794
39.6494 0 17 794
39.6998 0 17 794
39.7499 0 17 790
39.7991 0 17 794
39.8492 0 17 795
39.8992 0 17 789
39.9492 0 17 788
39.9989 0 17 791
40.0485 0 17 789
40.0994 0 17 796
40.1498 0 17 798
40.1999 0 17 797
40.2485 0 17 798
40.2997 0 17 806
40.3495 0 17 805
40.3995 0 17 804
40.449 0 17 804
40.4996 0 17 802
40.5498 0 17 804
40.5987 0 17 800
40.6498 0 17 803
40.6998 0 17 796
40.7488 0 17 803
40.7993 0 17 805
40.8481 0 17 807
40.8999 0 17 809
40.9498 0 17 803
40.9997 0 17 804
41.0464 0 17 808
41.1 0 17 807
41.1497 0 17 805
41.1995 0 17 801
41.2429 0 17 801
41.2988 0 17 798
41.3497 0 17 803
41.3978 0 17 802
41.4472 0 17 803
41.4979 0 17 802
41.5427 0 17 804
41.5988 0 17 806
41.6496 0 17 807
41.6994 0 17 810
41.7494 0 17 809
41.7999 0 17 803
41.8498 0 17 806
41.8999 0 17 806
41.9487 0 17 804
41.9997 0 17 803
42.0499 0 17 807
42.0991 0 17 806
42.1491 0 17 807
42.1974 0 17 806
42.2497 0 17 800
42.2997 0 17 799
42.3498 0 17 800
42.3999 0 17 805
42.4493 0 17 805
42.4995 0 17 804
42.5499 0 17 808
42.5938 0 17 810
42.6478 0 17 810
42.699 0 17 808
42.7473 0 17 807
42.7985 0 17 812
42.8497 0 17 812
42.8997 0 17 813
42.9489 0 17 811
42.9999 0 17 810
43.046 0 17 812
43.0938 0 17 814
43.15 0 17 810
43.1995 0 17 813
43.2494 0 17 810
43.2988 0 17 809
43.3493 0 17 810
43.3942 0 17 816
43.4488 0 17 812
43.498 0 17 812
43.5496 0 17 809
43.5999 0 17 809
43.6474 0 17 811
43.6985 0 17 810
43.7485 0 17 808
43.7998 0 17 810
43.8497 0 17 810
43.8989 0 17 804
43.9484 0 17 805
44 0 17 803
44.0485 0 17 807
44.0993 0 17 806
44.1463 0 17 804
44.1992 0 17 805
44.2484 0 17 802
44.2997 0 17 802
44.3494 0 17 803
44.3999 0 17 804
44.4477 0 17 806
44.498 0 17 802
44.5498 0 17 802
44.5997 0 17 800
44.6499 0 17 800
44.6996 0 17 799
44.7497 0 17 801
44.7998 0 17 807
44.8493 0 17 805
44.8996 0 17 809
44.9488 0 17 809
44.9989 0 17 805
45.0492 0 17 804
45.0995 0 17 801
45.1498 0 17 804
45.1991 0 17 806
45.2493 0 17 806
45.2997 0 17 804
45.3492 0 17 799
45.3985 0 17 802
45.4491 0 17 800
45.4997 0 17 799
45.5499 0 17 798
45.5987 0 17 796
45.6486 0 17 796
45.6998 0 17 796
45.7497 0 17 793
45.7966 0 17 794
45.8473 0 17 797
45.8999 0 17 797
45.9494 0 17 797
45.9996 0 17 798
46.0497 0 17 795
46.0985 0 17 795
46.1443 0 17 793
46.1975 0 17 792
46.2464 0 17 797
46.2996 0 17 799
46.3491 0 17 800
46.3994 0 17 797
46.4489 0 17 805
46.4999 0 17 803
46.5497 0 17 800
46.5974 0 17 805
46.6499 0 17 805
46.6996 0 17 807
46.7489 0 17 802
46.7995 0 17 799
46.8472 0 17 803
46.8968 0 17 803
46.9499 0 17 801
46.9998 0 17 803
47.0499 0 17 803
47.0983 0 17 805
47.1491 0 17 805
47.1986 0 17 810
47.2496 0 17 813
47.2998 0 17 813
47.3475 0 17 811
47.3999 0 17 812
47.4499 0 17 811
47.4978 0 17 808
47.5489 0 17 815
47.5979 0 17 817
47.6497 0 17 816
47.6997 0 17 810
47.7499 0 17 808
47.7995 0 17 806
47.8496 0 17 806
47.8993 0 17 809
47.9499 0 17 807
47.9994 0 17 809
48.0496 0 17 805
48.1 0 17 809
48.149 0 17 809
48.199 0 17 807
48.249 0 17 806
48.3 0 17 804
48.3497 0 17 802
48.3999 0 17 802
48.4497 0 17 805
48.4994 0 17 805
48.5483 0 17 804
48.5993 0 17 802
48.6499 0 17 803
48.6992 0 17 809
48.7494 0 17 807
48.7988 0 17 809
48.8483 0 17 810
48.8984 0 17 813
48.9492 0 17 810
48.9995 0 17 809
49.0497 0 17 805
49.098 0 17 805
49.1499 0 17 806
49.1985 0 17 810
49.2485 0 17 812
49.2998 0 17 814
49.3485 0 17 808
49.3988 0 17 810
49.4483 0 17 806
49.4994 0 17 807
49.5493 0 17 810
49.5996 0 17 809
49.6482 0 17 814
49.6976 0 17 809
49.7499 0 17 807
49.7995 0 17 806
49.8472 0 17 806
49.8995 0 17 800
49.9467 0 17 801
49.9998 0 17 802
50.0004 0 17 802
