0.0499085 985 0 9
0.0998925 971 1 29
0.149901 967 3 41
0.199892 958 3 57
0.24998 954 6 71
0.299919 950 15 81
0.349884 940 17 91
0.399962 936 20 99
0.449598 932 23 107
0.499785 924 26 116
0.549871 918 30 131
0.59986 914 35 136
0.649766 910 40 143
0.699842 903 51 154
0.74999 893 54 159
0.799887 887 59 169
0.849817 881 63 181
0.899578 878 67 187
0.949148 868 71 190
0.999776 864 69 194
1.04977 860 74 202
1.0999 855 77 211
1.15 851 78 217
1.19995 847 75 220
1.24901 842 78 223
1.29959 835 82 223
1.34971 834 87 226
1.39991 829 92 230
1.44987 825 97 235
1.4999 821 107 242
1.54964 814 109 250
1.59989 809 109 252
1.64985 806 117 258
1.69997 803 123 266
1.74994 801 125 266
1.8 800 130 276
1.84866 796 131 277
1.89981 791 131 285
1.94929 783 139 292
1.99986 779 150 302
2.04961 772 154 307
2.09986 770 158 311
2.14979 767 163 315
2.19977 764 164 310
2.24999 753 170 318
2.29934 747 176 319
2.34968 743 183 321
2.39958 738 188 322
2.44988 735 191 327
2.49997 730 200 331
2.54983 728 209 328
2.59942 726 214 330
2.64989 721 221 335
2.69993 716 220 337
2.74997 713 228 343
2.79983 707 233 343
2.84984 700 234 346
2.89978 697 242 345
2.94973 692 249 347
2.9998 687 254 344
3.0498 685 258 344
3.09993 681 267 349
3.14952 675 271 348
3.19991 669 275 348
3.24923 664 278 354
3.29962 662 290 352
3.34989 656 286 358
3.3995 653 288 358
3.44986 648 293 364
3.4999 644 295 362
3.54972 637 295 366
3.59972 634 297 369
3.64981 628 297 378
3.69851 624 299 383
3.74994 618 304 388
3.79999 617 307 392
3.84955 613 307 394
3.89991 613 305 402
3.9499 609 307 400
4 603 311 409
4.04974 600 319 404
4.09908 598 326 407
4.14971 596 330 407
4.19998 593 333 411
4.24994 589 340 418
4.29998 586 341 420
4.34964 584 345 420
4.39941 583 352 421
4.44993 576 356 424
4.49928 573 360 427
4.54939 568 360 433
4.59983 566 365 431
4.64997 563 369 430
4.69966 562 375 432
4.74991 556 375 437
4.79988 549 380 439
4.84991 543 374 442
4.89996 540 375 448
4.94984 535 379 448
4.99961 534 384 456
5.04967 527 388 456
5.09978 527 388 454
5.14965 525 397 460
5.19987 521 400 460
5.2499 516 400 465
5.29986 513 399 466
5.3498 511 399 461
5.39989 506 407 465
5.44971 503 410 470
5.49984 501 413 477
5.54959 498 413 475
5.59923 495 413 475
5.6492 493 411 475
5.69952 489 412 482
5.74996 488 415 485
5.79909 485 420 491
5.84958 482 417 495
5.89908 480 414 496
5.94957 478 415 496
5.99972 478 416 500
6.04987 476 418 503
6.09949 474 417 516
6.14951 472 418 516
6.19975 469 418 521
6.24918 462 417 517
6.29971 460 421 517
6.35 457 421 521
6.39976 453 420 524
6.44922 446 422 526
6.49994 440 422 532
6.54997 436 421 537
6.59999 433 420 538
6.64996 428 418 548
6.69934 426 416 544
6.74983 425 418 550
6.79911 421 416 548
6.84915 418 415 554
6.89959 417 422 557
6.94871 413 426 558
6.99914 412 424 557
7.04972 408 420 556
7.09962 405 419 561
7.14999 404 418 562
7.1996 403 414 563
7.24994 401 412 565
7.29999 397 413 575
7.34889 394 411 575
7.39997 391 408 573
7.44999 387 411 574
7.49998 384 408 579
7.54996 380 409 582
7.59952 379 406 587
7.64995 378 406 587
7.69879 378 403 592
7.74957 376 403 591
7.79856 371 402 588
7.8484 367 400 592
7.89997 363 394 590
7.94951 360 393 593
7.99998 359 391 594
8.04937 357 394 596
8.09895 354 390 599
8.14938 349 388 598
8.1997 344 391 605
8.24977 341 388 601
8.29923 340 384 608
8.34977 339 384 616
8.39995 337 379 619
8.44959 335 377 622
8.49983 332 372 626
8.54961 329 369 619
8.59962 326 366 624
8.64945 322 366 625
8.6998 320 363 628
8.74831 318 360 629
8.79991 317 358 635
8.84979 313 357 640
8.89902 312 358 641
8.94969 308 360 639
8.99998 304 360 636
9.04937 301 360 633
9.09904 299 358 637
9.14957 298 357 639
9.2 293 354 646
9.24985 290 350 649
9.29975 289 349 655
9.34937 286 347 659
9.39998 279 341 663
9.44985 275 337 665
9.49963 274 335 663
9.54961 272 331 662
9.59998 268 330 666
9.64995 263 322 668
9.69928 259 322 672
9.74987 255 322 678
9.79929 249 316 681
9.84993 245 314 681
9.89997 243 311 681
9.94964 238 309 679
9.99989 234 307 679
10.0494 234 305 684
10.0994 232 301 686
10.1486 231 299 691
10.1997 228 296 690
10.2496 227 293 699
10.2997 224 292 704
10.3494 222 293 703
10.3995 220 288 706
10.4499 218 287 699
10.5 218 282 702
10.5499 217 280 705
10.5997 215 276 710
10.6499 214 275 714
10.6977 213 272 713
10.7491 209 270 710
10.7998 203 271 712
10.8499 198 268 712
10.8999 195 267 718
10.9472 192 264 723
10.9999 192 260 728
11.049 191 261 733
11.0999 189 259 735
11.1491 187 255 737
11.1982 185 254 738
11.2496 184 252 741
11.2997 183 249 741
11.3496 182 246 752
11.3999 180 243 751
11.4498 178 242 749
11.4994 177 242 744
11.5498 175 242 753
11.6 172 238 758
11.6499 171 237 763
11.6987 170 234 760
11.7495 169 231 762
11.8 165 229 769
11.8498 164 224 769
11.8979 162 220 766
11.9492 161 220 769
11.9994 159 216 766
12.0496 154 211 768
12.0994 154 208 767
12.15 149 206 772
12.1994 146 204 771
12.2494 145 201 772
12.3 142 198 767
12.3492 139 196 768
12.3986 135 195 768
12.4499 131 191 773
12.5 131 190 776
12.5498 128 188 784
12.6 127 186 786
12.6497 126 184 781
12.6999 123 183 783
12.7498 119 183 785
12.7996 118 181 781
12.85 118 180 785
12.8998 115 177 781
12.9493 113 175 786
12.9997 109 175 785
13.0494 105 176 780
13.0985 103 177 780
13.1495 100 176 775
13.1999 100 175 777
13.2493 97 173 780
13.2996 96 172 776
13.3497 96 173 775
13.3998 94 171 770
13.4494 92 169 774
13.4999 89 167 775
13.5492 86 167 776
13.5995 86 165 774
13.65 86 162 778
13.6995 86 159 772
13.7496 85 158 778
13.7992 83 157 775
13.8497 80 155 778
13.8999 80 155 774
13.9495 79 154 781
13.9991 78 154 776
14.05 73 154 782
14.0997 72 151 779
14.1498 69 148 779
14.1992 69 146 783
14.2498 67 145 786
14.2996 66 143 786
14.3498 66 140 787
14.3997 66 139 789
14.4499 63 136 788
14.5 60 134 795
14.5481 60 131 795
14.5984 59 129 800
14.65 58 127 797
14.6992 58 126 800
14.7499 56 125 808
14.7997 55 122 809
14.8497 55 121 805
14.8998 55 121 803
14.9499 54 120 801
14.9997 53 118 805
15.0499 52 116 805
15.0994 51 116 804
15.1499 50 113 800
15.2 50 111 799
15.25 49 110 804
15.2999 46 106 807
15.3456 44 106 803
15.3986 44 104 800
15.4499 44 102 798
15.4994 44 100 800
15.5493 44 98 800
15.6 43 98 799
15.6499 42 95 795
15.7 40 94 794
15.7493 40 93 791
15.7995 40 91 794
15.8495 38 90 797
15.899 37 89 795
15.9494 36 87 792
15.9992 35 86 794
16.05 35 86 795
16.0996 32 84 793
16.1497 32 82 794
16.1986 31 80 791
16.25 31 78 795
16.2999 30 74 787
16.3496 29 72 784
16.399 29 70 779
16.4496 29 69 777
16.4993 28 68 782
16.5499 28 67 781
16.5979 26 67 781
16.6497 24 66 782
16.6993 23 66 786
16.7497 22 66 791
16.8 22 66 795
16.8497 20 66 795
16.9 20 65 795
16.9495 18 64 793
16.9999 17 63 792
17.0491 17 61 789
17.0994 15 59 792
17.1498 14 59 791
17.1989 14 57 792
17.2498 14 54 789
17.2999 12 54 790
17.3497 11 51 791
17.3998 11 48 796
17.4487 10 48 794
17.4999 9 48 798
17.5494 9 47 797
17.5999 9 47 799
17.65 8 45 796
17.6995 8 44 794
17.7496 7 44 789
17.7998 7 43 790
17.8497 7 43 782
17.8997 7 42 777
17.9493 6 40 778
17.9994 5 40 785
18.0498 5 40 782
18.0983 4 38 783
18.1495 4 36 788
18.199 4 35 789
18.2487 4 33 793
18.2999 3 32 790
18.3488 3 31 790
18.3998 3 31 793
18.4489 3 31 794
18.4988 2 31 796
18.5496 2 30 792
18.5979 1 30 795
18.6499 1 30 796
18.6983 1 30 790
18.7495 1 30 797
18.7988 1 30 797
18.8488 1 30 798
18.8987 0 30 799
18.9497 0 29 802
18.9972 0 28 799
19.0491 0 28 797
19.0997 0 27 798
19.1498 0 26 796
19.1999 0 25 798
19.249 0 24 797
19.2972 0 23 794
19.3493 0 23 792
19.3994 0 22 794
19.4484 0 21 790
19.4994 0 21 788
19.5483 0 20 789
19.599 0 19 788
19.6496 0 19 784
19.6996 0 19 785
19.7489 0 19 778
19.7998 0 19 774
19.8486 0 19 770
19.8995 0 19 767
19.9484 0 19 770
19.9997 0 19 768
20.0496 0 19 773
20.0997 0 19 769
20.15 0 19 763
20.1996 0 19 766
20.2489 0 19 767
20.299 0 19 764
20.3488 0 17 765
20.3991 0 17 770
20.4494 0 17 773
20.4983 0 17 773
20.549 0 16 774
20.5995 0 16 771
20.6423 0 16 777
20.6994 0 16 778
20.7481 0 16 781
20.7999 0 16 781
20.8496 0 16 777
20.898 0 16 779
20.9497 0 16 780
20.9997 0 16 783
21.0489 0 16 784
21.0976 0 16 785
21.1485 0 16 786
21.1996 0 16 790
21.2482 0 16 796
21.2997 0 16 797
21.3473 0 16 802
21.3994 0 16 802
21.4499 0 16 804
21.4988 0 16 802
21.5497 0 16 806
21.5995 0 16 809
21.6481 0 16 809
21.6971 0 16 812
21.7499 0 16 810
21.7976 0 16 810
21.8498 0 16 803
21.8984 0 16 805
21.9466 0 16 806
21.9978 0 16 805
22.0483 0 16 803
22.0994 0 16 810
22.149 0 16 806
22.2 0 16 810
22.2484 0 16 811
22.2977 0 16 810
22.3492 0 16 810
22.3988 0 16 806
22.4488 0 16 807
22.4974 0 16 804
22.5497 0 16 803
22.5981 0 16 804
22.6488 0 16 805
22.6999 0 16 802
22.7496 0 16 801
22.7993 0 16 803
22.8495 0 16 800
22.8989 0 16 802
22.9494 0 16 803
22.9986 0 16 809
23.0489 0 16 805
23.0989 0 16 807
23.1493 0 16 809
23.1998 0 16 806
23.2496 0 16 804
23.2978 0 16 806
23.3432 0 16 804
23.3976 0 16 802
23.4484 0 16 800
23.4997 0 16 807
23.5492 0 16 806
23.5993 0 16 808
23.6471 0 16 807
23.6987 0 16 810
23.7494 0 16 808
23.7994 0 16 811
23.8497 0 16 809
23.8987 0 16 818
23.9497 0 16 817
23.9998 0 16 818
24.0472 0 16 818
24.0998 0 16 815
24.1498 0 16 813
24.198 0 16 815
24.2482 0 16 813
24.2995 0 16 809
24.3488 0 16 808
24.399 0 16 807
24.4495 0 16 805
24.4998 0 16 804
24.5494 0 16 799
24.5993 0 16 798
24.6485 0 16 800
24.6993 0 16 798
24.7492 0 16 796
24.7997 0 16 795
24.8495 0 16 796
24.8996 0 16 792
24.9484 0 16 792
24.9999 0 16 793
25.0494 0 16 793
25.0982 0 16 794
25.149 0 16 794
25.1988 0 16 794
25.2487 0 16 795
25.2973 0 16 793
25.3489 0 16 793
25.3983 0 16 792
25.4492 0 16 788
25.4999 0 16 785
25.5493 0 16 780
25.5985 0 16 787
25.6487 0 16 796
25.6999 0 16 791
25.7472 0 16 790
25.7994 0 16 791
25.8496 0 16 785
25.9 0 16 779
25.9488 0 16 785
25.9998 0 16 792
26.0489 0 16 791
26.0993 0 16 793
26.1456 0 16 790
26.1999 0 16 790
26.2492 0 16 788
26.2987 0 16 789
26.3492 0 16 794
26.3997 0 16 794
26.4495 0 16 792
26.4992 0 16 797
26.5498 0 16 790
26.5993 0 16 791
26.6496 0 16 791
26.6993 0 16 786
26.7491 0 16 787
26.7974 0 16 782
26.8482 0 16 780
26.8991 0 16 786
26.9497 0 16 783
26.9985 0 16 779
27.0476 0 16 777
27.0986 0 16 774
27.1499 0 16 770
27.1997 0 16 771
27.2496 0 16 774
27.2994 0 16 777
27.3494 0 16 781
27.3999 0 16 781
27.4496 0 16 779
27.4995 0 16 777
27.5497 0 16 778
27.5995 0 16 781
27.6498 0 16 778
27.6973 0 16 780
27.7499 0 16 783
27.7997 0 16 785
27.8489 0 16 783
27.8989 0 16 781
27.9491 0 16 779
27.9997 0 16 783
28.0487 0 16 785
28.0999 0 16 784
28.1497 0 16 789
28.1979 0 16 789
28.2495 0 16 791
28.2999 0 16 798
28.3495 0 16 798
28.3996 0 16 794
28.448 0 16 789
28.4996 0 16 791
28.5495 0 16 794
28.5994 0 16 796
28.65 0 16 793
28.6994 0 16 794
28.748 0 16 789
28.7994 0 16 783
28.8486 0 16 784
28.8996 0 16 787
28.9491 0 16 788
28.9987 0 16 785
29.0483 0 16 786
29.0985 0 16 788
29.1497 0 16 790
29.1996 0 16 791
29.2476 0 16 788
29.2986 0 16 795
29.3497 0 16 796
29.3985 0 16 797
29.45 0 16 792
29.5 0 16 792
29.5485 0 16 797
29.5958 0 16 795
29.6457 0 16 796
29.6983 0 16 799
29.7488 0 16 797
29.797 0 16 796
29.8493 0 16 795
29.8945 0 16 794
29.9499 0 16 796
29.9972 0 16 798
30.0496 0 16 798
30.0993 0 16 800
30.1467 0 16 801
30.1993 0 16 797
30.2472 0 16 795
30.2962 0 16 792
30.349 0 16 792
30.3998 0 16 791
30.449 0 16 789
30.4978 0 16 791
30.547 0 16 791
30.5996 0 16 792
30.6476 0 16 792
30.6999 0 16 791
30.7486 0 16 790
30.8 0 16 783
30.8497 0 16 781
30.8998 0 16 785
30.9497 0 16 787
30.9996 0 16 783
31.0484 0 16 785
31.0999 0 16 786
31.1495 0 16 785
31.1998 0 16 787
31.2499 0 16 787
31.2999 0 16 788
31.3497 0 16 794
31.399 0 16 792
31.4474 0 16 798
31.499 0 16 796
31.5488 0 16 798
31.5996 0 16 795
31.6489 0 16 794
31.6998 0 16 794
31.75 0 16 798
31.7993 0 16 796
31.8494 0 16 798
31.898 0 16 797
31.9487 0 16 795
31.9999 0 16 794
32.0496 0 16 790
32.0996 0 16 792
32.15 0 16 794
32.1999 0 16 792
32.2495 0 16 794
32.2999 0 16 798
32.3494 0 16 795
32.3985 0 16 794
32.4492 0 16 791
32.4998 0 16 789
32.55 0 16 795
32.5994 0 16 800
32.6491 0 16 805
32.6997 0 16 803
32.7497 0 16 800
32.7973 0 16 798
32.8486 0 16 795
32.8999 0 16 797
32.9487 0 16 799
32.9995 0 16 805
33.0496 0 16 806
33.0985 0 16 809
33.149 0 16 809
33.1985 0 16 803
33.2489 0 16 801
33.2979 0 16 801
33.3492 0 16 801
33.3985 0 16 800
33.4487 0 16 798
33.4997 0 16 801
33.5497 0 16 803
33.5993 0 16 803
33.6492 0 16 804
33.6999 0 16 805
33.7491 0 16 803
33.7996 0 16 805
33.8486 0 16 801
33.8984 0 16 797
33.9483 0 16 795
33.9997 0 16 798
34.0493 0 16 798
34.0993 0 16 798
34.1486 0 16 796
34.1997 0 16 796
34.2452 0 16 797
34.2998 0 16 792
34.3496 0 16 791
34.3997 0 16 792
34.4492 0 16 792
34.4997 0 16 790
34.5494 0 16 790
34.5988 0 16 793
34.648 0 16 800
34.6931 0 16 804
34.7499 0 16 806
34.7983 0 16 805
34.8479 0 16 804
34.8979 0 16 804
34.9477 0 16 809
34.9978 0 16 810
35.0495 0 16 806
35.0994 0 16 807
35.1477 0 16 809
35.1997 0 16 811
35.2482 0 16 810
35.2936 0 16 808
35.348 0 16 812
35.3957 0 16 811
35.4498 0 16 811
35.4993 0 16 816
35.5495 0 16 816
35.5968 0 16 821
35.6494 0 16 817
35.6995 0 16 816
35.7498 0 16 815
35.7994 0 16 811
35.8497 0 16 818
35.8994 0 16 812
35.9466 0 16 809
35.9995 0 16 813
36.0488 0 16 812
36.0991 0 16 811
36.1497 0 16 811
36.1949 0 16 812
36.2498 0 16 802
36.2997 0 16 804
36.3496 0 16 804
36.3969 0 16 801
36.45 0 16 801
36.4993 0 16 795
36.548 0 16 794
36.5975 0 16 797
36.6492 0 16 795
36.7 0 16 795
36.7488 0 16 796
36.7982 0 16 799
36.8489 0 16 799
36.9 0 16 792
36.9448 0 16 795
36.9996 0 16 792
37.0494 0 16 788
37.0996 0 16 787
37.1486 0 16 787
37.1991 0 16 789
37.2498 0 16 789
37.2989 0 16 788
37.3498 0 16 788
37.3988 0 16 784
37.4496 0 16 787
37.4988 0 16 788
37.5477 0 16 780
37.599 0 16 775
37.6494 0 16 776
37.6996 0 16 782
37.7495 0 16 784
37.7998 0 16 782
37.8491 0 16 785
37.8995 0 16 787
37.9489 0 16 789
37.9964 0 16 790
38.0481 0 16 791
38.0996 0 16 785
38.1451 0 16 782
38.1995 0 16 785
38.2489 0 16 787
38.2983 0 16 783
38.3496 0 16 783
38.3979 0 16 782
38.4495 0 16 784
38.499 0 16 784
38.5498 0 16 781
38.599 0 16 784
38.6465 0 16 782
38.6992 0 16 782
38.7493 0 16 778
38.7975 0 16 778
38.8494 0 16 775
38.8982 0 16 780
38.9492 0 16 782
38.9989 0 16 784
39.0484 0 16 782
39.099 0 16 783
39.1488 0 16 786
39.197 0 16 790
39.2488 0 16 787
39.2997 0 16 788
39.3497 0 16 791
39.3955 0 16 797
39.4497 0 16 803
39.4989 0 16 801
39.5493 0 16 805
39.5997 0 16 802
39.648 0 16 801
39.6985 0 16 808
39.7478 0 16 810
39.7994 0 16 806
39.8483 0 16 806
39.8964 0 16 807
39.9464 0 16 803
39.9936 0 16 805
40.048 0 16 809
40.0986 0 16 807
40.1499 0 16 810
40.1994 0 16 807
40.2493 0 16 808
40.2994 0 16 808
40.3485 0 16 804
40.399 0 16 809
40.4462 0 16 806
40.4998 0 16 812
40.5492 0 16 811
40.5993 0 16 808
40.6483 0 16 812
40.6994 0 16 813
40.7464 0 16 811
40.7988 0 16 811
40.8496 0 16 808
40.8996 0 16 808
40.9462 0 16 812
40.9994 0 16 813
41.0499 0 16 814
41.0999 0 16 810
41.1491 0 16 810
41.1998 0 16 807
41.2483 0 16 809
41.2984 0 16 809
41.3498 0 16 807
41.3972 0 16 800
41.4477 0 16 800
41.4974 0 16 797
41.55 0 16 800
41.5991 0 16 802
41.6498 0 16 805
41.6999 0 16 804
41.7489 0 16 803
41.7989 0 16 798
41.8473 0 16 795
41.8998 0 16 790
41.9482 0 16 793
41.9999 0 16 798
42.0496 0 16 799
42.0992 0 16 798
42.1491 0 16 794
42.1996 0 16 798
42.2498 0 16 803
42.3 0 16 804
42.3484 0 16 808
42.3978 0 16 811
42.4491 0 16 811
42.4993 0 16 807
42.5496 0 16 807
42.6 0 16 813
42.6495 0 16 814
42.6983 0 16 816
42.7436 0 16 814
42.7991 0 16 817
42.8493 0 16 815
42.8994 0 16 814
42.9498 0 16 810
42.9992 0 16 812
43.0494 0 16 813
43.0998 0 16 815
43.1487 0 16 819
43.1982 0 16 813
43.2495 0 16 815
43.2999 0 16 811
43.3487 0 16 809
43.3961 0 16 806
43.4497 0 16 801
43.5 0 16 802
43.5488 0 16 801
43.5997 0 16 802
43.65 0 16 805
43.6998 0 16 802
43.7496 0 16 802
43.7963 0 16 801
43.8412 0 16 803
43.8997 0 16 803
43.9499 0 16 805
43.9985 0 16 806
44.0497 0 16 807
44.0989 0 16 806
44.1473 0 16 805
44.1991 0 16 803
44.2499 0 16 802
44.2992 0 16 802
44.3489 0 16 802
44.3985 0 16 806
44.4496 0 16 804
44.4999 0 16 800
44.5478 0 16 799
44.5998 0 16 802
44.6472 0 16 805
44.6996 0 16 807
44.7493 0 16 805
44.7993 0 16 812
44.849 0 16 819
44.8935 0 16 819
44.9494 0 16 820
44.9997 0 16 817
45.0465 0 16 813
45.1 0 16 814
45.1499 0 16 817
45.1975 0 16 817
45.2496 0 16 814
45.2998 0 16 817
45.3489 0 16 814
45.3976 0 16 811
45.4498 0 16 815
45.4979 0 16 812
45.5493 0 16 810
45.5997 0 16 802
45.6481 0 16 802
45.6999 0 16 802
45.7498 0 16 806
45.7993 0 16 800
45.8492 0 16 799
45.8995 0 16 800
45.9487 0 16 804
46 0 16 802
46.0495 0 16 799
46.0993 0 16 794
46.1462 0 16 788
46.1993 0 16 792
46.2494 0 16 792
46.2998 0 16 792
46.3499 0 16 793
46.3999 0 16 786
46.4495 0 16 786
46.4983 0 16 788
46.5499 0 16 787
46.5996 0 16 788
46.6483 0 16 791
46.6996 0 16 793
46.7486 0 16 797
46.7993 0 16 795
46.8491 0 16 791
46.8986 0 16 788
46.9496 0 16 794
46.9974 0 16 789
47.0473 0 16 785
47.0988 0 16 787
47.1499 0 16 787
47.1959 0 16 789
47.2498 0 16 790
47.2981 0 16 793
47.3491 0 16 795
47.3986 0 16 798
47.4497 0 16 800
47.4984 0 16 797
47.5497 0 16 795
47.5987 0 16 798
47.6494 0 16 805
47.6983 0 16 806
47.7483 0 16 802
47.7998 0 16 801
47.8494 0 16 805
47.8999 0 16 807
47.9493 0 16 803
47.9969 0 16 805
48.0491 0 16 807
48.098 0 16 807
48.1478 0 16 805
48.1974 0 16 807
48.2493 0 16 810
48.2993 0 16 812
48.3497 0 16 812
48.3998 0 16 810
48.4496 0 16 808
48.499 0 16 805
48.5487 0 16 810
48.5993 0 16 806
48.6469 0 16 811
48.6991 0 16 814
48.7496 0 16 811
48.7998 0 16 812
48.8492 0 16 817
48.8983 0 16 816
48.9495 0 16 822
48.9997 0 16 820
49.049 0 16 818
49.0991 0 16 821
49.1479 0 16 820
49.1995 0 16 819
49.2492 0 16 822
49.2997 0 16 823
49.3492 0 16 822
49.3995 0 16 821
49.4476 0 16 816
49.4996 0 16 816
49.549 0 16 810
49.5991 0 16 807
49.6496 0 16 806
49.6999 0 16 804
49.7486 0 16 802
49.7998 0 16 801
49.85 0 16 802
49.899 0 16 798
49.9472 0 16 791
49.9982 0 16 788
50.0023 0 16 788
