0.049825 993 2 8
0.0998006 985 4 21
0.149983 978 6 29
0.199778 971 7 36
0.249542 961 9 49
0.299829 955 11 60
0.349921 951 14 68
0.399971 944 16 77
0.44986 939 16 89
0.499711 932 24 105
0.549949 928 26 116
0.59989 920 28 125
0.64981 910 31 139
0.699867 903 38 143
0.749983 890 40 151
0.799952 884 41 157
0.849773 876 52 163
0.899809 872 56 170
0.949959 868 59 173
0.99966 864 65 181
1.04978 855 69 190
1.09989 851 73 194
1.14955 847 76 201
1.19971 845 80 205
1.24869 839 85 212
1.29905 834 91 224
1.34999 826 90 227
1.39999 821 96 231
1.44983 816 101 232
1.49996 811 103 234
1.54932 808 114 241
1.59624 807 119 244
1.64974 800 130 249
1.69998 792 132 247
1.75 787 143 252
1.79978 780 149 257
1.84936 773 151 259
1.89967 766 156 261
1.94998 759 164 265
1.99974 753 172 271
2.0495 745 175 275
2.09955 741 177 282
2.14997 740 188 286
2.19983 734 195 281
2.24989 726 202 289
2.29963 722 206 294
2.34992 716 204 298
2.39978 713 207 296
2.44997 708 214 295
2.49992 706 219 299
2.55 697 224 302
2.59974 694 232 310
2.64997 690 234 312
2.69998 684 234 315
2.74995 681 236 316
2.79958 677 248 320
2.84922 674 251 323
2.8997 672 250 330
2.94998 666 253 328
2.99949 663 258 323
3.04953 661 266 323
3.0997 653 275 322
3.14963 652 287 330
3.19992 651 292 327
3.24973 649 294 328
3.29932 644 297 327
3.34987 639 297 329
3.39984 636 298 336
3.4497 633 302 342
3.49965 629 309 346
3.54996 625 315 348
3.59951 624 320 346
3.64957 620 325 354
3.69988 616 329 358
3.74969 613 327 366
3.79975 607 326 370
3.84977 603 327 370
3.8994 600 334 377
3.94995 594 338 378
3.99993 588 336 381
4.04903 584 345 378
4.09854 580 349 382
4.14967 576 356 382
4.19976 573 354 396
4.24988 568 357 398
4.29997 566 360 399
4.34984 562 364 405
4.39984 559 370 404
4.44966 552 379 405
4.49975 549 377 408
4.54995 544 380 413
4.59986 540 381 408
4.64986 537 387 405
4.6994 533 390 407
4.74994 530 390 411
4.79985 526 395 417
4.8495 523 395 420
4.89993 519 394 421
4.94987 512 399 426
4.99935 509 405 434
5.04979 504 404 437
5.09999 503 408 440
5.1497 499 405 446
5.19952 495 405 440
5.2494 493 407 447
5.29875 492 407 453
5.34968 488 410 455
5.3999 484 405 459
5.44986 482 401 465
5.49924 480 403 465
5.54961 476 404 467
5.59984 476 397 467
5.6498 472 403 470
5.69994 468 403 470
5.74975 462 406 474
5.79989 460 411 475
5.8494 458 416 478
5.89934 454 418 483
5.94993 451 419 484
5.99983 448 418 484
6.04996 447 419 487
6.09905 443 418 491
6.14998 439 415 498
6.19942 436 416 505
6.24981 432 414 509
6.29981 429 416 514
6.34926 427 415 524
6.39945 420 417 520
6.44968 420 423 520
6.49991 414 425 518
6.5495 414 423 517
6.5997 413 421 517
6.64992 408 420 517
6.7 404 422 519
6.74856 399 424 519
6.79978 394 425 526
6.84937 388 423 528
6.89771 387 424 527
6.94991 382 420 528
6.99924 380 422 534
7.04924 374 421 533
7.09904 373 420 540
7.14963 372 418 542
7.19997 368 416 541
7.24913 362 414 546
7.29922 359 413 553
7.34988 355 411 560
7.39816 351 410 566
7.44942 346 408 572
7.49966 342 409 577
7.54903 340 409 583
7.59992 338 405 586
7.64991 334 403 588
7.69961 330 402 591
7.74982 328 400 594
7.79996 325 400 593
7.84939 325 400 596
7.89992 324 396 597
7.94944 320 396 597
7.99932 310 397 596
8.04975 307 396 598
8.09994 305 398 601
8.14924 301 398 607
8.2 298 396 608
8.24976 294 397 610
8.2998 294 397 614
8.34999 294 393 619
8.39996 292 393 616
8.44993 290 392 615
8.49892 288 391 620
8.54913 286 390 622
8.59962 281 390 625
8.64953 279 388 624
8.69967 277 388 626
8.74934 273 385 626
8.79995 272 384 626
8.84928 268 381 633
8.89981 268 378 640
8.94992 263 377 641
8.99984 258 375 644
9.04949 256 373 644
9.09995 253 371 651
9.14973 251 370 660
9.19626 248 366 659
9.24971 244 362 660
9.29998 240 362 661
9.34958 239 360 660
9.3998 237 358 663
9.44998 233 355 667
9.49948 230 355 670
9.54993 227 352 670
9.5998 225 350 672
9.64987 221 348 673
9.6998 221 344 672
9.74985 220 339 672
9.79963 219 338 674
9.84968 214 334 676
9.89948 208 330 681
9.94974 206 329 686
9.99925 204 323 689
10.0492 200 320 691
10.0999 197 320 699
10.1495 193 321 707
10.1992 190 319 711
10.2492 189 317 711
10.2999 187 313 716
10.3495 186 312 719
10.3997 184 309 719
10.4498 183 309 715
10.4999 182 305 719
10.55 180 301 718
10.5997 176 299 720
10.6494 173 295 727
10.6999 170 296 720
10.7494 167 297 718
10.7993 166 295 715
10.8495 164 290 718
10.899 163 288 719
10.9484 162 285 724
10.9998 162 283 732
11.0497 161 282 738
11.0994 157 284 738
11.1495 154 280 736
11.1999 150 278 739
11.2496 149 277 747
11.2994 148 274 746
11.3499 146 269 754
11.3996 145 267 754
11.4488 143 267 756
11.4997 142 265 759
11.5488 140 263 761
11.5991 139 258 762
11.6498 138 257 771
11.6996 136 255 770
11.75 135 254 776
11.7999 134 252 779
11.8498 132 252 778
11.8998 127 250 776
11.9496 125 246 777
11.9996 123 245 778
12.0494 122 244 777
12.0994 122 237 777
12.1495 120 238 772
12.1999 118 232 769
12.25 118 229 773
12.2995 117 226 771
12.3485 116 226 774
12.3993 113 221 773
12.4493 112 217 770
12.4997 111 216 767
12.5499 109 214 772
12.5994 108 210 775
12.6498 106 208 774
12.6999 103 207 773
12.7491 100 209 775
12.7999 97 206 776
12.8497 96 201 774
12.9 95 198 776
12.9498 93 192 778
12.9997 93 191 780
13.0497 92 190 779
13.0999 92 190 780
13.15 92 188 782
13.2 88 188 782
13.2498 86 187 784
13.2993 85 185 781
13.3499 84 184 780
13.3998 81 183 783
13.4497 79 179 781
13.5 78 178 780
13.5498 77 174 780
13.5995 75 173 779
13.6489 72 172 780
13.7 70 172 780
13.7489 69 170 776
13.8 67 168 777
13.8485 65 166 780
13.8999 63 166 783
13.9499 61 163 788
13.9995 60 160 791
14.0499 59 159 787
14.0999 59 158 785
14.1499 59 157 783
14.2 59 154 783
14.2499 58 153 783
14.2998 57 151 785
14.3497 56 148 788
14.3997 56 147 788
14.4498 54 145 791
14.4996 52 142 790
14.5495 50 141 795
14.5997 50 139 791
14.6495 49 137 792
14.6994 47 135 789
14.7497 47 132 785
14.799 47 131 782
14.8499 45 130 782
14.8988 45 129 780
14.9498 41 128 774
14.9998 41 126 778
15.0497 40 122 778
15.0996 38 119 776
15.1499 38 119 776
15.1993 36 119 774
15.2498 32 116 781
15.2998 30 113 783
15.3496 29 113 782
15.3994 27 111 784
15.4498 26 109 783
15.4998 26 107 781
15.5496 25 106 780
15.5992 24 106 781
15.6499 23 103 784
15.7 22 98 783
15.7495 22 98 783
15.8 22 95 787
15.8497 20 95 790
15.8995 20 93 782
15.9484 19 93 785
15.9999 19 91 784
16.0499 18 90 780
16.0995 18 90 784
16.1489 18 88 784
16.1987 16 86 786
16.2498 16 82 791
16.3 16 81 790
16.3499 15 80 783
16.4 14 80 788
16.4492 14 77 789
16.5 12 76 783
16.549 12 75 782
16.5998 12 73 781
16.6499 9 73 784
16.6995 9 71 787
16.7499 9 71 786
16.8 9 71 782
16.8499 9 69 782
16.8998 9 69 782
16.9487 9 69 783
16.9995 9 68 788
17.0494 9 65 792
17.0993 8 64 791
17.1499 7 59 789
17.2 7 59 792
17.2471 7 57 792
17.2987 7 54 786
17.35 5 52 786
17.3995 5 52 787
17.4499 5 50 789
17.4998 5 49 792
17.5488 5 47 795
17.5995 4 45 799
17.6498 4 45 802
17.6998 4 45 800
17.7494 4 43 796
17.7986 4 43 795
17.8499 4 43 795
17.8988 3 42 798
17.9487 3 40 800
17.9998 3 40 803
18.0491 3 40 805
18.098 3 39 807
18.1495 3 36 812
18.1985 3 36 809
18.2497 3 36 813
18.2991 3 36 810
18.3453 3 36 814
18.3989 3 36 817
18.4492 3 36 820
18.4988 3 34 823
18.5496 2 34 826
18.5993 2 33 826
18.6499 2 33 818
18.6996 2 33 817
18.7479 2 33 817
18.7966 2 32 814
18.8491 1 31 813
18.9 1 31 807
18.9496 1 31 809
18.9998 0 31 806
19.0489 0 31 808
19.0996 0 31 803
19.1497 0 31 810
19.1995 0 31 811
19.2494 0 30 808
19.2994 0 30 813
19.3488 0 30 817
19.3999 0 30 819
19.4496 0 30 821
19.4994 0 30 825
19.5495 0 30 823
19.5988 0 30 822
19.6494 0 30 821
19.6994 0 30 816
19.7495 0 29 814
19.7995 0 29 814
19.8499 0 29 815
19.8998 0 29 813
19.9498 0 29 817
19.999 0 29 817
20.0488 0 29 812
20.0995 0 28 811
20.1492 0 28 807
20.1997 0 28 806
20.2479 0 28 803
20.2991 0 28 800
20.3489 0 28 799
20.3999 0 28 797
20.4497 0 28 797
20.4966 0 28 795
20.5468 0 28 798
20.5997 0 28 795
20.649 0 28 794
20.6997 0 27 791
20.7496 0 27 792
20.7974 0 27 791
20.8495 0 27 787
20.8982 0 26 790
20.9499 0 26 789
20.9997 0 26 792
21.0499 0 25 790
21.0961 0 25 792
21.1497 0 25 796
21.1999 0 25 794
21.2486 0 25 794
21.2977 0 25 796
21.3494 0 25 797
21.3995 0 25 799
21.4498 0 25 804
21.4986 0 25 801
21.5494 0 25 802
21.5997 0 25 800
21.6489 0 25 802
21.7 0 25 796
21.7489 0 25 795
21.7995 0 25 796
21.8492 0 25 797
21.8993 0 25 799
21.9479 0 25 798
21.9997 0 25 795
22.0498 0 25 789
22.0986 0 25 787
22.1492 0 25 797
22.1997 0 25 804
22.2483 0 25 801
22.2998 0 25 797
22.3488 0 25 799
22.397 0 25 805
22.4484 0 25 813
22.499 0 25 810
22.5497 0 25 810
22.5991 0 25 809
22.6499 0 25 810
22.6995 0 25 808
22.7497 0 25 801
22.7996 0 25 803
22.8497 0 25 807
22.8984 0 25 807
22.9485 0 25 804
22.9995 0 25 805
23.0484 0 25 799
23.0994 0 25 795
23.1492 0 25 794
23.1983 0 25 794
23.2492 0 25 796
23.2988 0 25 798
23.348 0 25 797
23.3996 0 25 803
23.4479 0 25 800
23.4994 0 25 800
23.5473 0 25 799
23.598 0 25 797
23.6497 0 25 792
23.6999 0 25 794
23.7497 0 25 789
23.7952 0 25 790
23.8493 0 25 795
23.8992 0 25 799
23.9465 0 25 801
23.9995 0 25 805
24.0488 0 25 801
24.0999 0 25 799
24.1498 0 25 801
24.1997 0 25 798
24.2499 0 25 802
24.2999 0 25 799
24.3461 0 25 797
24.399 0 25 798
24.4497 0 25 797
24.4996 0 25 796
24.5489 0 25 792
24.5979 0 25 790
24.65 0 25 793
24.6999 0 25 797
24.7493 0 25 799
24.7978 0 25 795
24.849 0 25 798
24.8995 0 25 799
24.95 0 25 803
24.9995 0 25 802
25.0498 0 25 801
25.0979 0 25 795
25.1498 0 25 798
25.1984 0 25 798
25.2499 0 25 799
25.2964 0 25 802
25.3456 0 25 799
25.3997 0 25 800
25.4471 0 25 802
25.4999 0 25 804
25.5497 0 25 806
25.5999 0 25 805
25.6487 0 25 807
25.6979 0 25 804
25.7499 0 25 804
25.7997 0 25 801
25.8446 0 25 804
25.8991 0 25 804
25.9499 0 25 800
25.9999 0 25 803
26.0494 0 25 802
26.0994 0 25 802
26.1493 0 25 802
26.1987 0 25 804
26.2458 0 25 805
26.2997 0 25 801
26.3497 0 25 804
26.3989 0 25 801
26.4498 0 25 796
26.4997 0 25 793
26.5492 0 25 790
26.5985 0 25 784
26.6496 0 25 790
26.6996 0 25 791
26.7497 0 25 791
26.7994 0 25 796
26.8498 0 25 802
26.8988 0 25 798
26.9496 0 25 798
26.9999 0 25 802
27.0474 0 25 798
27.0993 0 25 802
27.15 0 25 802
27.1991 0 25 800
27.2498 0 25 800
27.2997 0 25 802
27.3486 0 25 798
27.3998 0 25 806
27.4498 0 25 806
27.4989 0 25 802
27.5488 0 25 807
27.6 0 25 809
27.6498 0 25 807
27.6994 0 25 805
27.7469 0 25 802
27.7998 0 25 804
27.8498 0 25 807
27.8986 0 25 809
27.9462 0 25 804
27.9984 0 25 805
28.0498 0 25 804
28.0976 0 25 799
28.1498 0 25 800
28.1976 0 25 800
28.2497 0 25 799
28.2998 0 25 797
28.3497 0 25 793
28.3997 0 25 790
28.4499 0 25 791
28.4992 0 25 794
28.5497 0 25 796
28.5991 0 25 803
28.6488 0 25 804
28.6998 0 25 807
28.7493 0 25 806
28.7997 0 25 807
28.8472 0 25 806
28.8997 0 25 807
28.9496 0 25 807
28.9997 0 25 807
29.0481 0 25 807
29.1 0 25 802
29.1499 0 25 808
29.1976 0 25 803
29.2499 0 25 803
29.2991 0 25 802
29.3477 0 25 801
29.4 0 25 804
29.4498 0 25 800
29.4994 0 25 798
29.5476 0 25 801
29.6 0 25 796
29.6496 0 25 796
29.6969 0 25 799
29.7462 0 25 803
29.7994 0 25 798
29.8495 0 25 788
29.8987 0 25 787
29.9481 0 25 787
29.9987 0 25 784
30.0493 0 25 785
30.0997 0 25 783
30.1492 0 25 780
30.1987 0 25 779
30.2494 0 25 782
30.2998 0 25 788
30.3467 0 25 791
30.3998 0 25 791
30.4481 0 25 792
30.4981 0 25 790
30.5494 0 25 788
30.5962 0 25 786
30.6478 0 25 784
30.6995 0 25 788
30.747 0 25 792
30.7978 0 25 792
30.8496 0 25 790
30.8976 0 25 792
30.9498 0 25 790
30.995 0 25 788
31.0499 0 25 786
31.0996 0 25 792
31.1487 0 25 794
31.1999 0 25 788
31.2496 0 25 792
31.3 0 25 789
31.3499 0 25 789
31.3999 0 25 789
31.4485 0 25 795
31.4971 0 25 792
31.5483 0 25 791
31.5985 0 25 795
31.65 0 25 799
31.6993 0 25 799
31.7494 0 25 800
31.798 0 25 799
31.8499 0 25 803
31.9 0 25 802
31.95 0 25 802
31.9997 0 25 806
32.049 0 25 805
32.0985 0 25 801
32.1491 0 25 799
32.1977 0 25 797
32.2494 0 25 796
32.2996 0 25 805
32.3481 0 25 808
32.3971 0 25 806
32.4475 0 25 805
32.4996 0 25 796
32.5497 0 25 792
32.5988 0 25 793
32.6492 0 25 794
32.6976 0 25 796
32.7475 0 25 794
32.7992 0 25 793
32.8496 0 25 795
32.899 0 25 793
32.9492 0 25 794
32.999 0 25 790
33.0499 0 25 791
33.0991 0 25 790
33.148 0 25 792
33.1998 0 25 792
33.2497 0 25 792
33.2998 0 25 790
33.3492 0 25 791
33.3984 0 25 786
33.4497 0 25 785
33.4992 0 25 784
33.5499 0 25 783
33.5965 0 25 783
33.6494 0 25 784
33.697 0 25 784
33.75 0 25 781
33.7998 0 25 786
33.848 0 25 780
33.899 0 25 778
33.9485 0 25 781
33.9999 0 25 782
34.05 0 25 781
34.0997 0 25 781
34.1499 0 25 778
34.199 0 25 781
34.2463 0 25 781
34.2995 0 25 777
34.3494 0 25 777
34.3998 0 25 774
34.4487 0 25 771
34.4994 0 25 773
34.5493 0 25 772
34.598 0 25 771
34.6496 0 25 773
34.6981 0 25 770
34.75 0 25 768
34.7992 0 25 767
34.8498 0 25 764
34.8993 0 25 766
34.9495 0 25 769
34.9995 0 25 763
35.0488 0 25 761
35.0999 0 25 762
35.1495 0 25 765
35.1995 0 25 762
35.2489 0 25 768
35.2995 0 25 770
35.3487 0 25 762
35.3991 0 25 759
35.45 0 25 761
35.4984 0 25 765
35.5467 0 25 768
35.5996 0 25 765
35.6484 0 25 768
35.6997 0 25 771
35.7498 0 25 771
35.7942 0 25 770
35.8497 0 25 775
35.8992 0 25 775
35.9496 0 25 775
35.9999 0 25 777
36.0491 0 25 779
36.1 0 25 783
36.1487 0 25 787
36.1995 0 25 787
36.2495 0 25 786
36.2992 0 25 787
36.35 0 25 790
36.3994 0 25 792
36.4498 0 25 795
36.4975 0 25 792
36.5498 0 25 791
36.5982 0 25 796
36.65 0 25 798
36.6987 0 25 797
36.7482 0 25 796
36.7999 0 25 795
36.8487 0 25 797
36.8996 0 25 793
36.9494 0 25 790
36.9994 0 25 793
37.0467 0 25 794
37.0995 0 25 792
37.15 0 25 783
37.1976 0 25 786
37.2466 0 25 786
37.2998 0 25 789
37.3498 0 25 791
37.3992 0 25 787
37.4493 0 25 788
37.4997 0 25 787
37.5496 0 25 788
37.5999 0 25 791
37.6492 0 25 795
37.699 0 25 789
37.7489 0 25 789
37.7998 0 25 790
37.8477 0 25 791
37.8993 0 25 796
37.9499 0 25 799
37.998 0 25 797
38.0494 0 25 798
38.0996 0 25 792
38.1499 0 25 788
38.1995 0 25 786
38.2459 0 25 787
38.2993 0 25 793
38.3494 0 25 796
38.4 0 25 794
38.449 0 25 794
38.499 0 25 797
38.5497 0 25 802
38.5993 0 25 798
38.6478 0 25 797
38.6998 0 25 797
38.7458 0 25 796
38.7997 0 25 804
38.8483 0 25 801
38.8983 0 25 801
38.9482 0 25 804
38.9992 0 25 799
39.0499 0 25 802
39.0981 0 25 802
39.1475 0 25 805
39.2 0 25 806
39.2494 0 25 804
39.3 0 25 802
39.3493 0 25 801
39.3998 0 25 801
39.4498 0 25 800
39.4991 0 25 800
39.5495 0 25 799
39.5996 0 25 797
39.6493 0 25 797
39.6999 0 25 794
39.7478 0 25 793
39.7999 0 25 795
39.8481 0 25 799
39.8991 0 25 798
39.9499 0 25 801
39.9997 0 25 802
40.0498 0 25 801
40.0999 0 25 797
40.1498 0 25 799
40.1991 0 25 793
40.2497 0 25 796
40.2994 0 25 796
40.349 0 25 797
40.399 0 25 797
40.4493 0 25 798
40.4995 0 25 798
40.5497 0 25 795
40.5998 0 25 797
40.6496 0 25 801
40.699 0 25 797
40.7467 0 25 798
40.7998 0 25 792
40.8499 0 25 792
40.8993 0 25 796
40.9499 0 25 798
40.9989 0 25 800
41.0498 0 25 798
41.0988 0 25 798
41.1487 0 25 797
41.199 0 25 792
41.2468 0 25 788
41.2991 0 25 786
41.3499 0 25 783
41.3983 0 25 785
41.4485 0 25 786
41.4997 0 25 786
41.5495 0 25 789
41.5965 0 25 789
41.6497 0 25 788
41.6998 0 25 790
41.7497 0 25 789
41.7973 0 25 789
41.8492 0 25 786
41.8998 0 25 784
41.95 0 25 782
41.9997 0 25 783
42.0499 0 25 787
42.0975 0 25 789
42.1499 0 25 787
42.1993 0 25 788
42.248 0 25 785
42.2989 0 25 787
42.3495 0 25 788
42.3961 0 25 789
42.4484 0 25 789
42.4999 0 25 785
42.5489 0 25 786
42.5999 0 25 789
42.6497 0 25 789
42.6998 0 25 791
42.7496 0 25 793
42.7965 0 25 789
42.8495 0 25 787
42.8996 0 25 786
42.9484 0 25 784
42.9983 0 25 784
43.0498 0 25 782
43.096 0 25 780
43.15 0 25 781
43.1987 0 25 783
43.2484 0 25 787
43.298 0 25 784
43.35 0 25 785
43.3992 0 25 786
43.4497 0 25 787
43.4996 0 25 786
43.549 0 25 783
43.6 0 25 782
43.65 0 25 779
43.6998 0 25 778
43.7494 0 25 781
43.7999 0 25 780
43.848 0 25 777
43.8996 0 25 780
43.9479 0 25 788
43.9999 0 25 784
44.049 0 25 784
44.0965 0 25 781
44.1498 0 25 787
44.199 0 25 792
44.2498 0 25 792
44.299 0 25 788
44.35 0 25 789
44.399 0 25 786
44.4466 0 25 787
44.4995 0 25 782
44.5497 0 25 782
44.5991 0 25 785
44.6493 0 25 787
44.6998 0 25 785
44.7469 0 25 781
44.7983 0 25 784
44.8475 0 25 788
44.8996 0 25 792
44.9489 0 25 790
44.9997 0 25 794
45.0497 0 25 795
45.0973 0 25 793
45.1485 0 25 795
45.1997 0 25 794
45.2499 0 25 795
45.2999 0 25 796
45.3492 0 25 798
45.3954 0 25 798
45.448 0 25 793
45.4995 0 25 797
45.5493 0 25 799
45.5993 0 25 802
45.6489 0 25 797
45.6985 0 25 801
45.7499 0 25 795
45.7983 0 25 798
45.8497 0 25 797
45.8995 0 25 794
45.9485 0 25 794
45.9996 0 25 799
46.0484 0 25 803
46.0996 0 25 802
46.1499 0 25 805
46.1979 0 25 805
46.248 0 25 805
46.2989 0 25 805
46.3499 0 25 804
46.397 0 25 801
46.449 0 25 797
46.4994 0 25 798
46.5459 0 25 800
46.5987 0 25 798
46.6496 0 25 801
46.6985 0 25 796
46.7489 0 25 799
46.8 0 25 798
46.8497 0 25 795
46.8984 0 25 802
46.9494 0 25 803
46.9979 0 25 802
47.0456 0 25 804
47.0992 0 25 805
47.1497 0 25 803
47.1924 0 25 804
47.2497 0 25 800
47.2996 0 25 803
47.3496 0 25 802
47.3997 0 25 803
47.4487 0 25 800
47.499 0 25 799
47.548 0 25 800
47.5987 0 25 800
47.6459 0 25 803
47.6977 0 25 800
47.7474 0 25 799
47.7994 0 25 801
47.8495 0 25 808
47.8944 0 25 805
47.9469 0 25 804
47.9999 0 25 805
48.0495 0 25 801
48.0995 0 25 805
48.15 0 25 803
48.199 0 25 802
48.2487 0 25 798
48.2992 0 25 800
48.349 0 25 796
48.3999 0 25 793
48.448 0 25 790
48.4998 0 25 789
48.5492 0 25 787
48.5983 0 25 793
48.6488 0 25 790
48.7 0 25 790
48.7488 0 25 790
48.7989 0 25 794
48.8496 0 25 794
48.8998 0 25 792
48.945 0 25 793
48.9978 0 25 788
49.0491 0 25 790
49.0997 0 25 793
49.1487 0 25 793
49.1992 0 25 799
49.2497 0 25 800
49.2996 0 25 802
49.3494 0 25 813
49.3985 0 25 808
49.4493 0 25 805
49.4997 0 25 806
49.548 0 25 808
49.5996 0 25 812
49.6463 0 25 808
49.6993 0 25 812
49.75 0 25 812
49.7994 0 25 810
49.8499 0 25 808
49.8999 0 25 805
49.9494 0 25 804
49.9989 0 25 812
50.0046 0 25 812
