0.0497086 992 1 14
0.0997056 983 1 23
0.149835 970 2 35
0.199932 959 5 43
0.24948 955 9 50
0.298879 949 13 61
0.349941 935 16 73
0.399957 931 20 84
0.449959 922 19 93
0.499948 917 26 108
0.549861 912 27 114
0.599939 906 31 120
0.649895 895 36 129
0.69997 891 40 144
0.749639 887 44 151
0.79973 881 54 158
0.849662 874 60 171
0.899972 868 70 180
0.949836 861 74 185
0.999992 851 77 187
1.04943 849 78 194
1.09986 845 84 196
1.14996 841 88 198
1.19949 836 94 203
1.24997 833 95 208
1.29982 829 97 223
1.34989 825 98 229
1.39998 822 102 235
1.44993 819 106 239
1.49905 811 105 242
1.54987 803 108 248
1.59917 800 117 247
1.64995 796 122 250
1.69994 787 125 257
1.74996 782 126 261
1.7999 780 129 265
1.8499 777 131 266
1.9 775 135 274
1.94932 773 139 282
1.99955 766 141 284
2.05 761 148 288
2.09999 758 157 288
2.14997 750 159 298
2.1999 744 158 300
2.24971 741 167 306
2.29963 737 169 309
2.34922 734 177 313
2.39997 730 181 315
2.44905 728 182 315
2.49989 725 189 320
2.54996 718 191 326
2.59987 717 194 325
2.64939 710 195 332
2.69992 707 204 334
2.74994 705 210 331
2.79979 700 220 335
2.84993 694 227 334
2.9 690 234 335
2.94985 685 241 332
2.99972 681 245 336
3.04985 677 249 335
3.09991 674 255 342
3.14989 669 256 342
3.19987 666 261 349
3.24986 659 268 354
3.29974 655 273 349
3.34997 649 276 345
3.39998 649 277 342
3.44971 646 280 342
3.49998 641 283 343
3.54947 639 285 339
3.59983 629 292 342
3.64968 625 291 345
3.69975 621 295 345
3.74998 619 298 352
3.8 616 298 350
3.84975 614 300 352
3.89998 612 303 355
3.94995 606 308 356
3.99973 597 310 352
4.04989 594 317 355
4.09997 593 317 361
4.14936 589 319 360
4.1999 586 321 360
4.24967 583 324 359
4.29991 577 327 353
4.34977 574 327 354
4.39991 571 330 356
4.44994 566 334 365
4.49991 561 334 369
4.54997 557 336 370
4.5998 552 347 372
4.64935 547 352 372
4.69949 543 355 376
4.74949 539 358 382
4.79993 537 357 382
4.84923 535 361 388
4.89976 533 367 390
4.94977 529 367 399
4.99977 523 367 403
5.04927 521 366 408
5.09969 513 372 404
5.14978 511 374 403
5.19999 509 373 405
5.24987 500 375 406
5.29918 498 377 408
5.34995 495 379 417
5.3994 487 379 420
5.44916 484 378 429
5.4999 481 381 433
5.54972 478 384 436
5.59998 474 385 437
5.64821 472 385 439
5.69994 467 388 440
5.74981 464 388 444
5.79994 460 391 452
5.84987 457 389 459
5.89995 452 386 457
5.94998 446 389 459
5.99978 441 386 462
6.04955 436 386 465
6.09991 432 386 471
6.14905 429 383 481
6.19996 427 383 482
6.24975 419 382 488
6.29986 417 379 488
6.34907 416 379 492
6.39842 413 383 501
6.44995 409 387 506
6.49997 408 392 512
6.54963 406 389 513
6.59958 401 391 514
6.64956 395 388 519
6.69993 392 390 524
6.74961 390 391 518
6.79982 389 390 522
6.85 386 392 523
6.8997 382 392 531
6.94961 376 393 529
6.99951 373 389 532
7.04974 372 389 530
7.09866 370 393 531
7.1498 369 392 537
7.19985 367 394 544
7.24999 365 396 546
7.29994 361 394 550
7.34992 357 395 552
7.39992 352 394 555
7.44915 347 398 556
7.49966 344 399 559
7.54995 342 395 563
7.59965 338 390 566
7.64999 333 391 567
7.69989 328 387 573
7.74984 321 385 576
7.79996 320 381 575
7.84937 316 382 582
7.89985 314 380 575
7.94982 309 382 573
7.99956 308 378 569
8.04991 307 377 574
8.09993 304 375 577
8.14999 301 373 583
8.19979 299 374 584
8.24992 296 374 591
8.29984 294 376 591
8.34984 290 377 592
8.39973 285 379 597
8.44973 285 380 596
8.49995 283 382 601
8.5497 281 381 609
8.59921 278 383 605
8.65 273 385 611
8.69969 269 380 619
8.74927 265 380 624
8.79973 261 379 627
8.84992 260 377 629
8.89907 259 373 629
8.94857 256 370 636
8.99949 253 364 639
9.04886 250 361 638
9.09963 247 363 642
9.14951 241 364 643
9.19973 237 361 644
9.24993 237 360 648
9.29988 235 358 660
9.34715 232 355 662
9.3992 229 354 659
9.44895 226 352 661
9.49966 225 351 669
9.54947 224 353 670
9.59912 223 351 673
9.64981 222 347 670
9.69984 217 346 676
9.74988 216 344 680
9.79966 215 340 685
9.84987 211 338 684
9.89993 210 337 682
9.94969 207 337 687
9.99858 205 334 689
10.0499 204 335 693
10.0998 201 332 700
10.1499 200 329 706
10.1995 194 329 711
10.2492 192 330 718
10.2998 189 325 719
10.3498 187 323 726
10.3999 187 320 729
10.45 183 316 731
10.4993 181 310 733
10.55 180 306 733
10.599 180 303 733
10.6487 179 300 731
10.6995 177 299 734
10.7498 176 297 733
10.7999 174 294 734
10.8484 174 286 730
10.8996 169 281 734
10.9499 167 282 739
10.9998 166 282 745
11.0496 165 278 749
11.0996 163 276 748
11.1493 160 276 751
11.1999 158 273 752
11.2492 156 271 763
11.2987 154 269 767
11.35 153 265 771
11.3991 152 262 769
11.449 151 261 768
11.5 148 262 769
11.5495 147 261 770
11.5999 145 260 767
11.6497 140 259 770
11.6999 140 258 766
11.7499 137 257 763
11.799 135 254 767
11.8496 134 254 772
11.8998 134 251 770
11.9499 133 251 774
11.9997 132 249 776
12.0496 130 249 774
12.0973 127 247 776
12.1491 125 240 775
12.2 124 238 778
12.2499 124 236 781
12.299 121 233 782
12.3497 120 232 779
12.3998 119 227 778
12.45 118 222 783
12.4998 116 217 784
12.5498 115 215 784
12.5969 114 209 787
12.6494 113 206 783
12.6995 113 205 778
12.7487 112 204 784
12.7993 109 204 790
12.8499 108 200 793
12.8995 104 199 798
12.9495 101 197 791
12.998 99 197 788
13.0493 98 196 787
13.0995 97 196 789
13.15 96 192 795
13.1999 95 190 793
13.2497 93 188 788
13.2992 91 188 788
13.3499 89 186 790
13.399 88 183 786
13.4499 84 180 783
13.4996 81 179 786
13.5488 78 177 785
13.5998 77 177 786
13.65 75 176 783
13.7 74 174 785
13.7482 73 173 792
13.8 72 172 793
13.8479 72 169 790
13.8999 69 164 787
13.9482 68 162 789
13.9992 67 161 786
14.05 66 159 785
14.0996 66 155 788
14.1497 64 154 797
14.1995 64 153 798
14.248 60 151 803
14.2998 60 149 804
14.3485 58 146 801
14.3993 54 144 801
14.4496 52 144 799
14.5 51 143 799
14.5488 50 142 796
14.5993 50 142 798
14.65 50 138 796
14.699 48 137 791
14.7493 48 135 792
14.8 48 132 788
14.8497 46 131 790
14.8999 46 130 789
14.9499 46 129 790
15 45 126 790
15.0498 44 122 786
15.1 44 121 789
15.1494 42 120 788
15.1995 41 116 790
15.2496 40 114 791
15.2993 40 112 792
15.3498 40 111 793
15.3995 39 110 794
15.4498 39 110 796
15.4997 39 109 798
15.5499 39 108 792
15.5999 38 105 791
15.649 38 103 789
15.6976 37 103 783
15.7497 35 103 782
15.7999 35 102 781
15.85 34 102 785
15.8999 33 100 789
15.9499 33 99 790
15.9993 33 99 788
16.0497 32 99 794
16.0999 32 98 792
16.1499 32 93 792
16.2 30 91 794
16.2489 28 91 794
16.2997 28 88 790
16.349 28 86 788
16.3999 28 86 792
16.4489 27 82 796
16.4998 26 81 796
16.5499 25 80 800
16.6 25 79 805
16.6497 24 77 804
16.6993 24 76 801
16.7496 24 74 799
16.7986 24 73 799
16.8489 23 71 803
16.8999 23 70 803
16.9489 23 69 805
16.9991 21 69 802
17.0492 21 68 798
17.0985 21 67 800
17.1496 21 67 804
17.1999 20 66 806
17.2497 20 65 809
17.2994 17 65 807
17.3496 16 65 805
17.4 16 63 807
17.4496 16 63 813
17.4995 15 61 813
17.55 14 59 809
17.5988 12 59 808
17.6499 12 57 808
17.6997 11 54 809
17.7489 9 53 808
17.7999 9 52 810
17.8491 9 51 814
17.8999 7 50 815
17.95 7 48 815
17.9995 7 48 815
18.0496 6 47 813
18.1 4 45 810
18.1494 4 43 809
18.1994 2 41 804
18.25 2 40 806
18.3 2 37 803
18.3499 1 36 805
18.3995 1 36 806
18.4499 1 34 800
18.4995 1 34 803
18.5497 1 34 800
18.5985 1 34 802
18.6496 1 33 805
18.6995 1 33 807
18.7498 1 33 803
18.7997 1 33 804
18.8497 1 32 804
18.8999 1 30 810
18.9496 1 29 813
18.999 1 27 813
19.0475 1 25 814
19.0985 1 25 816
19.1491 1 25 816
19.1996 1 25 812
19.2493 1 25 810
19.2996 0 23 813
19.3494 0 23 815
19.3996 0 23 813
19.4495 0 23 809
19.4993 0 23 812
19.5486 0 23 805
19.5995 0 22 808
19.6498 0 22 812
19.6989 0 22 811
19.7487 0 22 812
19.7998 0 22 813
19.8498 0 22 815
19.8981 0 22 819
19.9497 0 22 815
19.9999 0 22 818
20.0482 0 22 817
20.0974 0 20 817
20.1493 0 19 815
20.1995 0 18 816
20.2493 0 18 811
20.2995 0 18 808
20.349 0 18 811
20.3982 0 18 813
20.4488 0 18 810
20.4994 0 18 812
20.5499 0 18 818
20.5993 0 18 819
20.6483 0 18 816
20.6995 0 18 822
20.7492 0 18 818
20.8 0 18 817
20.8489 0 18 816
20.8998 0 18 816
20.9498 0 18 810
20.9996 0 18 810
21.0477 0 18 806
21.1 0 18 803
21.1473 0 18 808
21.1949 0 18 807
21.2488 0 18 803
21.2988 0 18 804
21.3478 0 18 801
21.3987 0 18 801
21.4492 0 18 804
21.4991 0 17 804
21.5494 0 17 805
21.5998 0 17 802
21.6476 0 17 800
21.6992 0 17 803
21.749 0 17 802
21.7988 0 17 801
21.8492 0 17 808
21.8968 0 17 806
21.9485 0 17 804
21.9992 0 17 806
22.0498 0 16 801
22.1 0 16 797
22.1499 0 16 796
22.1988 0 16 796
22.25 0 16 800
22.2995 0 16 796
22.3462 0 16 791
22.3996 0 16 791
22.4458 0 16 788
22.4988 0 16 791
22.5484 0 16 788
22.5982 0 16 790
22.65 0 16 788
22.6988 0 16 785
22.7488 0 16 783
22.799 0 16 782
22.8469 0 16 786
22.899 0 16 783
22.9491 0 16 782
22.9999 0 16 780
23.0497 0 16 782
23.0982 0 16 781
23.1487 0 16 785
23.1942 0 16 783
23.2495 0 16 776
23.2995 0 15 777
23.3491 0 15 774
23.3961 0 15 777
23.4497 0 15 782
23.4973 0 15 779
23.5483 0 15 777
23.5976 0 15 779
23.6479 0 15 774
23.6999 0 15 777
23.7491 0 15 779
23.7981 0 15 783
23.8495 0 15 781
23.8993 0 15 781
23.9492 0 15 782
23.9959 0 15 781
24.0498 0 15 783
24.0993 0 15 780
24.1486 0 15 779
24.1986 0 15 777
24.2476 0 15 777
24.2978 0 15 775
24.3476 0 15 775
24.3948 0 15 776
24.4495 0 15 782
24.4993 0 15 783
24.5494 0 15 785
24.5998 0 15 784
24.6497 0 15 785
24.6997 0 15 787
24.7483 0 15 786
24.7999 0 15 789
24.8477 0 15 789
24.9 0 15 793
24.948 0 15 786
24.9978 0 15 782
25.05 0 15 788
25.0975 0 15 788
25.1489 0 15 786
25.1986 0 15 788
25.2476 0 15 783
25.2991 0 15 784
25.3491 0 15 785
25.3999 0 15 788
25.4487 0 15 789
25.4994 0 15 792
25.5498 0 15 794
25.5996 0 15 800
25.6495 0 15 798
25.7 0 15 799
25.7496 0 15 797
25.7977 0 15 800
25.8496 0 15 800
25.9 0 15 800
25.9494 0 15 797
25.9991 0 15 794
26.0487 0 15 799
26.1 0 15 802
26.1496 0 15 803
26.1964 0 15 803
26.2492 0 15 804
26.299 0 15 805
26.3495 0 15 806
26.3997 0 15 800
26.4488 0 15 797
26.4993 0 15 799
26.5496 0 15 799
26.5986 0 15 801
26.6497 0 15 795
26.6991 0 15 796
26.7476 0 15 793
26.7996 0 15 787
26.8492 0 15 789
26.8992 0 15 793
26.9494 0 15 793
26.9998 0 15 793
27.0435 0 15 793
27.0985 0 15 796
27.1486 0 15 796
27.1988 0 15 798
27.249 0 15 801
27.2989 0 15 802
27.3486 0 15 800
27.3966 0 15 801
27.444 0 15 799
27.4988 0 15 797
27.5486 0 15 797
27.5986 0 15 805
27.6495 0 15 806
27.6984 0 15 807
27.7496 0 15 806
27.7986 0 15 808
27.8499 0 15 804
27.8998 0 15 804
27.9484 0 15 801
27.9991 0 15 802
28.0497 0 15 801
28.0993 0 15 801
28.1487 0 15 802
28.1972 0 15 803
28.2497 0 15 799
28.2997 0 15 797
28.349 0 15 797
28.3995 0 15 800
28.4493 0 15 801
28.4986 0 15 796
28.5497 0 15 800
28.5998 0 15 804
28.6496 0 15 805
28.6972 0 15 807
28.7497 0 15 807
28.7984 0 15 807
28.8498 0 15 805
28.8919 0 15 808
28.9499 0 15 808
28.9994 0 15 804
29.0487 0 15 802
29.0977 0 15 804
29.148 0 15 804
29.1983 0 15 804
29.2495 0 15 800
29.2998 0 15 794
29.3471 0 15 797
29.3997 0 15 799
29.4497 0 15 801
29.4967 0 15 802
29.5498 0 15 800
29.5925 0 15 797
29.6493 0 15 798
29.6986 0 15 796
29.7486 0 15 803
29.7991 0 15 802
29.8491 0 15 806
29.8959 0 15 806
29.9486 0 15 807
29.9999 0 15 805
30.0459 0 15 806
30.0986 0 15 800
30.1489 0 15 800
30.1999 0 15 803
30.2494 0 15 801
30.2998 0 15 802
30.35 0 15 798
30.3967 0 15 801
30.4491 0 15 802
30.4996 0 15 805
30.5484 0 15 808
30.5985 0 15 802
30.6497 0 15 797
30.696 0 15 798
30.7474 0 15 793
30.7984 0 15 791
30.8495 0 15 791
30.8986 0 15 798
30.9492 0 15 803
30.9992 0 15 805
31.0495 0 15 804
31.0999 0 15 805
31.1487 0 15 807
31.1998 0 15 803
31.25 0 15 808
31.2996 0 15 814
31.3498 0 15 813
31.3963 0 15 815
31.4491 0 15 818
31.4976 0 15 815
31.5497 0 15 814
31.5959 0 15 815
31.6495 0 15 817
31.6998 0 15 815
31.7499 0 15 813
31.7999 0 15 810
31.844 0 15 810
31.8931 0 15 810
31.9442 0 15 802
31.9995 0 15 802
32.0497 0 15 803
32.0965 0 15 800
32.1494 0 15 805
32.1991 0 15 801
32.2471 0 15 801
32.2959 0 15 800
32.3481 0 15 800
32.3997 0 15 797
32.448 0 15 798
32.4998 0 15 797
32.5456 0 15 795
32.5989 0 15 796
32.6493 0 15 796
32.6997 0 15 800
32.7495 0 15 798
32.7991 0 15 797
32.8477 0 15 797
32.8979 0 15 794
32.95 0 15 796
32.9999 0 15 792
33.0468 0 15 790
33.099 0 15 792
33.1496 0 15 792
33.1993 0 15 787
33.2487 0 15 783
33.2997 0 15 781
33.3495 0 15 783
33.3995 0 15 784
33.4498 0 15 782
33.4997 0 15 784
33.5439 0 15 785
33.5984 0 15 785
33.6499 0 15 779
33.6953 0 15 778
33.7482 0 15 783
33.7978 0 15 785
33.8486 0 15 780
33.8995 0 15 785
33.9494 0 15 788
33.9999 0 15 788
34.0491 0 15 787
34.0967 0 15 788
34.1492 0 15 787
34.1986 0 15 787
34.2465 0 15 794
34.2987 0 15 791
34.3499 0 15 796
34.3989 0 15 794
34.4498 0 15 791
34.4991 0 15 797
34.5495 0 15 795
34.5989 0 15 794
34.6492 0 15 795
34.6985 0 15 790
34.7494 0 15 798
34.7976 0 15 799
34.846 0 15 802
34.9 0 15 801
34.947 0 15 805
34.9998 0 15 806
35.0495 0 15 809
35.0997 0 15 807
35.1499 0 15 809
35.1974 0 15 801
35.2493 0 15 800
35.2998 0 15 796
35.3481 0 15 797
35.3992 0 15 794
35.4486 0 15 792
35.4994 0 15 791
35.5494 0 15 794
35.5995 0 15 797
35.6488 0 15 793
35.6995 0 15 796
35.7491 0 15 803
35.7962 0 15 796
35.849 0 15 795
35.8995 0 15 795
35.9497 0 15 801
35.9987 0 15 800
36.0495 0 15 800
36.0998 0 15 798
36.1486 0 15 799
36.1984 0 15 801
36.2491 0 15 802
36.2982 0 15 806
36.3484 0 15 809
36.3937 0 15 805
36.4496 0 15 805
36.4991 0 15 809
36.5499 0 15 811
36.5992 0 15 814
36.6498 0 15 813
36.6986 0 15 814
36.7478 0 15 812
36.7975 0 15 807
36.8494 0 15 800
36.8998 0 15 802
36.9498 0 15 803
36.9987 0 15 804
37.0488 0 15 807
37.0995 0 15 801
37.1491 0 15 805
37.1985 0 15 803
37.2496 0 15 801
37.2978 0 15 803
37.3479 0 15 805
37.3993 0 15 803
37.4491 0 15 806
37.4996 0 15 808
37.5496 0 15 810
37.6 0 15 809
37.6489 0 15 809
37.6986 0 15 806
37.7498 0 15 803
37.7997 0 15 797
37.8497 0 15 797
37.8994 0 15 794
37.9493 0 15 798
37.9996 0 15 802
38.0499 0 15 798
38.0959 0 15 799
38.1483 0 15 799
38.1991 0 15 793
38.2494 0 15 789
38.2995 0 15 791
38.3485 0 15 791
38.3984 0 15 792
38.4493 0 15 794
38.4924 0 15 793
38.5488 0 15 798
38.5999 0 15 800
38.6489 0 15 801
38.6999 0 15 802
38.749 0 15 805
38.7988 0 15 804
38.8496 0 15 803
38.8975 0 15 805
38.9478 0 15 808
38.9997 0 15 809
39.0498 0 15 811
39.0992 0 15 814
39.1447 0 15 815
39.1998 0 15 819
39.25 0 15 818
39.2984 0 15 816
39.3492 0 15 809
39.3994 0 15 806
39.4495 0 15 806
39.4993 0 15 806
39.5486 0 15 802
39.5997 0 15 803
39.6491 0 15 805
39.6999 0 15 807
39.749 0 15 807
39.7977 0 15 805
39.847 0 15 804
39.8992 0 15 800
39.9496 0 15 801
39.9989 0 15 795
40.0483 0 15 794
40.0997 0 15 790
40.149 0 15 793
40.1953 0 15 793
40.2481 0 15 795
40.2974 0 15 799
40.3495 0 15 795
40.3986 0 15 792
40.4484 0 15 791
40.498 0 15 788
40.5498 0 15 791
40.5999 0 15 790
40.65 0 15 792
40.7 0 15 793
40.7499 0 15 795
40.799 0 15 794
40.8499 0 15 791
40.8993 0 15 795
40.9491 0 15 790
40.9978 0 15 792
41.0491 0 15 791
41.1 0 15 788
41.1496 0 15 789
41.1996 0 15 789
41.2497 0 15 788
41.2989 0 15 788
41.3496 0 15 790
41.3969 0 15 785
41.4495 0 15 785
41.4984 0 15 782
41.5474 0 15 778
41.5996 0 15 774
41.6492 0 15 779
41.6983 0 15 781
41.7464 0 15 784
41.7967 0 15 787
41.8497 0 15 793
41.8985 0 15 793
41.9496 0 15 794
41.9993 0 15 791
42.0497 0 15 788
42.0997 0 15 791
42.1489 0 15 792
42.1975 0 15 794
42.2491 0 15 796
42.2985 0 15 796
42.349 0 15 797
42.3995 0 15 802
42.449 0 15 809
42.4998 0 15 806
42.5451 0 15 804
42.5964 0 15 799
42.6497 0 15 796
42.6986 0 15 796
42.7498 0 15 795
42.799 0 15 798
42.8487 0 15 801
42.8998 0 15 795
42.9492 0 15 792
42.9989 0 15 793
43.0495 0 15 790
43.1 0 15 788
43.149 0 15 788
43.1999 0 15 788
43.248 0 15 789
43.2989 0 15 788
43.3473 0 15 784
43.3989 0 15 786
43.4493 0 15 790
43.4977 0 15 786
43.5494 0 15 786
43.5989 0 15 789
43.6482 0 15 790
43.6997 0 15 789
43.7489 0 15 791
43.797 0 15 787
43.8499 0 15 786
43.8982 0 15 785
43.9437 0 15 787
43.9993 0 15 784
44.0488 0 15 783
44.0998 0 15 788
44.1499 0 15 788
44.1994 0 15 786
44.2483 0 15 784
44.2998 0 15 783
44.3499 0 15 780
44.3973 0 15 779
44.4493 0 15 779
44.4984 0 15 784
44.5473 0 15 784
44.5997 0 15 783
44.649 0 15 781
44.6998 0 15 779
44.75 0 15 781
44.7989 0 15 785
44.8494 0 15 785
44.8992 0 15 790
44.9465 0 15 793
44.9995 0 15 788
45.0497 0 15 790
45.0994 0 15 793
45.1495 0 15 791
45.1983 0 15 790
45.2471 0 15 789
45.298 0 15 783
45.3496 0 15 785
45.3988 0 15 786
45.4493 0 15 790
45.4966 0 15 791
45.5488 0 15 790
45.5991 0 15 796
45.6484 0 15 795
45.6938 0 15 793
45.748 0 15 793
45.7999 0 15 788
45.8448 0 15 790
45.8996 0 15 784
45.9474 0 15 783
45.997 0 15 792
46.05 0 15 793
46.0989 0 15 793
46.1497 0 15 791
46.1999 0 15 793
46.2481 0 15 796
46.2969 0 15 797
46.3497 0 15 802
46.3987 0 15 801
46.4485 0 15 801
46.4985 0 15 807
46.5485 0 15 801
46.6 0 15 803
46.6498 0 15 803
46.6982 0 15 800
46.7484 0 15 806
46.7977 0 15 813
46.8492 0 15 815
46.8948 0 15 815
46.949 0 15 816
46.9995 0 15 812
47.0497 0 15 811
47.0992 0 15 811
47.1484 0 15 811
47.1999 0 15 816
47.2487 0 15 814
47.2997 0 15 821
47.3475 0 15 816
47.399 0 15 815
47.4495 0 15 819
47.4945 0 15 818
47.549 0 15 817
47.5989 0 15 819
47.6484 0 15 820
47.6995 0 15 819
47.7494 0 15 812
47.7993 0 15 820
47.8498 0 15 820
47.8989 0 15 818
47.9497 0 15 820
47.9996 0 15 819
48.0498 0 15 811
48.0979 0 15 808
48.1496 0 15 801
48.1989 0 15 805
48.2492 0 15 806
48.2967 0 15 802
48.3482 0 15 798
48.3984 0 15 799
48.4497 0 15 800
48.4968 0 15 800
48.5493 0 15 791
48.5986 0 15 793
48.6496 0 15 794
48.6968 0 15 789
48.7496 0 15 792
48.7996 0 15 800
48.8492 0 15 801
48.8986 0 15 802
48.949 0 15 804
49 0 15 805
49.0495 0 15 803
49.0986 0 15 802
49.1492 0 15 797
49.197 0 15 799
49.2499 0 15 800
49.2985 0 15 802
49.3497 0 15 800
49.3991 0 15 799
49.4496 0 15 800
49.4997 0 15 799
49.5488 0 15 794
49.5982 0 15 796
49.6492 0 15 790
49.6996 0 15 786
49.7493 0 15 790
49.7969 0 15 788
49.8496 0 15 787
49.8998 0 15 787
49.9497 0 15 787
49.9996 0 15 795
50.0011 0 15 794
