0.0494343 989 1 16
0.099911 980 2 31
0.148952 970 3 47
0.199981 961 4 60
0.249853 952 9 68
0.299772 947 14 79
0.349989 944 20 86
0.399619 936 23 99
0.449966 931 25 111
0.499952 923 31 121
0.549301 914 34 130
0.599756 907 35 140
0.6495 902 39 153
0.699769 894 43 164
0.749926 893 51 171
0.799991 884 60 177
0.849755 875 63 184
0.899677 872 64 191
0.949944 870 70 198
0.999716 862 72 200
1.04967 859 75 206
1.09963 850 77 219
1.14916 847 82 223
1.19985 843 85 228
1.24986 839 93 229
1.29992 836 97 232
1.34986 832 103 240
1.39951 828 102 249
1.44981 822 103 252
1.49975 816 109 254
1.54973 811 112 262
1.59971 807 118 262
1.64985 804 125 266
1.69965 798 127 267
1.7499 796 131 270
1.79995 791 133 278
1.84979 783 143 283
1.8997 779 152 287
1.94925 773 159 291
1.99987 768 166 294
2.04983 763 172 298
2.09934 760 173 299
2.14984 759 179 307
2.19978 756 181 315
2.24988 753 191 318
2.29969 753 201 315
2.34992 748 205 315
2.39984 743 210 312
2.44993 742 211 313
2.49989 737 210 316
2.54948 733 213 320
2.59981 729 221 328
2.64977 723 225 323
2.6995 717 231 325
2.74948 712 235 324
2.79948 711 229 328
2.85 710 237 331
2.89998 704 241 334
2.9496 699 247 337
2.99972 693 251 340
3.04996 691 258 341
3.09961 684 265 345
3.14981 678 270 350
3.19996 673 273 353
3.24982 669 276 347
3.29963 660 275 350
3.34907 655 281 354
3.3998 648 289 358
3.44999 648 296 360
3.49986 645 294 369
3.54991 638 297 372
3.59981 631 297 380
3.64982 626 302 383
3.69961 623 309 380
3.74941 621 313 387
3.7999 619 312 386
3.84985 618 314 391
3.89975 616 313 394
3.94977 613 318 398
3.9998 607 321 398
4.04999 603 321 400
4.09996 600 327 404
4.14968 595 333 409
4.19992 590 334 409
4.24984 583 335 412
4.29969 579 336 414
4.34982 577 336 418
4.39997 575 339 424
4.44996 575 342 430
4.4998 569 344 433
4.54948 568 348 432
4.59941 564 352 431
4.64988 559 357 434
4.69946 557 358 432
4.74984 555 363 437
4.79993 552 368 441
4.84792 548 371 449
4.8999 546 372 450
4.9499 542 378 457
4.99991 540 381 453
5.04998 538 379 451
5.09954 535 381 459
5.1491 532 379 457
5.19921 528 382 461
5.24994 524 389 458
5.29945 520 389 464
5.34962 517 395 469
5.39994 515 390 472
5.44974 512 392 478
5.5 507 388 481
5.54857 501 394 487
5.59969 495 400 492
5.64994 492 403 492
5.69957 487 403 500
5.74947 485 401 499
5.79835 478 400 504
5.84987 476 404 506
5.89977 474 406 510
5.9499 472 409 511
5.99949 468 409 511
6.0498 466 412 520
6.0998 462 411 523
6.14969 459 414 527
6.19994 451 411 531
6.24927 449 410 531
6.29982 449 412 540
6.34997 444 413 545
6.39983 438 416 548
6.44983 434 419 554
6.49982 433 420 551
6.54964 431 420 549
6.59989 430 419 552
6.64842 426 417 559
6.69973 422 415 556
6.74963 420 415 560
6.79956 417 415 568
6.8499 416 413 569
6.89997 412 410 575
6.94982 408 410 581
6.99928 406 410 586
7.04975 404 412 595
7.099 403 414 598
7.1499 401 411 601
7.19976 395 410 599
7.24979 393 413 599
7.29995 390 411 600
7.34967 388 411 605
7.39917 385 412 609
7.44999 381 414 613
7.49998 379 414 615
7.54948 376 411 615
7.59993 372 409 616
7.64962 370 405 619
7.69924 366 406 611
7.74992 362 410 617
7.79973 360 409 621
7.84971 357 408 631
7.89997 355 404 633
7.94975 350 402 638
7.99997 349 402 639
8.0499 344 400 641
8.09977 340 403 642
8.1494 337 402 643
8.19996 335 401 641
8.24967 334 400 640
8.2992 329 401 641
8.34955 326 399 644
8.39984 322 401 646
8.44899 314 403 649
8.49988 310 399 650
8.54965 307 398 651
8.59981 305 395 657
8.64949 303 394 658
8.69982 298 392 661
8.74854 294 391 663
8.79973 291 386 666
8.84862 287 384 667
8.89983 286 384 671
8.94936 283 381 669
8.9997 283 378 673
9.04971 281 377 673
9.09955 279 381 676
9.14998 276 380 677
9.19861 276 379 681
9.24974 271 374 680
9.29885 269 370 683
9.34998 267 370 688
9.39946 264 369 695
9.44978 263 371 699
9.49857 260 368 699
9.54987 258 363 702
9.59976 252 362 708
9.64956 251 358 712
9.69975 250 354 712
9.74995 249 353 719
9.7999 248 350 722
9.84996 243 345 723
9.89995 242 342 727
9.94887 238 341 731
9.99961 234 338 729
10.0483 232 337 733
10.0998 227 338 730
10.1498 224 334 728
10.1999 223 330 729
10.2496 221 329 736
10.2989 220 326 739
10.3493 219 321 738
10.3996 216 316 743
10.4499 212 313 743
10.4999 209 312 744
10.5478 206 313 749
10.5981 206 309 753
10.6494 204 310 751
10.6995 203 310 757
10.7499 203 311 761
10.7986 201 310 762
10.8498 199 306 766
10.9 197 305 766
10.9496 196 302 764
10.9996 190 300 760
11.05 190 296 763
11.0999 188 295 764
11.1499 186 293 765
11.1992 185 292 764
11.2499 185 292 767
11.2997 185 289 769
11.3485 183 283 770
11.3994 179 280 768
11.4499 178 277 773
11.5 176 277 775
11.5499 175 274 775
11.5997 174 273 778
11.6499 171 271 776
11.7 168 268 771
11.7494 164 267 766
11.7995 161 260 767
11.8498 159 257 770
11.8993 155 253 768
11.9499 153 249 767
11.9988 151 248 766
12.0497 151 243 773
12.0998 149 240 776
12.1492 149 239 782
12.1999 147 238 782
12.2499 144 236 784
12.2993 141 236 791
12.3495 141 234 790
12.3988 139 231 793
12.4499 137 231 797
12.4998 134 228 796
12.5498 132 226 796
12.5993 129 225 796
12.6499 129 224 794
12.6998 128 221 796
12.75 124 218 797
12.7999 123 215 794
12.8498 123 214 795
12.8999 123 211 794
12.9499 123 207 795
12.9981 122 204 799
13.049 121 204 797
13.0994 119 203 795
13.1496 119 202 795
13.1992 119 198 794
13.25 119 196 789
13.2999 118 196 784
13.3489 118 195 780
13.3996 115 194 777
13.4498 114 191 776
13.4998 112 189 776
13.5498 109 187 778
13.5999 109 183 780
13.6498 105 180 780
13.6997 102 177 780
13.7498 99 171 778
13.7997 95 169 781
13.8483 94 165 780
13.8981 89 162 786
13.9496 88 159 790
13.9996 87 154 797
14.0499 84 153 794
14.0998 83 150 793
14.1496 83 147 790
14.1996 81 143 789
14.25 80 142 789
14.3 77 141 781
14.3499 76 140 786
14.4 73 139 783
14.4496 72 139 786
14.4994 71 136 783
14.55 70 135 783
14.5998 68 131 785
14.6493 66 130 785
14.6997 66 129 782
14.749 65 128 783
14.7994 65 127 789
14.85 63 125 788
14.8995 63 123 790
14.9497 62 121 789
14.9992 61 121 785
15.0497 61 121 782
15.0989 59 120 782
15.1499 57 115 778
15.1998 57 115 780
15.2499 53 114 780
15.2998 52 112 781
15.3492 51 110 781
15.3999 51 110 787
15.4492 50 106 786
15.4991 48 103 790
15.5497 46 101 796
15.5998 45 101 796
15.6499 42 99 792
15.6987 42 97 793
15.7498 40 96 791
15.7989 39 90 794
15.8497 36 90 798
15.8999 36 88 800
15.9493 36 87 802
15.9999 35 84 801
16.0496 35 84 800
16.0997 35 81 803
16.1496 35 78 804
16.1986 34 77 805
16.2487 34 75 812
16.2999 33 73 813
16.3498 33 70 811
16.3995 32 69 811
16.45 30 69 810
16.4995 30 69 809
16.5496 30 68 810
16.5998 29 66 809
16.6499 28 65 808
16.6996 27 62 805
16.7491 26 62 801
16.8 26 61 802
16.8499 25 61 806
16.8992 24 58 800
16.9498 23 58 800
16.9994 23 56 795
17.0496 23 56 799
17.0993 22 55 804
17.1492 22 54 805
17.1996 21 53 806
17.2476 21 52 805
17.2993 19 52 799
17.3499 19 52 797
17.3999 19 52 802
17.4499 18 50 803
17.4996 17 49 804
17.5494 17 48 799
17.5997 17 48 795
17.6487 16 48 793
17.6991 15 48 793
17.7487 15 48 794
17.8 15 46 794
17.85 15 45 798
17.8993 13 45 797
17.9496 12 45 797
18 11 44 798
18.0488 10 42 798
18.0999 10 42 800
18.1493 10 41 802
18.1998 10 41 798
18.2493 9 41 804
18.298 9 41 804
18.3495 7 40 807
18.3997 6 39 801
18.4499 6 39 805
18.4999 5 39 805
18.5487 4 38 805
18.5999 4 37 809
18.6495 4 35 807
18.6995 4 35 806
18.7496 4 33 807
18.7984 3 33 817
18.8487 3 33 816
18.8994 2 30 811
18.9489 1 29 811
18.9999 1 29 810
19.0482 1 29 812
19.0996 1 28 816
19.1498 1 28 817
19.1999 1 28 813
19.2494 1 28 813
19.2999 1 27 813
19.35 1 26 811
19.3999 1 26 810
19.4499 0 25 806
19.4993 0 25 808
19.5493 0 24 807
19.5993 0 23 810
19.6496 0 23 809
19.7 0 23 802
19.7479 0 23 800
19.7988 0 23 802
19.8488 0 23 801
19.8987 0 22 801
19.9468 0 21 797
19.9999 0 21 799
20.0499 0 20 795
20.0993 0 20 799
20.1493 0 20 797
20.1998 0 20 798
20.2486 0 20 796
20.2968 0 20 803
20.3485 0 20 804
20.3995 0 20 808
20.4492 0 20 807
20.4952 0 20 803
20.5488 0 20 805
20.5981 0 20 805
20.649 0 20 811
20.6999 0 19 809
20.7497 0 19 807
20.7998 0 19 812
20.8497 0 19 811
20.8991 0 19 812
20.9499 0 19 815
20.9999 0 19 813
21.0499 0 19 812
21.0985 0 19 811
21.1499 0 19 798
21.1986 0 19 804
21.2498 0 19 802
21.2997 0 19 806
21.3497 0 19 809
21.4 0 19 809
21.4491 0 19 807
21.5 0 19 806
21.5495 0 19 806
21.5979 0 19 804
21.6487 0 19 807
21.6993 0 19 805
21.7499 0 18 807
21.7984 0 18 809
21.8499 0 18 806
21.8989 0 18 807
21.9486 0 18 811
21.9996 0 18 810
22.0491 0 18 812
22.099 0 18 812
22.1497 0 18 815
22.199 0 18 811
22.2495 0 18 812
22.2959 0 18 812
22.3497 0 18 815
22.3991 0 17 814
22.4496 0 17 813
22.4993 0 17 807
22.5468 0 17 806
22.5995 0 17 804
22.6494 0 17 805
22.6992 0 17 806
22.7499 0 17 804
22.7992 0 17 805
22.8493 0 17 802
22.8993 0 17 805
22.9497 0 17 804
22.9998 0 17 804
23.0484 0 17 799
23.0997 0 17 804
23.1499 0 17 806
23.1997 0 17 807
23.2493 0 17 805
23.2977 0 17 806
23.3498 0 17 808
23.3999 0 17 806
23.4494 0 17 803
23.5 0 17 803
23.5494 0 17 806
23.5983 0 17 804
23.6499 0 17 807
23.697 0 17 807
23.7495 0 17 807
23.7999 0 17 804
23.8496 0 17 803
23.8996 0 17 804
23.947 0 17 798
23.9953 0 17 802
24.05 0 17 802
24.0993 0 17 799
24.1498 0 17 804
24.1997 0 17 804
24.2492 0 17 806
24.2967 0 17 800
24.3499 0 17 798
24.3989 0 17 793
24.4495 0 17 795
24.4996 0 17 792
24.5484 0 17 792
24.5999 0 17 793
24.6499 0 17 797
24.6999 0 17 802
24.7497 0 17 805
24.7983 0 17 802
24.8484 0 17 802
24.8993 0 17 801
24.9498 0 17 800
24.9953 0 17 793
25.0494 0 17 789
25.0981 0 17 795
25.147 0 17 792
25.1988 0 17 796
25.2495 0 17 799
25.2999 0 17 799
25.3488 0 17 798
25.3989 0 17 794
25.448 0 17 794
25.4994 0 17 791
25.5496 0 17 790
25.5957 0 17 791
25.6488 0 17 792
25.6984 0 17 791
25.7498 0 17 788
25.7978 0 17 790
25.8496 0 17 790
25.9 0 17 793
25.95 0 17 791
25.9927 0 17 794
26.0495 0 17 793
26.0998 0 17 790
26.1491 0 17 793
26.1998 0 17 799
26.2497 0 17 801
26.2996 0 17 799
26.3488 0 17 802
26.3991 0 17 804
26.4496 0 17 797
26.4998 0 17 796
26.5491 0 17 794
26.5981 0 17 790
26.6489 0 17 791
26.6994 0 17 787
26.7494 0 17 788
26.7982 0 17 782
26.8471 0 17 782
26.8998 0 17 786
26.9494 0 17 787
26.9998 0 17 785
27.0493 0 17 786
27.0991 0 17 785
27.1486 0 17 783
27.1996 0 17 782
27.2499 0 17 781
27.2988 0 17 781
27.3496 0 17 789
27.3973 0 17 791
27.447 0 17 787
27.499 0 17 790
27.5497 0 17 785
27.6 0 17 788
27.6492 0 17 789
27.6986 0 17 788
27.7499 0 17 782
27.798 0 17 783
27.8491 0 17 784
27.8998 0 17 787
27.9494 0 17 791
27.9996 0 17 789
28.0489 0 17 797
28.099 0 17 796
28.15 0 17 796
28.1998 0 17 795
28.2458 0 17 800
28.2999 0 17 802
28.3499 0 17 798
28.4 0 17 801
28.4499 0 17 803
28.4998 0 17 804
28.5496 0 17 804
28.5998 0 17 805
28.6491 0 17 802
28.6992 0 17 798
28.7498 0 17 798
28.7998 0 17 797
28.8497 0 17 793
28.8998 0 17 792
28.9475 0 17 800
28.9999 0 17 802
29.0496 0 17 801
29.0994 0 17 800
29.1478 0 17 803
29.1987 0 17 801
29.2496 0 17 802
29.2962 0 17 803
29.3494 0 17 808
29.3979 0 17 814
29.449 0 17 816
29.4994 0 17 815
29.5498 0 17 812
29.5978 0 17 812
29.6497 0 17 813
29.6996 0 17 809
29.7498 0 17 807
29.7989 0 17 805
29.8448 0 17 809
29.8972 0 17 807
29.9499 0 17 806
29.9974 0 17 806
30.0498 0 17 801
30.0986 0 17 800
30.1489 0 17 805
30.1989 0 17 807
30.2477 0 17 806
30.2993 0 17 806
30.3482 0 17 808
30.3986 0 17 810
30.4493 0 17 810
30.4999 0 17 806
30.55 0 17 802
30.6 0 17 805
30.6489 0 17 808
30.6996 0 17 806
30.749 0 17 804
30.7982 0 17 805
30.8458 0 17 805
30.8974 0 17 804
30.9484 0 17 804
30.9997 0 17 802
31.0498 0 17 808
31.0986 0 17 804
31.1498 0 17 801
31.1998 0 17 803
31.2489 0 17 803
31.2925 0 17 803
31.3496 0 17 801
31.3978 0 17 798
31.4497 0 17 798
31.4988 0 17 800
31.5495 0 17 802
31.5983 0 17 803
31.6457 0 17 801
31.6971 0 17 804
31.7496 0 17 806
31.7982 0 17 810
31.8498 0 17 811
31.8983 0 17 810
31.9495 0 17 813
32 0 17 810
32.0494 0 17 813
32.0988 0 17 810
32.15 0 17 809
32.1996 0 17 802
32.2492 0 17 803
32.2988 0 17 805
32.3492 0 17 806
32.3973 0 17 812
32.4475 0 17 809
32.4964 0 17 812
32.5492 0 17 812
32.5993 0 17 817
32.6498 0 17 809
32.6991 0 17 813
32.7489 0 17 808
32.7996 0 17 803
32.848 0 17 802
32.8967 0 17 800
32.948 0 17 797
32.9984 0 17 798
33.0496 0 17 801
33.0978 0 17 804
33.1499 0 17 803
33.2 0 17 795
33.2492 0 17 802
33.2991 0 17 803
33.3499 0 17 800
33.3997 0 17 797
33.4492 0 17 801
33.4997 0 17 805
33.5491 0 17 807
33.5991 0 17 806
33.6498 0 17 806
33.7 0 17 807
33.7477 0 17 806
33.7994 0 17 805
33.8481 0 17 808
33.895 0 17 806
33.9492 0 17 804
33.9985 0 17 801
34.0478 0 17 806
34.099 0 17 802
34.1483 0 17 802
34.1997 0 17 803
34.2499 0 17 803
34.3 0 17 796
34.3488 0 17 794
34.3987 0 17 794
34.4483 0 17 793
34.4995 0 17 796
34.5465 0 17 795
34.599 0 17 797
34.6477 0 17 800
34.6997 0 17 796
34.7476 0 17 798
34.7999 0 17 804
34.8483 0 17 806
34.8992 0 17 804
34.9499 0 17 805
34.9999 0 17 806
35.0497 0 17 805
35.0998 0 17 808
35.1496 0 17 803
35.1994 0 17 800
35.2498 0 17 801
35.2991 0 17 801
35.3469 0 17 803
35.3987 0 17 806
35.4491 0 17 812
35.4998 0 17 812
35.5451 0 17 814
35.6 0 17 814
35.6437 0 17 816
35.6977 0 17 817
35.7493 0 17 817
35.7974 0 17 822
35.8495 0 17 820
35.8996 0 17 812
35.9494 0 17 811
35.9988 0 17 812
36.0485 0 17 811
36.0996 0 17 814
36.1498 0 17 817
36.1982 0 17 812
36.2495 0 17 810
36.2997 0 17 810
36.3496 0 17 809
36.399 0 17 810
36.4468 0 17 809
36.4997 0 17 811
36.549 0 17 807
36.5992 0 17 804
36.6462 0 17 801
36.6961 0 17 796
36.7483 0 17 796
36.7993 0 17 802
36.8486 0 17 807
36.8998 0 17 807
36.95 0 17 810
36.9993 0 17 810
37.0496 0 17 810
37.0975 0 17 810
37.1497 0 17 813
37.1991 0 17 808
37.248 0 17 808
37.2993 0 17 812
37.3471 0 17 813
37.3992 0 17 808
37.4476 0 17 813
37.4998 0 17 812
37.55 0 17 814
37.5984 0 17 812
37.6468 0 17 810
37.698 0 17 816
37.7495 0 17 813
37.7991 0 17 812
37.8495 0 17 808
37.8995 0 17 807
37.9463 0 17 808
37.9994 0 17 810
38.05 0 17 805
38.0989 0 17 803
38.1495 0 17 805
38.1991 0 17 802
38.2475 0 17 799
38.2999 0 17 802
38.3484 0 17 806
38.3989 0 17 805
38.4496 0 17 805
38.4987 0 17 803
38.5497 0 17 806
38.599 0 17 806
38.6491 0 17 805
38.6999 0 17 808
38.7495 0 17 807
38.7998 0 17 805
38.8486 0 17 806
38.8996 0 17 799
38.9499 0 17 797
38.9997 0 17 795
39.0498 0 17 793
39.0944 0 17 793
39.1481 0 17 792
39.1998 0 17 794
39.2497 0 17 788
39.2987 0 17 792
39.3492 0 17 789
39.3979 0 17 792
39.4496 0 17 791
39.4981 0 17 796
39.549 0 17 796
39.5987 0 17 799
39.6497 0 17 796
39.6993 0 17 796
39.7493 0 17 792
39.7967 0 17 795
39.8498 0 17 803
39.8993 0 17 797
39.9461 0 17 797
39.9992 0 17 800
40.0478 0 17 801
40.0992 0 17 800
40.1471 0 17 805
40.199 0 17 801
40.2499 0 17 801
40.2997 0 17 803
40.3476 0 17 801
40.3994 0 17 801
40.4492 0 17 801
40.4994 0 17 806
40.5499 0 17 804
40.5961 0 17 803
40.6493 0 17 806
40.6988 0 17 805
40.7487 0 17 805
40.7984 0 17 808
40.8497 0 17 810
40.8981 0 17 808
40.9475 0 17 802
40.9997 0 17 803
41.0496 0 17 802
41.099 0 17 801
41.1496 0 17 799
41.1986 0 17 796
41.2499 0 17 797
41.2995 0 17 795
41.3483 0 17 797
41.3994 0 17 798
41.4499 0 17 798
41.4998 0 17 797
41.5498 0 17 799
41.6 0 17 803
41.6497 0 17 806
41.6998 0 17 804
41.7494 0 17 803
41.799 0 17 802
41.8498 0 17 806
41.8996 0 17 806
41.9495 0 17 810
41.9993 0 17 810
42.048 0 17 806
42.0991 0 17 819
42.148 0 17 818
42.1993 0 17 821
42.2493 0 17 824
42.3 0 17 829
42.3477 0 17 825
42.3976 0 17 823
42.4495 0 17 820
42.4993 0 17 821
42.5491 0 17 816
42.5986 0 17 821
42.6494 0 17 818
42.6994 0 17 814
42.7482 0 17 812
42.7996 0 17 809
42.848 0 17 816
42.8985 0 17 819
42.9498 0 17 812
42.9996 0 17 810
43.0489 0 17 809
43.0998 0 17 813
43.1465 0 17 814
43.1991 0 17 813
43.249 0 17 811
43.2998 0 17 816
43.3498 0 17 807
43.3997 0 17 811
43.4482 0 17 813
43.4978 0 17 813
43.5494 0 17 819
43.5974 0 17 811
43.6475 0 17 810
43.6997 0 17 813
43.7484 0 17 812
43.7992 0 17 809
43.85 0 17 804
43.8999 0 17 806
43.9493 0 17 810
43.9989 0 17 808
44.0487 0 17 803
44.0993 0 17 806
44.1495 0 17 801
44.1983 0 17 801
44.2492 0 17 802
44.2999 0 17 796
44.3477 0 17 797
44.3994 0 17 799
44.4492 0 17 786
44.4995 0 17 787
44.5493 0 17 785
44.5997 0 17 789
44.6498 0 17 790
44.6988 0 17 785
44.7471 0 17 789
44.7987 0 17 790
44.8487 0 17 796
44.899 0 17 798
44.9466 0 17 798
44.9997 0 17 796
45.0486 0 17 796
45.0993 0 17 796
45.1494 0 17 800
45.1994 0 17 801
45.2493 0 17 799
45.2984 0 17 797
45.3486 0 17 799
45.4 0 17 797
45.4479 0 17 792
45.4995 0 17 794
45.5499 0 17 799
45.5973 0 17 796
45.6484 0 17 795
45.6997 0 17 788
45.7498 0 17 780
45.7985 0 17 780
45.8493 0 17 780
45.8993 0 17 779
45.9494 0 17 780
45.9996 0 17 788
46.05 0 17 782
46.099 0 17 782
46.1498 0 17 784
46.1969 0 17 783
46.2489 0 17 787
46.2997 0 17 784
46.3482 0 17 784
46.398 0 17 779
46.4494 0 17 782
46.4975 0 17 782
46.5496 0 17 783
46.5994 0 17 786
46.6499 0 17 786
46.6997 0 17 783
46.7499 0 17 785
46.7999 0 17 783
46.8473 0 17 784
46.8995 0 17 783
46.9478 0 17 787
46.9998 0 17 789
47.0477 0 17 787
47.0985 0 17 786
47.1497 0 17 778
47.1998 0 17 783
47.2492 0 17 785
47.2999 0 17 789
47.3477 0 17 795
47.3994 0 17 798
47.4494 0 17 793
47.4993 0 17 793
47.5497 0 17 797
47.5988 0 17 797
47.6482 0 17 799
47.6974 0 17 795
47.7485 0 17 795
47.7995 0 17 797
47.8499 0 17 800
47.9 0 17 803
47.9498 0 17 801
47.9998 0 17 801
48.05 0 17 800
48.1 0 17 799
48.1469 0 17 799
48.198 0 17 798
48.25 0 17 802
48.2994 0 17 795
48.3494 0 17 792
48.3999 0 17 794
48.4499 0 17 790
48.4958 0 17 795
48.5488 0 17 799
48.5996 0 17 800
48.6473 0 17 797
48.6992 0 17 799
48.7494 0 17 800
48.7998 0 17 803
48.8487 0 17 804
48.8996 0 17 807
48.9491 0 17 804
48.9993 0 17 810
49.0477 0 17 807
49.0999 0 17 803
49.1498 0 17 803
49.1983 0 17 800
49.2496 0 17 800
49.2989 0 17 798
49.3499 0 17 803
49.4 0 17 804
49.449 0 17 810
49.4987 0 17 809
49.5448 0 17 810
49.5988 0 17 810
49.6484 0 17 806
49.6992 0 17 805
49.7489 0 17 810
49.7993 0 17 810
49.8488 0 17 809
49.8989 0 17 809
49.9482 0 17 807
49.9978 0 17 811
50.0026 0 17 811
