0.0490271 989 1 18
0.0998604 977 1 32
0.149929 968 1 47
0.199878 963 2 60
0.249848 952 4 70
0.299933 949 8 75
0.34957 940 11 82
0.399982 937 15 93
0.449597 931 19 99
0.499987 923 20 112
0.55 912 28 127
0.599807 905 33 141
0.649668 897 35 150
0.699911 890 39 157
0.749724 885 44 161
0.799859 880 49 166
0.84949 878 50 174
0.899435 873 50 176
0.949444 867 51 183
0.999306 865 55 191
1.04988 858 55 200
1.1 851 55 202
1.14922 845 62 207
1.19981 840 59 214
1.25 840 65 220
1.29996 836 71 222
1.34993 832 75 227
1.39996 825 79 232
1.44963 821 86 233
1.49971 821 93 238
1.54995 817 100 248
1.5999 810 105 252
1.64982 809 110 255
1.69975 802 116 259
1.74987 798 119 262
1.79987 793 121 266
1.84989 788 127 272
1.89992 781 134 275
1.94998 776 138 273
1.99985 775 147 285
2.04953 770 148 292
2.0996 769 151 294
2.1499 766 156 300
2.19978 760 164 303
2.24985 753 170 312
2.29956 750 177 310
2.34961 745 180 312
2.39981 742 183 322
2.44996 734 184 330
2.49894 732 185 330
2.54957 729 191 332
2.5999 726 201 336
2.64986 723 204 334
2.6997 718 209 338
2.74991 712 215 344
2.79978 705 220 346
2.84993 700 228 346
2.89976 694 228 346
2.94989 690 236 355
2.99998 685 239 356
3.04958 675 242 359
3.09973 673 247 363
3.14983 666 256 358
3.19947 662 264 355
3.24998 653 263 350
3.29985 649 268 353
3.35 638 272 352
3.39981 634 277 353
3.44895 631 278 357
3.49987 626 286 364
3.54997 623 283 372
3.59971 622 284 372
3.64996 618 286 371
3.69931 616 291 371
3.74976 609 302 378
3.79997 609 302 374
3.84994 605 313 384
3.89962 599 318 383
3.94984 596 320 385
3.99982 592 316 394
4.04986 588 316 402
4.09992 583 322 409
4.14974 581 329 416
4.1999 576 327 418
4.24997 572 331 415
4.2998 565 331 420
4.34969 559 338 419
4.3981 557 342 424
4.4499 554 345 432
4.49986 551 348 431
4.54986 548 354 433
4.59988 547 358 437
4.64969 540 358 439
4.69962 534 359 441
4.74963 530 363 441
4.79969 522 368 449
4.84994 515 366 455
4.89949 514 372 453
4.94964 511 375 454
4.99984 510 373 459
5.04975 508 376 459
5.09972 505 373 457
5.14992 502 378 455
5.19972 500 381 461
5.25 495 380 465
5.29987 489 388 469
5.34932 487 387 470
5.39991 481 387 469
5.44995 480 385 471
5.49917 476 386 479
5.54999 473 387 487
5.59987 470 390 487
5.64989 467 393 491
5.69981 466 395 493
5.74905 463 393 494
5.79985 462 394 496
5.84962 461 399 497
5.89962 457 396 494
5.9499 454 396 496
5.99996 451 396 499
6.04929 447 399 503
6.09997 445 398 503
6.14999 440 395 506
6.19997 439 396 505
6.24882 436 399 507
6.29995 433 399 509
6.34857 430 403 512
6.39978 426 403 516
6.44998 422 405 518
6.4993 421 409 518
6.54986 417 412 519
6.59916 413 413 523
6.64976 411 413 528
6.69928 409 414 533
6.74966 406 414 536
6.7999 402 415 542
6.8498 398 416 545
6.89987 395 415 554
6.94979 393 418 556
6.9998 390 418 557
7.04915 386 415 557
7.09952 384 417 557
7.14953 382 419 563
7.19999 377 417 572
7.24922 375 413 570
7.29999 372 414 575
7.34993 369 412 581
7.39989 367 414 580
7.44939 364 417 584
7.49987 363 415 587
7.54986 359 412 587
7.59839 356 412 590
7.64967 354 411 590
7.69782 350 411 597
7.74991 349 405 597
7.79951 348 403 596
7.84976 346 400 594
7.89994 343 399 602
7.94817 341 401 603
7.99997 340 398 604
8.04996 340 402 616
8.09951 336 406 610
8.14964 332 405 614
8.1995 328 409 617
8.24955 326 410 613
8.29994 321 410 612
8.3496 316 409 613
8.39987 315 408 620
8.44948 312 406 621
8.49963 309 404 622
8.54976 306 405 619
8.59938 305 398 620
8.64785 303 396 622
8.7 300 395 631
8.74917 298 392 632
8.79976 297 389 636
8.84978 294 393 643
8.89982 290 393 643
8.94924 286 391 646
8.99907 284 389 646
9.0499 282 385 654
9.09979 281 385 652
9.14973 278 382 656
9.19913 274 381 658
9.24968 272 381 660
9.29988 271 378 659
9.34978 267 377 656
9.39982 266 375 656
9.44932 264 374 660
9.49999 262 371 660
9.54965 259 366 662
9.59992 257 366 666
9.64958 254 365 672
9.6998 252 361 674
9.74929 251 359 675
9.79983 248 360 687
9.84964 248 358 695
9.89952 246 354 696
9.94998 244 352 702
9.99915 241 348 703
10.0495 240 344 710
10.0987 234 345 709
10.15 233 345 708
10.1999 231 339 711
10.2491 230 336 718
10.2997 227 336 724
10.3496 223 331 717
10.4 220 327 720
10.4498 216 324 722
10.4996 213 318 725
10.5499 209 316 728
10.5998 207 312 725
10.6493 205 308 728
10.6997 203 306 728
10.7497 199 302 730
10.7999 197 302 732
10.8499 195 301 734
10.8999 193 299 737
10.9499 192 298 737
10.9993 190 296 741
11.0496 189 292 746
11.0965 187 291 746
11.1499 181 288 746
11.1996 179 287 749
11.2497 177 285 747
11.2989 175 282 747
11.3494 173 280 743
11.3998 171 278 747
11.4499 170 274 746
11.4998 170 273 742
11.5488 165 271 745
11.5997 163 267 749
11.65 158 266 752
11.6994 155 264 753
11.7498 155 263 750
11.7999 155 263 749
11.8498 154 260 753
11.8999 152 259 760
11.9497 149 258 761
11.999 147 257 768
12.0496 145 257 765
12.0998 144 253 758
12.1495 144 252 758
12.1998 142 247 761
12.2495 139 246 761
12.2995 137 246 764
12.3494 135 243 762
12.3997 133 242 767
12.4495 129 240 773
12.4996 129 237 775
12.5481 127 236 777
12.5997 121 233 780
12.6498 119 235 785
12.6997 119 232 787
12.7496 118 229 788
12.7998 117 229 791
12.8497 117 228 785
12.8995 114 221 786
12.9499 111 220 788
13 107 219 786
13.0499 106 216 787
13.0999 105 211 788
13.1494 104 207 792
13.199 104 205 788
13.2492 102 203 788
13.2985 100 201 786
13.3499 94 200 790
13.3998 94 198 797
13.4484 92 197 796
13.4983 91 195 794
13.5496 90 195 794
13.5995 89 195 793
13.6491 89 194 792
13.6999 87 191 796
13.7491 87 188 797
13.7997 87 185 801
13.8494 87 181 797
13.899 84 180 798
13.95 83 178 801
13.9995 82 176 796
14.0499 80 174 797
14.0986 79 171 797
14.1494 78 169 799
14.1996 76 166 804
14.2497 74 164 800
14.2999 73 163 797
14.3499 72 163 799
14.3996 72 161 799
14.4499 69 158 799
14.4996 69 156 796
14.55 67 153 798
14.5998 67 151 794
14.6499 67 150 793
14.6992 66 148 791
14.7498 64 148 789
14.8 63 144 790
14.8499 61 141 786
14.8996 59 140 788
14.9493 59 137 789
14.9997 58 133 784
15.0497 57 133 786
15.0997 55 132 791
15.1499 54 128 790
15.1999 53 124 790
15.2492 48 122 790
15.3 48 121 791
15.3499 46 121 790
15.3986 46 121 782
15.4485 45 120 786
15.4996 45 120 794
15.5491 45 117 789
15.5994 44 116 788
15.6497 43 115 786
15.7 41 113 786
15.7494 40 113 789
15.7999 39 111 794
15.8498 39 110 790
15.8997 39 109 788
15.9496 38 106 788
15.9999 38 106 787
16.0499 37 104 790
16.1 37 104 786
16.1496 33 100 784
16.1984 32 100 792
16.2487 30 99 797
16.2993 30 93 802
16.3497 30 90 803
16.3997 29 90 801
16.4483 26 89 800
16.4995 26 86 802
16.5496 25 84 803
16.6 25 83 804
16.6496 24 81 805
16.6999 24 81 802
16.7498 23 80 806
16.7998 22 79 806
16.8465 21 78 804
16.8999 21 78 803
16.9497 21 78 805
17 18 76 807
17.05 17 75 805
17.0997 16 73 805
17.15 15 72 808
17.1998 14 70 810
17.2499 14 69 812
17.2992 11 67 810
17.3498 10 65 810
17.4 9 63 812
17.4499 9 63 814
17.4994 8 63 807
17.5495 8 61 804
17.5996 8 61 802
17.6492 8 59 799
17.6997 7 59 798
17.7498 7 59 803
17.7992 7 56 802
17.8486 6 56 804
17.8992 6 55 812
17.9493 6 55 813
17.9999 6 55 810
18.0499 5 53 806
18.0998 5 51 807
18.1498 4 51 806
18.1998 4 50 805
18.2499 4 48 804
18.2998 3 47 804
18.3498 3 45 806
18.4 3 43 803
18.4495 2 41 805
18.4993 1 40 805
18.5499 1 38 806
18.5991 1 38 811
18.6489 1 36 814
18.6993 1 32 814
18.75 1 32 810
18.7994 0 32 808
18.8493 0 32 803
18.8997 0 32 804
18.9488 0 32 803
18.9998 0 32 806
19.0494 0 32 805
19.0993 0 32 797
19.1477 0 31 799
19.1993 0 30 803
19.2499 0 30 803
19.2998 0 30 803
19.3497 0 30 800
19.3994 0 29 801
19.4488 0 29 802
19.4997 0 29 800
19.5483 0 29 798
19.5989 0 28 798
19.6477 0 28 797
19.6991 0 28 793
19.7496 0 27 795
19.7986 0 26 793
19.8482 0 26 798
19.8997 0 26 801
19.9479 0 26 794
19.9994 0 26 794
20.0499 0 26 792
20.0999 0 24 790
20.1492 0 24 789
20.1999 0 24 791
20.2489 0 24 792
20.2991 0 24 790
20.3497 0 24 791
20.3988 0 24 789
20.4494 0 24 794
20.4961 0 22 797
20.5499 0 22 800
20.599 0 22 795
20.6499 0 22 796
20.698 0 22 791
20.7495 0 22 799
20.7994 0 22 801
20.8488 0 22 805
20.8999 0 22 799
20.9485 0 22 798
20.9991 0 22 797
21.0486 0 22 801
21.0993 0 22 803
21.1496 0 22 807
21.1982 0 22 808
21.2498 0 22 810
21.2986 0 22 810
21.3498 0 22 813
21.3992 0 22 811
21.4489 0 22 810
21.499 0 22 805
21.5499 0 22 807
21.5997 0 22 810
21.6493 0 22 807
21.6986 0 22 810
21.7499 0 22 805
21.7995 0 22 803
21.8495 0 22 801
21.897 0 22 796
21.9496 0 22 793
21.9991 0 22 789
22.0494 0 22 783
22.0996 0 22 784
22.1459 0 22 788
22.1998 0 22 789
22.2498 0 22 790
22.2958 0 22 791
22.3494 0 22 785
22.3998 0 22 789
22.4465 0 22 796
22.4994 0 22 795
22.5459 0 22 794
22.599 0 22 799
22.6498 0 22 803
22.6993 0 22 803
22.7489 0 22 806
22.7984 0 22 810
22.8487 0 22 810
22.8998 0 22 804
22.9488 0 22 804
22.9995 0 22 803
23.0483 0 22 807
23.0999 0 22 805
23.1498 0 22 807
23.1996 0 22 808
23.2487 0 22 808
23.2999 0 22 804
23.3492 0 22 800
23.3986 0 22 797
23.4493 0 22 799
23.499 0 22 802
23.5478 0 22 802
23.5974 0 22 800
23.6495 0 22 800
23.6998 0 22 797
23.7494 0 22 794
23.7978 0 22 794
23.8487 0 22 792
23.8986 0 22 795
23.9489 0 22 791
23.9996 0 22 798
24.0479 0 22 797
24.0994 0 22 796
24.149 0 22 796
24.198 0 22 794
24.2497 0 22 797
24.2997 0 22 794
24.3485 0 22 794
24.4 0 22 791
24.4499 0 22 795
24.4991 0 22 799
24.5488 0 22 800
24.5985 0 22 800
24.6484 0 22 803
24.6992 0 22 800
24.7494 0 22 799
24.7991 0 22 792
24.8497 0 22 792
24.8996 0 22 792
24.9492 0 22 795
24.9998 0 22 802
25.0482 0 22 801
25.0994 0 22 802
25.1499 0 22 804
25.1981 0 22 806
25.2497 0 22 804
25.2992 0 22 803
25.3482 0 22 801
25.3995 0 22 799
25.4496 0 22 794
25.4966 0 22 794
25.5498 0 22 794
25.598 0 22 794
25.6492 0 22 794
25.6999 0 22 794
25.7483 0 22 794
25.7988 0 22 792
25.8443 0 22 794
25.8976 0 22 797
25.9498 0 22 796
26 0 22 797
26.0494 0 22 799
26.0999 0 22 802
26.145 0 22 802
26.1972 0 22 799
26.2489 0 22 800
26.2991 0 22 800
26.3496 0 22 803
26.3992 0 22 805
26.449 0 22 805
26.4974 0 22 805
26.5497 0 22 805
26.6 0 22 810
26.6488 0 22 808
26.698 0 22 811
26.7495 0 22 810
26.7977 0 22 808
26.8492 0 22 811
26.8996 0 22 809
26.9474 0 22 810
26.9997 0 22 813
27.0488 0 22 813
27.0995 0 22 812
27.1458 0 22 815
27.1984 0 22 814
27.249 0 22 815
27.2995 0 22 813
27.3496 0 22 811
27.3975 0 22 814
27.448 0 22 819
27.4996 0 22 820
27.5494 0 22 817
27.5992 0 22 816
27.6497 0 22 813
27.6998 0 22 811
27.7479 0 22 816
27.7993 0 22 815
27.8484 0 22 814
27.8998 0 22 804
27.9481 0 22 806
27.9997 0 22 810
28.0499 0 22 805
28.0993 0 22 802
28.1493 0 22 803
28.2 0 22 805
28.25 0 22 799
28.2996 0 22 801
28.3499 0 22 799
28.3992 0 22 801
28.4499 0 22 801
28.4992 0 22 801
28.547 0 22 801
28.6 0 22 801
28.6498 0 22 801
28.6998 0 22 800
28.7475 0 22 794
28.7988 0 22 795
28.8493 0 22 798
28.8992 0 22 798
28.9492 0 22 804
28.9999 0 22 804
29.0491 0 22 804
29.1 0 22 802
29.1491 0 22 798
29.1989 0 22 800
29.25 0 22 801
29.2999 0 22 802
29.3492 0 22 803
29.3987 0 22 804
29.447 0 22 802
29.4953 0 22 809
29.5494 0 22 815
29.5988 0 22 811
29.6467 0 22 811
29.698 0 22 809
29.7499 0 22 808
29.7988 0 22 807
29.8495 0 22 810
29.8998 0 22 804
29.9469 0 22 799
29.9971 0 22 801
30.0497 0 22 804
30.0983 0 22 806
30.15 0 22 803
30.1996 0 22 803
30.249 0 22 804
30.2997 0 22 806
30.3489 0 22 807
30.3993 0 22 803
30.4495 0 22 802
30.4986 0 22 800
30.5491 0 22 805
30.6 0 22 802
30.6488 0 22 799
30.6991 0 22 796
30.7484 0 22 794
30.7977 0 22 791
30.8493 0 22 791
30.8994 0 22 791
30.9496 0 22 791
30.998 0 22 790
31.0497 0 22 793
31.0992 0 22 791
31.1459 0 22 789
31.1997 0 22 787
31.2486 0 22 792
31.2978 0 22 801
31.3494 0 22 800
31.3992 0 22 800
31.4498 0 22 802
31.4998 0 22 796
31.55 0 22 797
31.5992 0 22 800
31.65 0 22 800
31.6983 0 22 802
31.7447 0 22 796
31.7998 0 22 798
31.8449 0 22 802
31.8997 0 22 799
31.9498 0 22 802
31.9983 0 22 798
32.048 0 22 802
32.0993 0 22 801
32.1496 0 22 798
32.1983 0 22 803
32.2485 0 22 802
32.2998 0 22 797
32.3486 0 22 801
32.3991 0 22 801
32.4493 0 22 803
32.4998 0 22 804
32.5497 0 22 799
32.5997 0 22 798
32.6484 0 22 796
32.6994 0 22 797
32.7495 0 22 800
32.7975 0 22 799
32.8499 0 22 797
32.8995 0 22 795
32.9485 0 22 793
32.9989 0 22 795
33.0499 0 22 794
33.0982 0 22 790
33.1495 0 22 784
33.1994 0 22 792
33.2499 0 22 792
33.2993 0 22 791
33.3494 0 22 793
33.3995 0 22 794
33.4493 0 22 793
33.5 0 22 793
33.5494 0 22 790
33.5989 0 22 794
33.6499 0 22 791
33.6998 0 22 790
33.7484 0 22 791
33.7987 0 22 788
33.8498 0 22 787
33.8977 0 22 783
33.9493 0 22 790
33.9982 0 22 790
34.048 0 22 788
34.0997 0 22 789
34.1494 0 22 786
34.197 0 22 784
34.2496 0 22 784
34.2992 0 22 778
34.3497 0 22 782
34.3987 0 22 784
34.4499 0 22 791
34.4982 0 22 790
34.5479 0 22 790
34.5999 0 22 789
34.6494 0 22 793
34.7 0 22 799
34.7474 0 22 796
34.7987 0 22 803
34.8495 0 22 802
34.8997 0 22 807
34.9498 0 22 808
34.9997 0 22 806
35.0497 0 22 808
35.0991 0 22 805
35.1498 0 22 808
35.1976 0 22 808
35.2479 0 22 807
35.2994 0 22 805
35.3492 0 22 803
35.3995 0 22 805
35.4472 0 22 807
35.4963 0 22 805
35.5482 0 22 800
35.598 0 22 794
35.6495 0 22 794
35.6997 0 22 794
35.7494 0 22 795
35.7994 0 22 790
35.8487 0 22 791
35.8995 0 22 793
35.9484 0 22 797
35.9993 0 22 800
36.0493 0 22 802
36.0987 0 22 798
36.1485 0 22 798
36.1996 0 22 795
36.2494 0 22 794
36.2975 0 22 793
36.3496 0 22 796
36.3997 0 22 795
36.4484 0 22 799
36.4976 0 22 802
36.5447 0 22 803
36.5968 0 22 807
36.6489 0 22 809
36.6984 0 22 807
36.7498 0 22 808
36.7987 0 22 810
36.8492 0 22 808
36.8978 0 22 810
36.9499 0 22 806
36.9963 0 22 808
37.0494 0 22 803
37.0999 0 22 803
37.148 0 22 803
37.1985 0 22 802
37.2497 0 22 807
37.299 0 22 809
37.3497 0 22 810
37.3983 0 22 808
37.4499 0 22 806
37.499 0 22 809
37.55 0 22 812
37.5988 0 22 813
37.6493 0 22 814
37.6969 0 22 816
37.7485 0 22 816
37.7999 0 22 813
37.8488 0 22 813
37.8991 0 22 811
37.9488 0 22 810
38 0 22 811
38.0483 0 22 807
38.098 0 22 805
38.1498 0 22 798
38.1993 0 22 800
38.2493 0 22 802
38.2991 0 22 801
38.3489 0 22 803
38.3999 0 22 802
38.4492 0 22 803
38.4998 0 22 805
38.5491 0 22 805
38.5996 0 22 806
38.6488 0 22 810
38.6995 0 22 816
38.7484 0 22 818
38.7998 0 22 818
38.8493 0 22 819
38.8999 0 22 818
38.9487 0 22 812
38.9968 0 22 812
39.0497 0 22 814
39.0996 0 22 812
39.1481 0 22 814
39.1957 0 22 815
39.2498 0 22 816
39.3 0 22 814
39.3481 0 22 812
39.3999 0 22 810
39.4498 0 22 810
39.4997 0 22 811
39.5494 0 22 816
39.5997 0 22 819
39.6491 0 22 818
39.6977 0 22 806
39.7498 0 22 799
39.7998 0 22 797
39.85 0 22 793
39.8994 0 22 793
39.9486 0 22 789
39.9983 0 22 791
40.0465 0 22 795
40.0973 0 22 799
40.1493 0 22 795
40.1998 0 22 798
40.249 0 22 792
40.2953 0 22 791
40.3474 0 22 789
40.3996 0 22 790
40.4499 0 22 788
40.4995 0 22 786
40.5499 0 22 784
40.5999 0 22 783
40.6497 0 22 784
40.699 0 22 784
40.7472 0 22 783
40.7997 0 22 782
40.8497 0 22 784
40.9 0 22 787
40.9498 0 22 784
40.9992 0 22 783
41.0495 0 22 786
41.0993 0 22 788
41.1495 0 22 785
41.1988 0 22 783
41.2498 0 22 782
41.2987 0 22 786
41.3493 0 22 791
41.3997 0 22 794
41.4485 0 22 792
41.4996 0 22 791
41.5493 0 22 789
41.5982 0 22 790
41.6497 0 22 791
41.6981 0 22 793
41.75 0 22 793
41.7996 0 22 793
41.85 0 22 782
41.8997 0 22 784
41.9486 0 22 785
41.9998 0 22 788
42.0496 0 22 790
42.098 0 22 788
42.1487 0 22 787
42.1972 0 22 784
42.25 0 22 788
42.299 0 22 789
42.3492 0 22 788
42.399 0 22 786
42.4498 0 22 786
42.4975 0 22 787
42.5495 0 22 785
42.5999 0 22 787
42.6499 0 22 788
42.6994 0 22 781
42.7463 0 22 782
42.7993 0 22 781
42.8476 0 22 780
42.8987 0 22 786
42.9489 0 22 786
42.9999 0 22 785
43.0499 0 22 791
43.0981 0 22 796
43.1496 0 22 795
43.1995 0 22 800
43.2497 0 22 797
43.2982 0 22 797
43.3496 0 22 797
43.3986 0 22 797
43.4487 0 22 802
43.4994 0 22 796
43.5491 0 22 795
43.5999 0 22 803
43.6496 0 22 804
43.6996 0 22 802
43.7498 0 22 801
43.7991 0 22 799
43.8493 0 22 800
43.8977 0 22 797
43.9464 0 22 804
43.9983 0 22 803
44.0499 0 22 804
44.0995 0 22 806
44.1483 0 22 806
44.1998 0 22 807
44.2483 0 22 800
44.299 0 22 796
44.3493 0 22 794
44.3993 0 22 793
44.4457 0 22 791
44.4998 0 22 792
44.5485 0 22 793
44.5993 0 22 793
44.6472 0 22 793
44.6998 0 22 794
44.7484 0 22 792
44.7997 0 22 792
44.8437 0 22 790
44.8992 0 22 790
44.949 0 22 795
44.9996 0 22 794
45.0487 0 22 796
45.0982 0 22 800
45.1484 0 22 803
45.1994 0 22 800
45.25 0 22 802
45.2987 0 22 805
45.3468 0 22 803
45.3997 0 22 799
45.4488 0 22 801
45.4987 0 22 798
45.5483 0 22 800
45.5996 0 22 800
45.6495 0 22 803
45.6988 0 22 804
45.7497 0 22 806
45.7999 0 22 804
45.8495 0 22 802
45.9 0 22 801
45.9441 0 22 795
45.9994 0 22 794
46.0494 0 22 792
46.0984 0 22 799
46.1497 0 22 793
46.2 0 22 790
46.2486 0 22 790
46.2995 0 22 786
46.3498 0 22 788
46.3992 0 22 791
46.4454 0 22 790
46.4998 0 22 790
46.5463 0 22 790
46.5967 0 22 791
46.6495 0 22 794
46.6987 0 22 803
46.7495 0 22 801
46.7983 0 22 799
46.8498 0 22 792
46.8991 0 22 794
46.9483 0 22 791
46.9991 0 22 793
47.0479 0 22 790
47.0992 0 22 792
47.147 0 22 793
47.1987 0 22 792
47.25 0 22 789
47.2981 0 22 787
47.3498 0 22 784
47.3994 0 22 783
47.4491 0 22 786
47.5 0 22 790
47.55 0 22 788
47.5993 0 22 789
47.6499 0 22 791
47.6999 0 22 793
47.7461 0 22 796
47.7998 0 22 795
47.8487 0 22 792
47.8999 0 22 789
47.9496 0 22 792
47.9992 0 22 789
48.0496 0 22 790
48.0999 0 22 795
48.1497 0 22 796
48.1976 0 22 795
48.2482 0 22 797
48.299 0 22 796
48.3492 0 22 795
48.3987 0 22 797
48.4499 0 22 802
48.4993 0 22 803
48.549 0 22 802
48.5989 0 22 799
48.6466 0 22 797
48.6993 0 22 796
48.7467 0 22 798
48.7999 0 22 796
48.8494 0 22 795
48.8997 0 22 797
48.9496 0 22 791
48.9937 0 22 793
49.0457 0 22 791
49.0962 0 22 795
49.1491 0 22 790
49.1999 0 22 789
49.2498 0 22 792
49.2977 0 22 790
49.35 0 22 792
49.3999 0 22 795
49.4499 0 22 795
49.4995 0 22 795
49.5465 0 22 792
49.5996 0 22 794
49.6496 0 22 799
49.6994 0 22 798
49.7498 0 22 794
49.7995 0 22 793
49.8498 0 22 796
49.8994 0 22 795
49.9496 0 22 798
49.9996 0 22 797
50.0004 0 22 797
