0.0499671 993 3 11
0.09978 986 5 32
0.149674 976 6 43
0.199466 969 9 57
0.249373 952 12 65
0.299782 943 12 83
0.349995 941 14 92
0.399698 929 16 103
0.449806 919 23 112
0.49977 914 24 125
0.54992 908 28 137
0.599913 902 36 143
0.649337 896 43 153
0.699762 889 46 159
0.749917 887 50 167
0.79983 883 51 171
0.849894 878 59 181
0.899752 872 60 190
0.949944 863 64 199
0.999405 858 68 204
1.04988 857 71 216
1.09991 851 74 217
1.14988 846 79 223
1.19994 836 85 223
1.24995 831 88 225
1.29981 823 86 235
1.34997 820 91 242
1.39999 817 98 245
1.44988 815 101 246
1.49976 809 105 255
1.54999 806 112 260
1.59987 801 120 267
1.64985 798 131 273
1.69972 789 135 278
1.7496 787 141 279
1.79983 783 146 280
1.84995 782 152 286
1.89999 778 156 288
1.94951 773 158 292
1.99988 769 160 293
2.04992 766 165 293
2.09951 762 168 300
2.14983 758 174 305
2.19988 753 182 306
2.2499 750 186 306
2.29953 743 191 309
2.34982 739 196 317
2.39984 734 200 321
2.44979 730 201 326
2.49997 728 208 329
2.54978 721 211 332
2.5999 719 213 331
2.6498 715 218 325
2.69988 708 226 331
2.7498 705 233 335
2.8 699 238 347
2.8499 693 246 347
2.89945 692 254 343
2.94958 688 257 353
2.99992 683 265 355
3.04996 678 267 359
3.09983 673 269 357
3.14997 671 272 360
3.19981 669 275 366
3.25 667 283 367
3.29982 663 292 370
3.34982 655 294 368
3.39953 651 296 365
3.44905 648 303 369
3.4999 645 308 370
3.54985 641 314 366
3.59955 640 321 374
3.64997 635 322 382
3.69988 632 330 385
3.74981 632 332 386
3.79979 629 335 392
3.84994 625 344 390
3.89943 622 351 393
3.94997 618 358 399
3.99912 617 360 399
4.04974 613 359 401
4.09986 609 368 401
4.14975 606 371 399
4.19995 602 376 403
4.24942 597 381 403
4.29906 595 382 403
4.34986 588 382 400
4.39987 582 390 403
4.44943 576 396 405
4.49984 571 396 407
4.54996 568 398 406
4.59971 566 402 410
4.64987 563 405 418
4.69916 559 409 420
4.75 555 417 417
4.79986 548 420 419
4.84895 543 425 420
4.89973 539 425 419
4.94997 531 429 423
4.99994 530 432 425
5.04979 528 433 427
5.0998 523 438 432
5.14883 516 433 437
5.19988 514 432 439
5.24957 510 434 436
5.29993 506 439 441
5.34943 501 442 453
5.39994 497 444 448
5.44998 491 449 448
5.49996 488 450 455
5.5497 484 447 457
5.59994 482 449 455
5.64937 474 448 451
5.69965 471 446 453
5.74983 468 452 464
5.79991 466 453 462
5.8495 459 450 470
5.89942 456 451 474
5.94959 455 450 470
5.99986 452 449 474
6.04966 449 452 475
6.09904 447 453 477
6.14945 444 458 481
6.19997 440 455 484
6.24992 434 453 489
6.2986 431 457 492
6.34951 428 459 493
6.39967 421 459 500
6.44971 417 457 501
6.49933 414 455 501
6.54959 413 455 507
6.59986 408 456 512
6.64943 405 453 522
6.69983 404 453 520
6.74925 400 453 521
6.79998 391 451 527
6.84985 389 448 526
6.89931 387 452 524
6.94981 386 449 531
6.99995 381 450 535
7.04998 381 445 540
7.09912 375 447 538
7.14947 374 452 543
7.19881 370 449 545
7.24934 367 448 546
7.29984 364 452 549
7.34968 359 454 549
7.39969 353 453 555
7.44988 348 447 556
7.49956 347 445 563
7.5497 345 445 560
7.59999 344 445 566
7.6496 342 446 574
7.69983 338 444 581
7.7494 336 440 585
7.79997 332 438 586
7.84991 331 438 583
7.89996 329 436 586
7.94981 327 440 594
7.99968 324 438 594
8.04995 319 435 592
8.0999 317 434 595
8.14945 313 428 602
8.19927 310 426 604
8.24937 308 422 605
8.29974 305 418 612
8.34955 301 417 611
8.39992 297 418 610
8.44996 294 417 616
8.4992 289 419 616
8.54968 288 416 619
8.59969 286 416 623
8.64985 281 414 634
8.69918 277 416 635
8.74966 273 415 641
8.79922 268 416 641
8.84968 264 414 644
8.89987 259 414 648
8.94939 256 409 665
8.99984 254 407 665
9.04886 253 404 663
9.09961 253 400 667
9.14983 250 399 668
9.19929 248 398 672
9.2498 245 398 676
9.29968 242 395 684
9.34997 242 394 685
9.39937 237 394 688
9.44969 233 389 697
9.49997 230 388 700
9.54966 228 388 698
9.59924 227 385 705
9.64982 223 382 707
9.69987 221 382 709
9.74998 220 380 708
9.79944 219 375 709
9.84988 216 373 711
9.89927 211 373 711
9.94965 210 369 715
9.99995 209 366 718
10.0493 207 360 720
10.0995 205 359 724
10.1499 202 356 734
10.1994 199 353 732
10.2498 199 348 739
10.2999 198 346 740
10.349 196 346 737
10.3998 194 346 736
10.45 189 345 743
10.4996 189 343 742
10.5492 187 340 744
10.5996 185 337 748
10.6495 184 335 752
10.6999 182 330 756
10.7496 181 326 755
10.7992 180 324 754
10.8494 177 320 754
10.8999 176 316 758
10.9499 174 314 759
10.9999 173 311 758
11.0492 170 309 760
11.098 169 306 759
11.1498 166 305 761
11.1997 166 304 763
11.2499 165 297 766
11.3 163 295 768
11.3495 160 295 769
11.3998 160 293 771
11.4499 155 288 773
11.4992 154 284 778
11.5493 152 284 776
11.5996 151 279 780
11.649 147 276 781
11.6993 146 273 780
11.7493 145 273 782
11.7999 143 271 779
11.8491 141 267 783
11.8995 138 264 783
11.9497 137 259 785
11.9968 136 257 794
12.0496 132 255 797
12.0988 131 254 795
12.1497 131 254 795
12.1999 127 251 795
12.2497 127 245 796
12.2999 125 245 794
12.3496 122 243 790
12.4 121 242 792
12.4483 117 241 794
12.4996 115 240 796
12.5498 114 240 792
12.5993 111 236 796
12.6493 106 234 791
12.6989 106 231 792
12.7495 105 231 790
12.7997 104 229 790
12.8495 102 228 792
12.8984 100 224 790
12.9496 100 222 795
12.9979 97 219 800
13.0485 94 217 804
13.0998 92 216 808
13.1495 91 214 808
13.1971 87 214 812
13.2499 86 212 813
13.2977 85 211 813
13.3493 84 209 815
13.3993 84 207 814
13.45 80 205 815
13.4987 79 204 816
13.5497 77 202 813
13.5996 76 200 812
13.65 74 198 805
13.7 72 197 804
13.7497 72 194 801
13.7997 72 191 806
13.8495 72 190 805
13.8997 71 188 808
13.9494 71 185 807
13.9999 71 182 804
14.05 71 180 804
14.0992 71 173 802
14.1499 70 172 801
14.1999 70 172 801
14.2499 70 170 800
14.2999 69 168 797
14.3497 68 167 803
14.3992 68 166 802
14.4492 64 165 802
14.4999 63 164 802
14.5497 63 164 801
14.5998 62 164 804
14.6496 60 161 802
14.6997 60 157 804
14.7491 58 154 807
14.7995 58 153 806
14.8497 57 151 807
14.9 57 148 805
14.9498 57 148 808
14.9997 54 148 813
15.0499 51 146 812
15.0989 51 143 812
15.1487 50 141 805
15.199 49 141 806
15.2499 49 140 807
15.2987 49 140 808
15.3487 49 139 808
15.3998 48 139 805
15.4499 47 138 808
15.4998 46 137 803
15.5499 46 137 798
15.5999 46 134 800
15.65 46 133 801
15.6997 45 133 801
15.7493 43 130 798
15.7999 42 127 795
15.85 42 127 795
15.8997 42 126 794
15.9492 42 125 791
15.9991 41 123 790
16.0499 40 120 792
16.0999 40 116 792
16.1493 40 114 785
16.1992 38 110 785
16.25 37 107 788
16.2997 36 105 785
16.3499 35 105 788
16.3993 33 104 785
16.45 31 102 785
16.4989 29 101 788
16.5496 28 101 782
16.6 26 99 782
16.6495 26 98 789
16.6997 24 95 786
16.7491 24 93 792
16.7997 23 91 799
16.8499 23 90 795
16.8985 23 89 802
16.9488 23 88 802
16.9991 22 86 799
17.0496 22 84 799
17.0996 21 83 804
17.1497 21 81 801
17.1998 19 79 804
17.2487 19 78 810
17.2993 16 76 815
17.3498 14 76 816
17.3999 12 74 809
17.4495 11 73 812
17.5 10 73 814
17.55 10 71 813
17.5995 10 71 810
17.6497 10 71 809
17.6998 10 70 809
17.7498 10 69 804
17.7998 9 68 806
17.8493 9 67 802
17.8993 9 62 796
17.95 7 59 802
17.999 6 58 807
18.0499 6 57 810
18.0998 6 57 813
18.1499 5 55 815
18.1992 5 54 813
18.2487 5 52 812
18.2995 2 50 811
18.3499 2 50 817
18.3998 2 49 812
18.4498 2 48 809
18.4999 2 47 813
18.5496 2 46 813
18.5992 2 45 818
18.6495 2 45 820
18.6997 2 44 820
18.7496 2 44 820
18.7998 2 43 806
18.8497 2 41 802
18.9 2 41 803
18.95 2 40 805
18.9998 2 40 801
19.0499 2 40 805
19.0995 1 37 805
19.1485 1 37 805
19.1997 1 37 808
19.2499 1 35 807
19.2995 1 35 808
19.3493 1 35 808
19.3986 1 35 808
19.4488 0 35 803
19.4999 0 35 808
19.5494 0 34 810
19.5974 0 34 812
19.649 0 34 811
19.6992 0 34 807
19.7465 0 34 807
19.8 0 33 809
19.8494 0 32 814
19.8992 0 31 814
19.9487 0 31 812
19.9997 0 31 809
20.0494 0 31 810
20.099 0 31 804
20.1483 0 31 801
20.1997 0 31 798
20.2489 0 31 800
20.2978 0 31 797
20.3499 0 31 796
20.3996 0 31 796
20.4477 0 31 795
20.4966 0 30 796
20.5487 0 30 797
20.5979 0 30 797
20.6493 0 30 793
20.6992 0 30 800
20.7496 0 30 799
20.7988 0 29 801
20.8487 0 29 800
20.898 0 29 795
20.9499 0 29 790
21 0 29 789
21.0492 0 29 791
21.0997 0 29 786
21.15 0 29 786
21.1989 0 29 788
21.2496 0 29 789
21.2998 0 29 790
21.3499 0 29 792
21.3994 0 29 795
21.4493 0 29 790
21.4983 0 29 789
21.5482 0 29 788
21.598 0 29 787
21.6497 0 29 793
21.6978 0 29 794
21.7492 0 29 791
21.7999 0 29 787
21.8494 0 29 787
21.8998 0 29 797
21.9493 0 29 801
21.9982 0 29 797
22.0487 0 29 797
22.0985 0 29 796
22.1498 0 29 793
22.1988 0 29 794
22.2499 0 29 798
22.2992 0 29 794
22.346 0 29 797
22.3998 0 29 801
22.4467 0 29 797
22.4994 0 29 793
22.5468 0 29 788
22.5987 0 29 786
22.6498 0 29 792
22.6997 0 29 790
22.7496 0 29 792
22.7963 0 29 789
22.8491 0 29 791
22.8997 0 29 786
22.9499 0 29 785
22.9974 0 29 792
23.0495 0 29 793
23.0996 0 29 795
23.1497 0 29 801
23.199 0 29 798
23.2492 0 29 801
23.2999 0 29 801
23.3477 0 29 796
23.3992 0 29 795
23.4465 0 29 792
23.4996 0 29 792
23.5497 0 29 795
23.5991 0 29 797
23.6498 0 29 794
23.6995 0 29 793
23.7493 0 29 795
23.7992 0 29 796
23.8468 0 29 795
23.8961 0 29 792
23.9489 0 29 793
23.9974 0 29 795
24.0498 0 29 790
24.0994 0 29 794
24.1497 0 29 796
24.1998 0 29 792
24.2491 0 29 790
24.2998 0 29 789
24.3494 0 29 788
24.3986 0 29 787
24.4485 0 29 780
24.4934 0 29 775
24.5499 0 29 774
24.5983 0 29 776
24.6494 0 29 775
24.6994 0 29 776
24.7496 0 29 779
24.7977 0 29 783
24.8492 0 29 783
24.8994 0 29 783
24.9498 0 29 779
24.9992 0 29 774
25.0486 0 29 777
25.0998 0 29 782
25.1495 0 29 788
25.1977 0 29 787
25.2499 0 29 783
25.2991 0 29 785
25.3499 0 29 783
25.3994 0 29 790
25.4498 0 29 792
25.4995 0 29 792
25.5497 0 29 793
25.6 0 29 791
25.6472 0 29 787
25.6997 0 29 788
25.7494 0 29 793
25.7967 0 29 793
25.8485 0 29 796
25.8999 0 29 793
25.9495 0 29 797
25.9995 0 29 791
26.0492 0 29 793
26.0989 0 29 792
26.1485 0 29 792
26.1955 0 29 792
26.2494 0 29 793
26.2995 0 29 794
26.3493 0 29 795
26.3991 0 29 794
26.4498 0 29 794
26.4983 0 29 797
26.5473 0 29 792
26.5999 0 29 795
26.6488 0 29 792
26.6976 0 29 796
26.7499 0 29 795
26.7984 0 29 795
26.8466 0 29 797
26.8994 0 29 796
26.9492 0 29 798
26.9981 0 29 798
27.0499 0 29 798
27.0988 0 29 798
27.1492 0 29 797
27.1937 0 29 797
27.2489 0 29 802
27.2994 0 29 802
27.3479 0 29 805
27.3971 0 29 803
27.4479 0 29 796
27.4996 0 29 795
27.5498 0 29 799
27.5999 0 29 797
27.6479 0 29 797
27.6986 0 29 803
27.7499 0 29 801
27.7998 0 29 801
27.8487 0 29 797
27.8983 0 29 796
27.95 0 29 798
27.998 0 29 799
28.0496 0 29 793
28.0995 0 29 794
28.1499 0 29 794
28.1987 0 29 793
28.2499 0 29 793
28.2996 0 29 798
28.3468 0 29 795
28.3998 0 29 798
28.4493 0 29 799
28.4981 0 29 800
28.5496 0 29 795
28.5991 0 29 795
28.6495 0 29 795
28.6996 0 29 794
28.7498 0 29 799
28.7998 0 29 803
28.8498 0 29 802
28.8989 0 29 804
28.9497 0 29 809
28.9993 0 29 804
29.0498 0 29 807
29.0998 0 29 807
29.1468 0 29 807
29.1991 0 29 803
29.2495 0 29 803
29.2996 0 29 801
29.3493 0 29 800
29.3989 0 29 803
29.4478 0 29 802
29.4992 0 29 804
29.55 0 29 799
29.5998 0 29 798
29.6494 0 29 797
29.6989 0 29 799
29.7495 0 29 803
29.7993 0 29 805
29.8498 0 29 803
29.8985 0 29 805
29.9488 0 29 807
29.9994 0 29 809
30.0499 0 29 817
30.0999 0 29 814
30.1488 0 29 807
30.1962 0 29 806
30.2497 0 29 802
30.299 0 29 804
30.3468 0 29 806
30.3993 0 29 800
30.4483 0 29 798
30.4993 0 29 805
30.5482 0 29 804
30.5993 0 29 799
30.6476 0 29 803
30.6975 0 29 802
30.7493 0 29 801
30.7992 0 29 803
30.8497 0 29 800
30.8963 0 29 803
30.9499 0 29 799
30.9999 0 29 799
31.0488 0 29 797
31.0982 0 29 797
31.149 0 29 801
31.1998 0 29 798
31.2462 0 29 799
31.2982 0 29 804
31.3496 0 29 800
31.3999 0 29 800
31.449 0 29 799
31.4979 0 29 798
31.5493 0 29 797
31.5998 0 29 793
31.6497 0 29 794
31.6983 0 29 791
31.7497 0 29 797
31.7978 0 29 796
31.8497 0 29 790
31.8999 0 29 798
31.9494 0 29 801
31.9975 0 29 798
32.0496 0 29 797
32.0999 0 29 796
32.1466 0 29 796
32.1979 0 29 795
32.2481 0 29 792
32.2997 0 29 798
32.3497 0 29 792
32.398 0 29 793
32.4493 0 29 789
32.4995 0 29 790
32.5497 0 29 792
32.6 0 29 790
32.6493 0 29 791
32.6993 0 29 789
32.7496 0 29 785
32.7979 0 29 787
32.8494 0 29 787
32.8988 0 29 793
32.9495 0 29 801
32.9983 0 29 795
33.0498 0 29 791
33.0996 0 29 795
33.1489 0 29 798
33.1994 0 29 795
33.2475 0 29 798
33.2974 0 29 801
33.35 0 29 801
33.3998 0 29 803
33.4496 0 29 803
33.4998 0 29 801
33.5491 0 29 802
33.5976 0 29 800
33.6491 0 29 801
33.6979 0 29 799
33.7485 0 29 799
33.7998 0 29 802
33.8492 0 29 796
33.8983 0 29 795
33.9496 0 29 795
33.9999 0 29 796
34.0484 0 29 799
34.0988 0 29 796
34.1483 0 29 800
34.1997 0 29 797
34.2498 0 29 797
34.2961 0 29 799
34.3465 0 29 802
34.3986 0 29 799
34.4495 0 29 797
34.4998 0 29 794
34.5477 0 29 795
34.5983 0 29 798
34.6485 0 29 792
34.6999 0 29 793
34.7478 0 29 800
34.7988 0 29 804
34.8495 0 29 808
34.8999 0 29 816
34.9491 0 29 815
34.9973 0 29 812
35.0492 0 29 816
35.0993 0 29 820
35.1493 0 29 818
35.1996 0 29 817
35.2485 0 29 818
35.2993 0 29 820
35.3498 0 29 820
35.3994 0 29 823
35.4491 0 29 824
35.4988 0 29 825
35.5496 0 29 822
35.5989 0 29 824
35.6474 0 29 826
35.6975 0 29 824
35.7493 0 29 818
35.7996 0 29 815
35.8488 0 29 808
35.8963 0 29 810
35.9495 0 29 815
35.9988 0 29 815
36.0459 0 29 818
36.0998 0 29 820
36.1498 0 29 818
36.1983 0 29 817
36.2499 0 29 818
36.2989 0 29 813
36.3499 0 29 815
36.3988 0 29 814
36.4489 0 29 812
36.4977 0 29 811
36.5456 0 29 809
36.5998 0 29 809
36.6482 0 29 810
36.7 0 29 815
36.7494 0 29 817
36.7983 0 29 820
36.8497 0 29 817
36.8992 0 29 816
36.9495 0 29 818
36.9993 0 29 821
37.0496 0 29 817
37.0986 0 29 816
37.1478 0 29 814
37.1993 0 29 811
37.2497 0 29 813
37.2999 0 29 811
37.3496 0 29 817
37.3999 0 29 818
37.4477 0 29 819
37.4987 0 29 824
37.5497 0 29 820
37.5999 0 29 822
37.6477 0 29 823
37.6999 0 29 813
37.7482 0 29 806
37.8 0 29 807
37.8463 0 29 804
37.8981 0 29 802
37.9499 0 29 806
37.9945 0 29 804
38.0477 0 29 806
38.0997 0 29 806
38.1491 0 29 801
38.1966 0 29 800
38.2499 0 29 801
38.2999 0 29 798
38.3498 0 29 801
38.3998 0 29 801
38.4489 0 29 806
38.4998 0 29 808
38.55 0 29 808
38.5995 0 29 800
38.6499 0 29 795
38.6995 0 29 799
38.7498 0 29 796
38.7996 0 29 796
38.849 0 29 793
38.9 0 29 793
38.9499 0 29 792
39 0 29 792
39.0495 0 29 796
39.0992 0 29 793
39.1494 0 29 796
39.1994 0 29 796
39.25 0 29 796
39.2991 0 29 794
39.3499 0 29 794
39.3996 0 29 794
39.449 0 29 789
39.4984 0 29 790
39.5494 0 29 793
39.5995 0 29 790
39.6485 0 29 790
39.7 0 29 792
39.7484 0 29 791
39.7999 0 29 794
39.85 0 29 798
39.899 0 29 799
39.9497 0 29 797
39.998 0 29 799
40.049 0 29 800
40.0999 0 29 799
40.1486 0 29 801
40.1999 0 29 802
40.2495 0 29 803
40.2996 0 29 802
40.3481 0 29 803
40.4 0 29 799
40.4497 0 29 795
40.4989 0 29 789
40.5492 0 29 787
40.5994 0 29 787
40.649 0 29 793
40.6992 0 29 789
40.7495 0 29 785
40.7988 0 29 781
40.848 0 29 783
40.8978 0 29 784
40.9492 0 29 784
40.9964 0 29 789
41.0499 0 29 792
41.0988 0 29 794
41.1472 0 29 798
41.2 0 29 802
41.2446 0 29 803
41.2976 0 29 803
41.3489 0 29 802
41.3972 0 29 803
41.4473 0 29 800
41.4995 0 29 799
41.5498 0 29 801
41.5998 0 29 796
41.6497 0 29 795
41.6999 0 29 795
41.743 0 29 795
41.7969 0 29 794
41.8473 0 29 790
41.8985 0 29 788
41.9498 0 29 788
41.9997 0 29 789
42.0485 0 29 789
42.0996 0 29 790
42.1492 0 29 790
42.1999 0 29 790
42.2492 0 29 786
42.2995 0 29 788
42.3497 0 29 788
42.3998 0 29 786
42.4496 0 29 795
42.4985 0 29 793
42.5472 0 29 794
42.599 0 29 790
42.6476 0 29 793
42.6994 0 29 794
42.7492 0 29 796
42.7998 0 29 799
42.8489 0 29 798
42.898 0 29 801
42.9456 0 29 797
42.9999 0 29 799
43.0488 0 29 794
43.0995 0 29 796
43.1495 0 29 794
43.1992 0 29 795
43.2499 0 29 794
43.2978 0 29 794
43.3486 0 29 792
43.396 0 29 791
43.4496 0 29 794
43.4965 0 29 796
43.5499 0 29 804
43.5998 0 29 801
43.6496 0 29 805
43.6999 0 29 805
43.7498 0 29 803
43.7996 0 29 802
43.8494 0 29 804
43.8995 0 29 808
43.9495 0 29 811
43.9994 0 29 810
44.0497 0 29 812
44.0997 0 29 808
44.1477 0 29 807
44.2 0 29 804
44.2483 0 29 809
44.2991 0 29 809
44.3499 0 29 807
44.3977 0 29 800
44.4432 0 29 796
44.4991 0 29 798
44.5499 0 29 800
44.5999 0 29 799
44.6493 0 29 803
44.6995 0 29 803
44.7472 0 29 804
44.7995 0 29 805
44.8477 0 29 806
44.8997 0 29 804
44.9494 0 29 800
44.9994 0 29 796
45.0498 0 29 795
45.0995 0 29 792
45.1499 0 29 790
45.1994 0 29 790
45.2475 0 29 790
45.2999 0 29 789
45.3487 0 29 793
45.3993 0 29 796
45.4496 0 29 794
45.4995 0 29 793
45.5494 0 29 792
45.5999 0 29 787
45.649 0 29 789
45.6989 0 29 796
45.7485 0 29 795
45.7999 0 29 793
45.8482 0 29 797
45.8992 0 29 798
45.9486 0 29 796
45.9989 0 29 796
46.0499 0 29 791
46.0998 0 29 792
46.149 0 29 796
46.1996 0 29 796
46.2499 0 29 797
46.2991 0 29 799
46.35 0 29 791
46.3997 0 29 796
46.4499 0 29 791
46.4998 0 29 792
46.5498 0 29 791
46.5981 0 29 796
46.6497 0 29 796
46.6989 0 29 792
46.7498 0 29 789
46.7995 0 29 791
46.8498 0 29 791
46.8993 0 29 787
46.9486 0 29 786
46.9999 0 29 790
47.0492 0 29 791
47.0992 0 29 790
47.1499 0 29 788
47.1996 0 29 793
47.2491 0 29 791
47.2996 0 29 790
47.3492 0 29 793
47.4 0 29 791
47.4478 0 29 790
47.5 0 29 793
47.5495 0 29 792
47.5998 0 29 793
47.6481 0 29 792
47.6997 0 29 795
47.7462 0 29 794
47.7983 0 29 798
47.8497 0 29 795
47.8989 0 29 793
47.9497 0 29 796
47.9999 0 29 796
48.0412 0 29 798
48.0997 0 29 801
48.1499 0 29 809
48.1993 0 29 809
48.2498 0 29 807
48.2986 0 29 810
48.3494 0 29 809
48.3986 0 29 812
48.4455 0 29 810
48.4985 0 29 808
48.5498 0 29 809
48.5991 0 29 803
48.6494 0 29 806
48.6999 0 29 802
48.7493 0 29 804
48.7991 0 29 803
48.8487 0 29 803
48.8989 0 29 802
48.9498 0 29 801
48.9999 0 29 801
49.049 0 29 806
49.0976 0 29 813
49.1494 0 29 809
49.1984 0 29 813
49.2494 0 29 819
49.2987 0 29 815
49.3474 0 29 814
49.3992 0 29 813
49.4494 0 29 809
49.4991 0 29 805
49.5494 0 29 800
49.5997 0 29 801
49.6488 0 29 804
49.6998 0 29 802
49.7494 0 29 802
49.7984 0 29 805
49.8456 0 29 804
49.8999 0 29 803
49.9467 0 29 800
50 0 29 800
50.0002 0 29 800
