0.0498727 997 0 13
0.0999595 989 1 24
0.149966 978 2 37
0.199726 974 2 44
0.249933 966 4 56
0.299926 962 7 68
0.349791 952 13 74
0.399983 946 18 87
0.449825 936 22 93
0.49999 929 24 102
0.549749 921 30 117
0.599762 916 38 129
0.649397 909 47 141
0.699971 907 51 149
0.749185 901 53 153
0.79982 900 58 166
0.849965 894 61 172
0.899663 886 63 177
0.949872 876 70 182
0.99987 873 78 199
1.0498 868 84 207
1.09871 860 86 213
1.14992 857 90 224
1.19796 856 91 229
1.24976 855 92 234
1.29987 850 96 241
1.34999 843 103 250
1.39974 839 104 255
1.44992 833 107 259
1.49984 831 119 262
1.54995 827 126 263
1.59986 824 124 262
1.64985 822 126 265
1.69964 815 133 269
1.74999 809 139 270
1.79992 799 143 276
1.84971 795 143 277
1.89996 792 150 287
1.94971 789 151 285
1.99987 787 154 287
2.04948 779 164 294
2.09976 765 172 302
2.14971 756 176 310
2.19987 753 187 311
2.24985 744 190 309
2.29986 739 190 315
2.34959 734 194 311
2.39976 729 197 313
2.44972 725 201 314
2.49981 721 204 316
2.54989 718 211 319
2.5984 715 212 323
2.64971 712 213 323
2.69998 704 215 329
2.74964 703 214 331
2.79964 697 224 329
2.84909 691 232 330
2.89982 688 236 334
2.9499 685 246 327
2.99947 683 249 329
3.04976 678 256 334
3.09996 673 262 337
3.14911 669 266 342
3.19988 666 270 347
3.24967 663 274 348
3.29989 660 275 348
3.34984 659 284 351
3.39987 654 290 356
3.44989 648 290 359
3.49975 642 291 363
3.54906 639 297 363
3.59995 636 303 362
3.64986 632 308 369
3.69974 630 316 377
3.74994 625 320 383
3.79976 620 323 386
3.84969 617 323 386
3.89994 613 326 396
3.94951 606 333 399
3.99961 601 339 404
4.04981 597 340 401
4.0993 593 339 406
4.1498 587 343 408
4.19946 583 351 406
4.24985 580 351 407
4.2999 577 352 413
4.34989 576 353 410
4.39952 572 358 413
4.44923 570 361 412
4.49906 567 362 416
4.54942 560 359 413
4.59958 559 358 414
4.64961 555 358 414
4.69896 553 355 418
4.74998 546 359 423
4.7995 544 364 426
4.84985 540 368 428
4.8998 538 375 424
4.95 535 380 429
4.99994 530 377 436
5.0499 528 382 438
5.09997 526 382 437
5.14961 522 384 437
5.19975 520 385 441
5.24991 512 386 447
5.29909 510 391 456
5.34994 504 392 466
5.39877 500 400 462
5.44918 495 401 467
5.49974 491 404 470
5.54985 489 402 473
5.59941 484 404 479
5.64986 482 404 479
5.69768 480 403 488
5.74961 473 404 489
5.79988 464 404 492
5.84976 462 404 492
5.89953 459 404 496
5.94948 455 410 495
5.99991 452 411 490
6.04995 450 412 492
6.09992 446 416 495
6.1499 440 422 497
6.19987 432 420 500
6.24988 428 426 502
6.29983 424 427 501
6.34997 423 427 506
6.39949 420 432 507
6.44996 416 434 507
6.49992 412 436 509
6.54994 407 428 504
6.59962 403 427 507
6.64982 400 431 516
6.69983 395 429 515
6.74951 391 428 516
6.79981 391 429 520
6.84971 387 430 522
6.8999 385 431 530
6.94996 380 430 539
6.9997 380 430 542
7.04985 378 428 546
7.09977 376 428 550
7.14999 368 427 554
7.19977 364 427 556
7.24972 362 429 558
7.29983 354 430 566
7.34951 349 432 568
7.3997 347 433 574
7.44987 341 431 577
7.49897 340 429 575
7.54982 336 427 577
7.59956 335 424 577
7.64995 332 424 577
7.69982 329 421 578
7.75 327 422 583
7.79976 324 418 581
7.84981 321 416 580
7.89973 317 417 584
7.94949 312 414 590
7.99988 312 411 594
8.04929 308 408 595
8.09946 304 407 593
8.1494 304 404 593
8.19935 303 402 595
8.24992 300 399 605
8.29984 295 396 605
8.34989 289 394 607
8.3997 288 394 602
8.44905 285 393 595
8.4999 280 391 603
8.54839 277 392 605
8.59916 273 390 606
8.6496 270 389 608
8.6999 266 387 612
8.74962 266 385 612
8.79934 263 385 612
8.84981 260 382 610
8.89963 259 382 616
8.94955 258 375 625
8.99996 253 376 626
9.04984 251 373 627
9.09988 251 367 631
9.14915 249 369 634
9.2 247 366 642
9.24896 244 362 646
9.29946 244 358 655
9.3491 243 356 655
9.39894 242 353 661
9.44989 240 348 666
9.49994 239 344 672
9.54969 237 343 672
9.59993 235 340 671
9.64965 233 340 677
9.69994 230 339 681
9.74985 226 337 678
9.79991 221 335 677
9.84933 219 330 680
9.8999 217 329 678
9.94993 215 327 678
9.99944 213 325 682
10.0494 212 320 682
10.0998 212 316 684
10.1499 210 316 686
10.1998 208 313 689
10.25 204 311 687
10.3 202 311 687
10.35 198 309 693
10.3998 198 298 695
10.4497 196 298 695
10.4979 195 295 698
10.5498 194 292 701
10.5998 193 287 701
10.6499 189 285 709
10.6996 187 282 707
10.7479 185 280 714
10.7997 182 275 721
10.85 180 272 718
10.9 177 266 716
10.9498 175 262 714
11 171 263 721
11.0495 168 260 726
11.0998 166 256 729
11.1497 164 255 731
11.1996 162 254 731
11.2497 158 251 735
11.2996 157 247 739
11.3499 152 243 740
11.3998 151 240 743
11.4499 149 237 744
11.4998 144 236 745
11.5497 141 235 749
11.5999 139 233 747
11.6485 137 229 748
11.6999 136 226 753
11.7494 136 222 759
11.7999 135 221 763
11.8481 132 218 762
11.8998 130 219 764
11.9497 128 216 769
12 127 216 772
12.0498 123 213 771
12.0995 121 212 771
12.1499 117 208 763
12.1999 115 207 762
12.2482 114 205 763
12.2999 112 203 765
12.3499 112 199 771
12.3989 111 197 771
12.449 110 195 770
12.4991 110 193 771
12.55 108 190 769
12.5996 105 189 773
12.6481 105 186 770
12.6992 104 185 773
12.7498 103 185 773
12.7999 102 183 770
12.85 100 183 769
12.8998 97 181 771
12.9496 95 178 768
12.9997 93 179 768
13.0497 92 179 770
13.1 89 172 773
13.1496 88 172 776
13.1993 88 171 773
13.2499 86 169 771
13.2998 85 166 768
13.3495 83 166 769
13.3986 82 164 774
13.4492 81 163 772
13.4995 79 161 770
13.5498 77 158 765
13.5994 74 157 762
13.6496 72 157 763
13.6999 70 156 766
13.7486 69 153 772
13.7995 68 151 776
13.8488 67 151 774
13.8995 65 143 773
13.9495 64 143 781
13.9998 61 140 780
14.0498 60 140 777
14.0997 60 138 778
14.149 60 137 777
14.1999 60 133 781
14.2494 58 132 779
14.2996 56 130 774
14.3498 54 128 774
14.3999 54 125 776
14.4495 54 124 773
14.4984 54 122 777
14.5487 54 120 774
14.5988 52 119 782
14.6499 52 118 783
14.6992 52 118 789
14.7491 51 116 792
14.7994 49 113 793
14.8497 48 112 792
14.8997 47 109 794
14.9499 45 106 788
14.9996 44 104 792
15.0497 42 104 793
15.0987 41 103 794
15.1494 40 100 793
15.2 39 100 795
15.2496 39 99 790
15.2998 39 99 793
15.3495 38 98 791
15.3996 38 98 792
15.4497 36 98 793
15.4998 36 96 795
15.5499 33 94 792
15.5993 31 92 792
15.6496 30 90 793
15.7 30 90 795
15.7491 26 87 794
15.7999 26 85 797
15.8498 25 84 799
15.8997 24 83 797
15.9489 24 80 798
15.9998 24 79 800
16.0488 23 79 799
16.0994 22 75 797
16.1497 22 74 794
16.1996 21 73 790
16.25 19 71 787
16.3 19 70 790
16.3495 18 70 789
16.3995 18 69 789
16.4489 18 67 790
16.4993 16 66 800
16.5497 16 63 798
16.5993 16 60 794
16.6496 16 59 798
16.6986 16 58 796
16.7495 15 57 797
16.8 15 55 799
16.8482 15 54 799
16.8998 13 53 801
16.9498 13 52 798
16.9995 13 52 800
17.0495 12 50 795
17.0987 12 50 790
17.1496 11 50 795
17.1997 11 48 792
17.2498 11 47 793
17.2999 10 46 794
17.3497 8 46 798
17.3996 8 46 800
17.4495 7 46 797
17.4998 7 46 796
17.549 7 46 795
17.5998 7 46 796
17.6481 6 45 796
17.6991 6 44 802
17.7486 6 41 802
17.7981 6 41 796
17.8496 6 41 794
17.9 6 41 799
17.9497 6 38 801
17.9997 5 38 803
18.0483 5 38 802
18.1 5 38 802
18.1489 5 37 799
18.1987 4 37 803
18.2488 2 35 805
18.2997 2 34 803
18.3494 2 34 802
18.3998 2 34 804
18.4494 2 34 806
18.5 2 33 804
18.5494 2 32 807
18.5999 2 31 809
18.6487 2 31 811
18.6999 1 31 810
18.7485 0 30 816
18.7993 0 30 811
18.8499 0 30 805
18.8998 0 30 803
18.95 0 30 803
18.9994 0 30 800
19.0486 0 30 803
19.099 0 29 806
19.1498 0 29 806
19.1998 0 29 804
19.2494 0 28 804
19.3 0 28 801
19.3492 0 28 805
19.3992 0 28 809
19.4457 0 28 802
19.4999 0 28 805
19.5462 0 28 809
19.599 0 27 815
19.6482 0 27 812
19.6997 0 27 814
19.75 0 27 806
19.7989 0 27 807
19.8498 0 26 810
19.8997 0 26 808
19.9493 0 26 811
19.9946 0 26 813
20.0493 0 26 812
20.0992 0 26 813
20.1487 0 26 810
20.1992 0 26 812
20.2499 0 26 812
20.2989 0 25 814
20.3496 0 25 814
20.399 0 25 816
20.4488 0 25 815
20.4982 0 25 810
20.5497 0 25 810
20.5992 0 24 813
20.6494 0 24 813
20.6999 0 24 814
20.7497 0 24 815
20.7996 0 24 811
20.8498 0 24 807
20.8983 0 24 808
20.9497 0 24 808
20.9999 0 24 808
21.05 0 24 801
21.0991 0 24 800
21.1496 0 24 796
21.1966 0 24 799
21.2499 0 24 800
21.2995 0 24 801
21.3486 0 23 801
21.3991 0 23 802
21.4497 0 23 805
21.4994 0 23 809
21.5454 0 23 807
21.5981 0 23 807
21.6476 0 23 805
21.6989 0 23 803
21.7484 0 23 800
21.7993 0 23 804
21.8485 0 23 805
21.8981 0 23 803
21.95 0 23 805
21.9947 0 23 806
22.05 0 22 806
22.0993 0 22 804
22.1499 0 22 799
22.1994 0 22 797
22.2467 0 22 795
22.2993 0 22 792
22.3475 0 22 794
22.3993 0 22 795
22.45 0 22 794
22.4999 0 22 798
22.5493 0 22 797
22.5996 0 22 798
22.6499 0 22 797
22.6955 0 22 795
22.7498 0 22 795
22.7971 0 22 798
22.8498 0 22 797
22.8988 0 22 796
22.9473 0 22 797
22.9991 0 22 794
23.0495 0 22 794
23.0939 0 22 793
23.1492 0 22 797
23.1985 0 22 795
23.2498 0 22 798
23.2988 0 22 798
23.3475 0 22 802
23.4 0 22 797
23.4499 0 22 799
23.4999 0 22 797
23.5493 0 22 796
23.5997 0 22 796
23.6494 0 22 796
23.6982 0 22 798
23.7498 0 22 802
23.7995 0 22 803
23.8495 0 22 805
23.8971 0 22 808
23.9497 0 22 809
23.9998 0 22 805
24.0487 0 22 809
24.0998 0 22 812
24.1473 0 22 810
24.1994 0 22 810
24.2476 0 22 814
24.2999 0 22 813
24.3498 0 22 812
24.3997 0 22 809
24.4486 0 22 807
24.4983 0 22 808
24.5489 0 22 806
24.5991 0 22 809
24.6499 0 22 811
24.6995 0 22 809
24.7496 0 22 806
24.7989 0 22 812
24.8494 0 22 814
24.8983 0 22 811
24.9494 0 22 812
24.9993 0 22 815
25.0492 0 22 811
25.0998 0 22 810
25.1488 0 22 813
25.1991 0 22 814
25.2449 0 22 814
25.2967 0 22 816
25.3497 0 22 814
25.3989 0 22 807
25.448 0 22 807
25.4983 0 22 802
25.549 0 22 807
25.5974 0 22 808
25.6491 0 22 806
25.6989 0 22 808
25.7499 0 22 802
25.7997 0 22 797
25.8489 0 22 798
25.8967 0 22 800
25.9499 0 22 799
25.998 0 22 798
26.0459 0 22 801
26.0999 0 22 803
26.1499 0 22 801
26.1999 0 22 804
26.2479 0 22 807
26.2982 0 22 807
26.3486 0 22 808
26.3997 0 22 802
26.4494 0 22 799
26.4993 0 22 800
26.5487 0 22 806
26.5999 0 22 807
26.6493 0 22 807
26.6997 0 22 803
26.749 0 22 802
26.7999 0 22 802
26.8478 0 22 804
26.8999 0 22 801
26.9495 0 22 806
26.9991 0 22 806
27.0497 0 22 807
27.0997 0 22 807
27.1497 0 22 802
27.1998 0 22 798
27.2498 0 22 796
27.2988 0 22 797
27.3491 0 22 799
27.3995 0 22 799
27.4489 0 22 801
27.4979 0 22 801
27.5496 0 22 802
27.5995 0 22 801
27.6497 0 22 795
27.6999 0 22 795
27.7494 0 22 792
27.7999 0 22 797
27.8491 0 22 801
27.8988 0 22 795
27.9484 0 22 789
27.9978 0 22 789
28.05 0 22 788
28.0998 0 22 790
28.1438 0 22 785
28.1993 0 22 791
28.2497 0 22 790
28.2994 0 22 786
28.3486 0 22 785
28.3993 0 22 783
28.4489 0 22 782
28.4978 0 22 784
28.5499 0 22 781
28.5985 0 22 779
28.65 0 22 783
28.6999 0 22 784
28.7492 0 22 781
28.7994 0 22 786
28.8497 0 22 783
28.8983 0 22 780
28.9485 0 22 787
28.9983 0 22 792
29.0499 0 22 795
29.0999 0 22 796
29.1489 0 22 801
29.19 0 22 803
29.2455 0 22 803
29.2999 0 22 803
29.348 0 22 803
29.3999 0 22 808
29.4483 0 22 809
29.4993 0 22 810
29.5493 0 22 811
29.5997 0 22 813
29.6485 0 22 805
29.6996 0 22 804
29.7483 0 22 803
29.7997 0 22 803
29.8496 0 22 802
29.8987 0 22 802
29.9497 0 22 799
29.9998 0 22 796
30.049 0 22 794
30.0991 0 22 792
30.1477 0 22 789
30.1996 0 22 783
30.2497 0 22 792
30.2998 0 22 792
30.3494 0 22 793
30.3991 0 22 791
30.4479 0 22 793
30.4993 0 22 793
30.548 0 22 795
30.5998 0 22 795
30.65 0 22 797
30.6998 0 22 798
30.75 0 22 796
30.7994 0 22 796
30.8487 0 22 795
30.8997 0 22 792
30.9489 0 22 795
30.9996 0 22 792
31.0494 0 22 791
31.0995 0 22 795
31.1499 0 22 794
31.1986 0 22 792
31.2493 0 22 795
31.2997 0 22 800
31.3486 0 22 802
31.3989 0 22 806
31.449 0 22 807
31.4994 0 22 805
31.5499 0 22 804
31.5981 0 22 804
31.6499 0 22 805
31.6964 0 22 798
31.7497 0 22 805
31.7997 0 22 804
31.8492 0 22 803
31.8986 0 22 800
31.9497 0 22 802
31.9985 0 22 801
32.0497 0 22 805
32.0997 0 22 797
32.1497 0 22 800
32.1998 0 22 797
32.2482 0 22 797
32.2975 0 22 799
32.3495 0 22 798
32.3995 0 22 804
32.4497 0 22 806
32.499 0 22 800
32.5496 0 22 799
32.5995 0 22 799
32.6492 0 22 801
32.6993 0 22 801
32.749 0 22 797
32.7995 0 22 798
32.8471 0 22 797
32.8994 0 22 796
32.9498 0 22 793
32.9989 0 22 789
33.0499 0 22 784
33.1 0 22 789
33.15 0 22 790
33.1983 0 22 800
33.2498 0 22 796
33.2997 0 22 796
33.3487 0 22 795
33.3989 0 22 798
33.4494 0 22 795
33.4993 0 22 792
33.5432 0 22 793
33.5993 0 22 790
33.6476 0 22 787
33.6996 0 22 791
33.7493 0 22 793
33.798 0 22 793
33.8493 0 22 796
33.8982 0 22 797
33.9499 0 22 796
33.9989 0 22 800
34.0495 0 22 800
34.0991 0 22 802
34.1493 0 22 803
34.1996 0 22 805
34.2496 0 22 803
34.2998 0 22 802
34.3495 0 22 798
34.3999 0 22 797
34.4467 0 22 792
34.5 0 22 791
34.5487 0 22 791
34.5998 0 22 793
34.6485 0 22 794
34.6996 0 22 798
34.7497 0 22 800
34.7991 0 22 800
34.8492 0 22 802
34.8991 0 22 801
34.9479 0 22 803
34.9983 0 22 803
35.0488 0 22 800
35.0979 0 22 803
35.146 0 22 800
35.1956 0 22 802
35.2477 0 22 795
35.2997 0 22 799
35.3499 0 22 804
35.3991 0 22 809
35.4487 0 22 809
35.4992 0 22 809
35.5482 0 22 804
35.5996 0 22 805
35.6474 0 22 812
35.7 0 22 812
35.7495 0 22 815
35.7991 0 22 808
35.8479 0 22 805
35.8998 0 22 802
35.9499 0 22 800
35.9991 0 22 798
36.0494 0 22 798
36.0988 0 22 797
36.1464 0 22 793
36.1993 0 22 791
36.2494 0 22 797
36.2981 0 22 796
36.3492 0 22 802
36.3978 0 22 803
36.449 0 22 805
36.4974 0 22 808
36.5497 0 22 804
36.5998 0 22 801
36.6497 0 22 801
36.6999 0 22 797
36.7493 0 22 795
36.7981 0 22 803
36.8488 0 22 802
36.8986 0 22 800
36.9483 0 22 794
36.9993 0 22 787
37.0484 0 22 788
37.0969 0 22 788
37.1454 0 22 785
37.1994 0 22 786
37.2497 0 22 785
37.2993 0 22 785
37.3497 0 22 784
37.3994 0 22 781
37.4493 0 22 783
37.4989 0 22 783
37.5496 0 22 784
37.597 0 22 786
37.6498 0 22 783
37.699 0 22 782
37.7462 0 22 782
37.7987 0 22 779
37.8493 0 22 781
37.8989 0 22 786
37.9498 0 22 784
37.9993 0 22 785
38.0492 0 22 792
38.0998 0 22 788
38.1498 0 22 789
38.1968 0 22 784
38.2494 0 22 784
38.2998 0 22 782
38.3498 0 22 786
38.3991 0 22 782
38.4481 0 22 779
38.4988 0 22 784
38.5495 0 22 786
38.5999 0 22 780
38.6467 0 22 777
38.6959 0 22 778
38.7497 0 22 782
38.7989 0 22 779
38.8498 0 22 777
38.8981 0 22 778
38.9499 0 22 781
38.9983 0 22 781
39.05 0 22 786
39.0982 0 22 781
39.149 0 22 783
39.1996 0 22 782
39.2496 0 22 783
39.2991 0 22 782
39.3495 0 22 782
39.3993 0 22 780
39.4485 0 22 778
39.4997 0 22 781
39.5498 0 22 788
39.5998 0 22 791
39.65 0 22 791
39.6995 0 22 794
39.7478 0 22 790
39.7996 0 22 790
39.8478 0 22 786
39.8995 0 22 785
39.9497 0 22 788
39.9991 0 22 787
40.0488 0 22 788
40.0998 0 22 788
40.1491 0 22 792
40.1994 0 22 791
40.249 0 22 794
40.2965 0 22 798
40.3496 0 22 797
40.4 0 22 801
40.4486 0 22 801
40.4997 0 22 806
40.5493 0 22 801
40.5986 0 22 798
40.6486 0 22 797
40.6999 0 22 793
40.7491 0 22 793
40.7998 0 22 791
40.85 0 22 792
40.8989 0 22 795
40.9492 0 22 792
40.9987 0 22 790
41.0496 0 22 785
41.0987 0 22 782
41.1469 0 22 785
41.1995 0 22 786
41.2458 0 22 788
41.2938 0 22 787
41.3494 0 22 785
41.3996 0 22 782
41.4496 0 22 780
41.4993 0 22 783
41.5496 0 22 786
41.5996 0 22 784
41.6497 0 22 783
41.6986 0 22 784
41.7484 0 22 784
41.7984 0 22 783
41.8496 0 22 784
41.8979 0 22 787
41.9498 0 22 785
41.9988 0 22 782
42.0484 0 22 788
42.0982 0 22 787
42.1491 0 22 785
42.1972 0 22 783
42.2496 0 22 784
42.2968 0 22 782
42.3492 0 22 777
42.3999 0 22 783
42.4497 0 22 781
42.4992 0 22 782
42.5499 0 22 788
42.5946 0 22 793
42.6487 0 22 787
42.699 0 22 786
42.7492 0 22 783
42.7994 0 22 786
42.85 0 22 780
42.8978 0 22 782
42.9495 0 22 782
42.9997 0 22 787
43.0497 0 22 787
43.1 0 22 789
43.15 0 22 790
43.1999 0 22 784
43.25 0 22 789
43.2994 0 22 793
43.3492 0 22 791
43.3992 0 22 787
43.4495 0 22 786
43.4983 0 22 784
43.5477 0 22 783
43.5995 0 22 781
43.649 0 22 779
43.6998 0 22 782
43.7492 0 22 790
43.7996 0 22 790
43.8497 0 22 790
43.8999 0 22 792
43.9484 0 22 789
43.9978 0 22 789
44.0487 0 22 790
44.0979 0 22 789
44.1497 0 22 799
44.1987 0 22 804
44.2494 0 22 803
44.2992 0 22 800
44.349 0 22 800
44.3983 0 22 801
44.4493 0 22 795
44.4988 0 22 797
44.5491 0 22 801
44.5989 0 22 805
44.649 0 22 810
44.699 0 22 809
44.747 0 22 806
44.7991 0 22 810
44.847 0 22 812
44.8983 0 22 809
44.95 0 22 810
44.9965 0 22 812
45.0493 0 22 811
45.0989 0 22 808
45.1486 0 22 808
45.1985 0 22 801
45.2499 0 22 796
45.2987 0 22 790
45.349 0 22 792
45.3994 0 22 794
45.4484 0 22 797
45.4928 0 22 799
45.5492 0 22 796
45.599 0 22 794
45.6495 0 22 791
45.698 0 22 787
45.7489 0 22 784
45.7998 0 22 782
45.8492 0 22 788
45.8999 0 22 792
45.9494 0 22 795
45.9999 0 22 799
46.0485 0 22 798
46.0994 0 22 797
46.1496 0 22 793
46.1983 0 22 793
46.2488 0 22 793
46.2958 0 22 791
46.3492 0 22 790
46.3986 0 22 788
46.4483 0 22 791
46.4988 0 22 791
46.5497 0 22 784
46.5984 0 22 786
46.6484 0 22 782
46.7 0 22 784
46.7494 0 22 786
46.7991 0 22 780
46.8498 0 22 788
46.8985 0 22 791
46.9476 0 22 790
46.9996 0 22 782
47.0496 0 22 778
47.0998 0 22 783
47.1499 0 22 781
47.1942 0 22 783
47.2498 0 22 780
47.2989 0 22 783
47.3485 0 22 781
47.3991 0 22 781
47.4488 0 22 777
47.4994 0 22 771
47.5499 0 22 775
47.5975 0 22 772
47.6496 0 22 773
47.6999 0 22 775
47.7481 0 22 776
47.7996 0 22 776
47.8493 0 22 777
47.8958 0 22 779
47.9499 0 22 780
47.9984 0 22 783
48.0491 0 22 784
48.0986 0 22 781
48.1487 0 22 783
48.1998 0 22 782
48.2491 0 22 783
48.2979 0 22 783
48.3496 0 22 785
48.3991 0 22 791
48.4484 0 22 791
48.4988 0 22 787
48.5497 0 22 788
48.5989 0 22 787
48.6494 0 22 788
48.698 0 22 786
48.7496 0 22 787
48.7997 0 22 789
48.8482 0 22 791
48.8988 0 22 788
48.9485 0 22 789
48.9998 0 22 791
49.05 0 22 787
49.0999 0 22 787
49.1497 0 22 787
49.198 0 22 789
49.2494 0 22 792
49.2989 0 22 791
49.3496 0 22 787
49.3991 0 22 782
49.4494 0 22 783
49.4999 0 22 786
49.5496 0 22 787
49.5999 0 22 786
49.6494 0 22 785
49.6997 0 22 786
49.75 0 22 790
49.7998 0 22 795
49.8496 0 22 799
49.9 0 22 794
49.9489 0 22 795
49.9992 0 22 790
50.0027 0 22 790
