0.0499135 989 1 19
0.0998933 978 2 32
0.14972 969 2 43
0.199723 962 5 55
0.24919 953 8 61
0.299741 948 12 78
0.349853 937 15 89
0.399831 931 19 98
0.449974 927 22 111
0.499845 920 26 118
0.549674 916 29 126
0.599005 909 31 135
0.649982 898 38 150
0.699929 890 41 161
0.749676 887 47 172
0.79994 885 57 179
0.849665 879 64 186
0.899498 872 67 193
0.949935 868 71 197
0.999726 865 75 213
1.04994 862 79 217
1.09996 858 81 231
1.14971 851 85 237
1.19978 845 92 243
1.24991 842 95 247
1.29996 838 102 249
1.34989 830 108 255
1.39989 825 109 262
1.44928 821 112 267
1.49973 812 120 271
1.54976 806 125 274
1.59977 803 128 282
1.64892 800 131 280
1.69975 792 136 286
1.7498 791 140 292
1.79995 783 146 295
1.84969 775 154 305
1.89923 771 158 304
1.94977 768 164 306
1.99982 761 167 312
2.04936 757 166 309
2.09979 755 167 314
2.14994 751 170 314
2.19996 746 178 322
2.24986 737 182 327
2.29986 733 183 335
2.34963 730 184 333
2.39985 726 192 335
2.44996 722 195 339
2.4999 721 198 342
2.54994 718 204 340
2.59965 713 210 338
2.64935 710 219 339
2.69988 705 225 341
2.74994 700 230 343
2.79979 694 238 348
2.84964 688 242 357
2.89996 686 247 362
2.94998 685 249 366
2.9993 679 257 370
3.04949 673 266 370
3.09961 667 267 375
3.14989 664 274 387
3.19971 653 279 390
3.24958 650 285 393
3.29984 648 285 393
3.34993 646 288 401
3.39981 639 298 404
3.44944 637 302 409
3.49991 632 307 412
3.54981 629 313 410
3.59998 627 320 413
3.64959 618 324 412
3.69999 610 332 412
3.74965 609 337 418
3.79978 605 341 415
3.84975 600 346 418
3.89971 599 350 423
3.94898 599 352 428
3.99922 596 358 429
4.04987 592 359 434
4.09959 592 361 431
4.14966 591 367 436
4.2 588 367 443
4.24999 585 368 445
4.2999 582 370 448
4.34855 577 375 453
4.39998 573 383 451
4.44987 569 381 449
4.49958 565 381 443
4.54971 561 383 444
4.6 557 386 448
4.64982 552 391 456
4.69959 550 393 460
4.74952 548 393 464
4.79891 547 395 463
4.84947 542 397 462
4.89959 539 401 462
4.94976 537 397 467
4.99988 534 401 471
5.04993 529 402 476
5.09971 525 403 481
5.14971 521 400 482
5.19926 516 399 486
5.24966 511 406 482
5.29938 503 411 480
5.34996 496 413 489
5.4 491 416 493
5.44961 489 417 492
5.49987 484 418 492
5.54972 482 421 496
5.59964 480 421 498
5.64977 477 423 499
5.69994 474 423 506
5.74964 472 424 512
5.79972 469 423 517
5.84957 466 426 520
5.89987 464 428 522
5.94899 461 429 529
5.99961 458 429 537
6.0499 453 430 543
6.09946 449 433 549
6.15 446 435 545
6.19975 446 431 544
6.24999 441 431 551
6.29999 438 431 555
6.34927 437 434 554
6.39978 434 433 561
6.44975 431 435 569
6.49979 429 437 566
6.54932 425 435 572
6.59946 423 436 580
6.64985 420 436 580
6.6999 419 436 585
6.74995 418 438 584
6.79981 417 437 586
6.84991 411 439 590
6.89947 406 439 588
6.94918 402 442 590
6.99971 400 444 591
7.04996 397 443 592
7.09997 395 443 589
7.14979 391 441 592
7.19956 388 436 593
7.24999 386 437 592
7.29964 380 429 591
7.34948 378 429 596
7.39947 376 425 595
7.44986 369 423 597
7.49999 365 423 593
7.54985 361 421 598
7.59991 356 423 595
7.64986 354 423 599
7.69912 351 418 602
7.74963 351 415 611
7.79966 346 417 609
7.84991 343 415 606
7.89975 336 417 612
7.94989 334 415 616
8 331 415 622
8.04984 329 419 628
8.09861 327 415 628
8.14971 326 414 634
8.19907 324 413 641
8.24973 322 408 646
8.29978 318 407 650
8.34976 315 406 649
8.39993 313 408 644
8.44985 312 407 643
8.49944 309 400 648
8.54979 305 399 642
8.59967 304 396 647
8.6499 302 395 651
8.69956 300 390 653
8.74941 299 387 663
8.79976 298 383 665
8.84991 294 380 669
8.89913 292 379 669
8.94993 290 376 669
8.99994 288 376 669
9.04958 283 372 668
9.09798 281 370 671
9.14927 281 369 674
9.19976 280 368 673
9.24933 274 367 677
9.29939 273 360 681
9.34952 270 358 679
9.39885 268 359 681
9.44985 266 357 684
9.49993 261 356 680
9.54972 260 357 689
9.59954 260 356 687
9.64907 260 356 690
9.69947 256 352 696
9.74986 254 348 698
9.7999 252 345 700
9.84961 250 341 706
9.89912 250 340 708
9.94937 248 340 713
9.99932 246 339 717
10.0499 242 336 719
10.0996 241 333 722
10.1496 240 330 731
10.1984 237 329 732
10.249 233 328 733
10.2999 230 329 732
10.3499 227 327 740
10.3999 226 325 742
10.4499 224 320 745
10.4997 221 319 743
10.5499 220 316 741
10.5996 216 316 741
10.65 215 318 741
10.6994 213 315 746
10.7492 208 314 753
10.7999 205 312 757
10.8499 204 309 757
10.8995 204 307 759
10.9497 204 301 763
10.9994 201 300 765
11.049 199 299 768
11.0995 196 297 766
11.1499 193 297 769
11.1996 190 294 772
11.2495 189 293 771
11.2985 186 291 773
11.3498 184 288 778
11.399 180 288 781
11.4483 179 284 782
11.4999 177 281 779
11.5491 174 278 782
11.5997 169 274 776
11.6494 166 270 772
11.6989 165 271 773
11.7494 162 269 778
11.7998 158 266 780
11.8495 155 265 778
11.8994 153 264 778
11.95 151 262 779
11.9997 147 258 780
12.0497 143 252 784
12.0996 143 250 787
12.1493 138 248 784
12.1997 136 248 788
12.2496 135 243 791
12.2998 133 241 792
12.3495 133 240 792
12.3991 131 237 794
12.4495 130 234 790
12.4999 130 232 793
12.5495 128 228 790
12.5996 127 228 798
12.648 126 228 795
12.6993 125 227 798
12.7489 124 226 798
12.7992 120 223 796
12.8495 119 222 795
12.8996 118 222 796
12.9499 116 220 798
12.9991 116 219 798
13.0493 115 214 799
13.0995 114 211 797
13.15 114 210 792
13.1988 112 209 792
13.2499 111 207 790
13.2992 110 205 789
13.3498 108 202 790
13.3997 107 198 793
13.4497 107 195 793
13.4999 106 191 793
13.5499 101 191 791
13.5996 99 191 787
13.6496 96 190 790
13.6999 95 189 791
13.7496 92 187 792
13.7986 92 186 787
13.8499 88 184 789
13.8985 86 184 790
13.9496 85 181 794
13.9987 84 178 794
14.0471 84 176 796
14.0999 81 173 793
14.1492 81 172 793
14.1981 81 171 793
14.2498 80 169 792
14.2997 78 166 792
14.3498 75 164 794
14.3996 74 161 801
14.4491 71 159 803
14.4998 69 156 804
14.5491 69 156 799
14.5998 68 155 797
14.6495 66 150 798
14.6999 65 148 798
14.7491 61 148 797
14.7998 61 147 794
14.8499 60 142 792
14.8997 59 140 787
14.9497 58 138 785
14.9999 54 136 785
15.0495 54 134 786
15.099 53 132 785
15.1474 51 130 787
15.1997 49 127 786
15.2499 49 126 789
15.3 48 126 790
15.3499 46 126 789
15.3998 46 123 784
15.449 45 123 784
15.4999 45 122 786
15.5499 44 122 784
15.5987 44 121 785
15.6496 43 119 786
15.6988 43 119 791
15.7493 42 117 798
15.7995 42 117 797
15.8498 41 117 792
15.8998 40 116 793
15.9499 39 113 796
15.9997 38 109 799
16.0494 37 105 796
16.1 37 104 796
16.1494 37 102 797
16.1999 37 100 799
16.25 36 100 797
16.2995 36 100 797
16.3497 34 100 795
16.3989 32 98 799
16.4498 30 95 802
16.4998 30 94 802
16.5497 29 91 796
16.5998 29 90 797
16.6498 28 90 801
16.7 27 88 807
16.7489 26 87 813
16.7999 23 86 814
16.8499 22 84 809
16.9 22 83 809
16.95 22 80 805
16.9991 22 80 805
17.0499 21 80 797
17.0998 21 80 796
17.1498 19 80 804
17.1997 17 78 801
17.2498 16 77 795
17.2998 16 74 801
17.35 15 72 798
17.3982 15 72 806
17.45 15 70 810
17.4988 13 69 812
17.5499 12 69 812
17.5997 11 69 811
17.6498 10 66 810
17.6996 9 64 810
17.7499 9 64 801
17.7986 8 63 803
17.8496 7 62 802
17.8996 6 60 804
17.9494 5 60 799
17.9991 5 59 801
18.0489 5 58 805
18.1 5 58 803
18.1499 3 58 802
18.2 3 57 804
18.2496 3 57 805
18.2996 3 57 801
18.3495 3 56 799
18.3966 2 53 801
18.4484 2 52 794
18.4999 2 47 793
18.5498 2 47 791
18.5982 2 46 789
18.6496 2 46 790
18.6984 2 46 793
18.7496 2 45 790
18.7988 2 45 791
18.85 2 43 788
18.9 2 43 787
18.9497 1 43 786
18.9997 1 41 783
19.0482 1 41 782
19.0994 1 40 779
19.1497 1 38 782
19.1987 1 37 785
19.2488 1 34 784
19.2986 1 34 785
19.3499 1 34 789
19.3994 1 34 788
19.45 0 34 792
19.4997 0 33 789
19.55 0 32 787
19.5952 0 32 795
19.6476 0 32 797
19.6994 0 31 791
19.7493 0 31 793
19.7992 0 30 791
19.8497 0 30 793
19.8995 0 30 799
19.9482 0 30 801
19.9961 0 29 805
20.0494 0 29 799
20.0985 0 29 802
20.15 0 29 801
20.199 0 28 798
20.2492 0 27 800
20.299 0 27 798
20.3494 0 27 797
20.3981 0 27 795
20.4481 0 27 793
20.498 0 26 792
20.5483 0 26 793
20.5998 0 26 791
20.6494 0 26 791
20.699 0 26 790
20.7487 0 26 791
20.7997 0 26 793
20.8479 0 25 793
20.8977 0 25 791
20.95 0 25 788
20.9982 0 25 791
21.0494 0 25 788
21.0996 0 25 787
21.1494 0 25 789
21.1985 0 25 786
21.2492 0 25 783
21.2985 0 25 784
21.3492 0 25 783
21.4 0 25 783
21.4498 0 25 795
21.4989 0 25 792
21.5487 0 25 792
21.5998 0 25 794
21.6475 0 24 798
21.6999 0 24 803
21.7487 0 24 801
21.799 0 24 799
21.8494 0 24 798
21.8968 0 24 797
21.95 0 24 794
21.9997 0 24 792
22.0499 0 24 794
22.0988 0 24 793
22.1499 0 24 792
22.1996 0 24 796
22.2498 0 24 798
22.2997 0 24 802
22.3485 0 24 804
22.3991 0 24 797
22.4464 0 24 794
22.4996 0 24 797
22.5499 0 24 794
22.5992 0 24 787
22.6498 0 24 791
22.6989 0 24 789
22.7498 0 24 791
22.7986 0 24 793
22.8496 0 24 789
22.8993 0 24 789
22.9467 0 24 790
22.9995 0 23 790
23.0481 0 23 787
23.0995 0 23 792
23.1479 0 23 794
23.1996 0 23 794
23.2497 0 23 794
23.2984 0 23 794
23.3499 0 23 798
23.3985 0 23 804
23.4494 0 23 804
23.4996 0 23 806
23.5487 0 23 812
23.5991 0 23 809
23.6492 0 23 813
23.6993 0 23 808
23.7471 0 23 805
23.7999 0 23 803
23.8492 0 23 799
23.8996 0 23 804
23.9498 0 23 802
23.9943 0 23 804
24.0488 0 23 808
24.0969 0 23 806
24.15 0 23 806
24.1997 0 23 804
24.2496 0 23 805
24.2986 0 23 804
24.3497 0 23 805
24.399 0 23 805
24.4487 0 23 805
24.4993 0 23 807
24.5485 0 23 806
24.5986 0 23 808
24.65 0 23 809
24.6983 0 23 808
24.7498 0 23 802
24.7989 0 23 801
24.85 0 23 798
24.8999 0 23 799
24.95 0 23 799
24.9991 0 23 799
25.0482 0 23 801
25.0993 0 23 802
25.15 0 23 807
25.1999 0 23 808
25.2488 0 23 808
25.2988 0 23 805
25.3497 0 23 799
25.3984 0 23 799
25.4494 0 23 798
25.4997 0 23 799
25.5452 0 23 799
25.5977 0 23 801
25.6499 0 23 802
25.6991 0 23 800
25.7483 0 23 800
25.7993 0 23 799
25.8494 0 23 800
25.9 0 23 801
25.9496 0 23 799
25.9997 0 23 803
26.048 0 23 805
26.0998 0 23 804
26.1494 0 23 806
26.1982 0 23 801
26.2498 0 23 801
26.2984 0 23 799
26.3493 0 23 794
26.3994 0 23 793
26.4494 0 23 789
26.4989 0 23 795
26.5499 0 23 796
26.5992 0 23 797
26.6498 0 23 798
26.6996 0 23 800
26.7483 0 23 804
26.7991 0 23 804
26.8499 0 23 798
26.8997 0 23 795
26.947 0 23 792
26.9973 0 23 789
27.0498 0 23 788
27.0994 0 23 789
27.1498 0 23 790
27.1978 0 23 788
27.2465 0 23 789
27.2998 0 23 791
27.3482 0 23 790
27.4 0 23 789
27.4496 0 23 790
27.4999 0 23 789
27.5479 0 23 791
27.5931 0 23 792
27.649 0 23 789
27.6985 0 23 791
27.7499 0 23 791
27.7997 0 23 790
27.8485 0 23 794
27.8999 0 23 792
27.9496 0 23 792
27.9981 0 23 793
28.05 0 23 793
28.0973 0 23 789
28.15 0 23 792
28.1998 0 23 794
28.248 0 23 794
28.296 0 23 795
28.3493 0 23 797
28.3977 0 23 796
28.4488 0 23 798
28.4989 0 23 800
28.5487 0 23 799
28.5984 0 23 796
28.65 0 23 794
28.6971 0 23 793
28.7494 0 23 790
28.7995 0 23 796
28.8468 0 23 794
28.8997 0 23 796
28.948 0 23 787
28.9999 0 23 787
29.0496 0 23 790
29.0986 0 23 789
29.1479 0 23 788
29.1976 0 23 786
29.2483 0 23 783
29.2994 0 23 789
29.3496 0 23 787
29.3993 0 23 784
29.4489 0 23 782
29.4984 0 23 781
29.5482 0 23 790
29.5953 0 23 788
29.6497 0 23 796
29.6994 0 23 789
29.7496 0 23 791
29.8 0 23 790
29.85 0 23 795
29.8982 0 23 797
29.9486 0 23 798
29.9934 0 23 797
30.0469 0 23 791
30.0946 0 23 791
30.1499 0 23 788
30.1983 0 23 789
30.2494 0 23 787
30.2982 0 23 790
30.3483 0 23 785
30.3992 0 23 786
30.4485 0 23 787
30.4995 0 23 787
30.5496 0 23 787
30.6 0 23 785
30.6491 0 23 784
30.6992 0 23 781
30.749 0 23 786
30.7998 0 23 781
30.8481 0 23 784
30.8989 0 23 784
30.9478 0 23 784
30.9975 0 23 789
31.05 0 23 788
31.0938 0 23 787
31.1496 0 23 784
31.1981 0 23 788
31.2487 0 23 783
31.2964 0 23 780
31.35 0 23 781
31.3999 0 23 777
31.449 0 23 779
31.4996 0 23 784
31.5495 0 23 787
31.5998 0 23 790
31.6491 0 23 790
31.6998 0 23 794
31.7499 0 23 792
31.7991 0 23 790
31.8494 0 23 792
31.8977 0 23 792
31.9477 0 23 789
31.999 0 23 790
32.0497 0 23 790
32.0998 0 23 791
32.1495 0 23 798
32.1998 0 23 800
32.2489 0 23 799
32.2996 0 23 799
32.3499 0 23 796
32.3988 0 23 799
32.447 0 23 800
32.4999 0 23 801
32.5474 0 23 799
32.5977 0 23 794
32.6495 0 23 791
32.6989 0 23 789
32.7499 0 23 791
32.7998 0 23 791
32.849 0 23 794
32.8973 0 23 794
32.9498 0 23 796
32.9984 0 23 796
33.0485 0 23 797
33.0988 0 23 795
33.144 0 23 794
33.1982 0 23 793
33.2491 0 23 793
33.299 0 23 792
33.3458 0 23 790
33.3992 0 23 792
33.4495 0 23 793
33.4981 0 23 793
33.5489 0 23 791
33.5967 0 23 792
33.6489 0 23 794
33.6994 0 23 788
33.7496 0 23 786
33.8 0 23 789
33.8461 0 23 787
33.9 0 23 786
33.9499 0 23 785
33.9992 0 23 784
34.0497 0 23 784
34.0986 0 23 786
34.1477 0 23 785
34.1995 0 23 783
34.2499 0 23 782
34.2956 0 23 782
34.3499 0 23 784
34.3934 0 23 787
34.4469 0 23 788
34.4963 0 23 790
34.5495 0 23 789
34.5995 0 23 791
34.6471 0 23 792
34.699 0 23 791
34.7498 0 23 791
34.7964 0 23 791
34.8484 0 23 784
34.8997 0 23 786
34.9492 0 23 785
34.9999 0 23 781
35.0498 0 23 785
35.0998 0 23 785
35.1494 0 23 789
35.1999 0 23 791
35.2493 0 23 786
35.2998 0 23 789
35.348 0 23 793
35.3998 0 23 787
35.4498 0 23 789
35.4997 0 23 793
35.5497 0 23 790
35.5993 0 23 794
35.6477 0 23 791
35.6988 0 23 791
35.7496 0 23 794
35.7939 0 23 794
35.8496 0 23 800
35.8998 0 23 798
35.9493 0 23 797
35.9992 0 23 794
36.0496 0 23 790
36.0992 0 23 790
36.1495 0 23 790
36.1988 0 23 786
36.2457 0 23 780
36.2998 0 23 780
36.3492 0 23 779
36.3953 0 23 779
36.4499 0 23 778
36.4978 0 23 780
36.5488 0 23 781
36.5999 0 23 781
36.6495 0 23 778
36.7 0 23 785
36.7495 0 23 784
36.7999 0 23 788
36.8491 0 23 787
36.8993 0 23 790
36.9489 0 23 788
36.998 0 23 789
37.0493 0 23 793
37.0997 0 23 796
37.1494 0 23 796
37.1995 0 23 792
37.2474 0 23 791
37.2999 0 23 789
37.3496 0 23 796
37.3997 0 23 795
37.45 0 23 790
37.493 0 23 791
37.5498 0 23 789
37.5993 0 23 790
37.6493 0 23 782
37.6997 0 23 784
37.7472 0 23 786
37.7997 0 23 791
37.85 0 23 786
37.899 0 23 788
37.9497 0 23 792
37.9994 0 23 793
38.0495 0 23 795
38.0999 0 23 798
38.1489 0 23 799
38.1993 0 23 802
38.2493 0 23 802
38.2996 0 23 800
38.3499 0 23 804
38.3982 0 23 798
38.4483 0 23 799
38.4979 0 23 800
38.5494 0 23 802
38.5999 0 23 800
38.6493 0 23 801
38.6991 0 23 801
38.7498 0 23 804
38.7996 0 23 805
38.8496 0 23 807
38.8998 0 23 806
38.9499 0 23 807
38.9996 0 23 810
39.0493 0 23 807
39.0995 0 23 811
39.1496 0 23 808
39.1956 0 23 806
39.2479 0 23 800
39.2947 0 23 807
39.3498 0 23 804
39.4 0 23 807
39.45 0 23 808
39.4994 0 23 801
39.5489 0 23 805
39.5978 0 23 802
39.6496 0 23 804
39.6967 0 23 809
39.7484 0 23 812
39.7999 0 23 812
39.8495 0 23 812
39.8997 0 23 809
39.9466 0 23 808
39.9989 0 23 810
40.049 0 23 803
40.0989 0 23 795
40.1497 0 23 798
40.1998 0 23 798
40.25 0 23 799
40.2996 0 23 798
40.3486 0 23 799
40.4 0 23 796
40.4468 0 23 794
40.4996 0 23 795
40.5494 0 23 794
40.5996 0 23 794
40.6473 0 23 795
40.6993 0 23 792
40.7493 0 23 795
40.7996 0 23 798
40.8497 0 23 793
40.8994 0 23 794
40.9482 0 23 793
40.9994 0 23 792
41.048 0 23 795
41.0994 0 23 798
41.15 0 23 800
41.1999 0 23 797
41.2488 0 23 797
41.2974 0 23 797
41.3487 0 23 797
41.3952 0 23 798
41.4484 0 23 800
41.4991 0 23 800
41.5493 0 23 802
41.5999 0 23 805
41.6483 0 23 804
41.6985 0 23 801
41.7497 0 23 805
41.7993 0 23 805
41.8499 0 23 805
41.8997 0 23 808
41.9493 0 23 812
41.9999 0 23 814
42.0497 0 23 813
42.099 0 23 810
42.1498 0 23 808
42.1987 0 23 810
42.2493 0 23 812
42.2993 0 23 815
42.3498 0 23 814
42.3996 0 23 814
42.4498 0 23 808
42.5 0 23 808
42.5496 0 23 807
42.6 0 23 804
42.6489 0 23 800
42.6977 0 23 798
42.7488 0 23 798
42.7994 0 23 801
42.8497 0 23 800
42.9 0 23 797
42.9491 0 23 795
42.9989 0 23 795
43.0488 0 23 792
43.0989 0 23 798
43.1488 0 23 801
43.199 0 23 801
43.2487 0 23 800
43.2992 0 23 804
43.3483 0 23 804
43.3997 0 23 800
43.4477 0 23 801
43.4988 0 23 796
43.5488 0 23 797
43.598 0 23 801
43.6477 0 23 800
43.6993 0 23 800
43.7493 0 23 799
43.7989 0 23 803
43.8475 0 23 802
43.8952 0 23 809
43.9488 0 23 811
43.9998 0 23 808
44.0494 0 23 809
44.0995 0 23 811
44.1488 0 23 810
44.1998 0 23 808
44.2469 0 23 808
44.2998 0 23 813
44.3496 0 23 815
44.3997 0 23 813
44.4497 0 23 816
44.4991 0 23 818
44.5498 0 23 817
44.5992 0 23 818
44.6496 0 23 820
44.6999 0 23 819
44.7498 0 23 816
44.7958 0 23 816
44.8484 0 23 810
44.8998 0 23 802
44.95 0 23 804
44.9996 0 23 801
45.0492 0 23 802
45.0984 0 23 802
45.148 0 23 803
45.1986 0 23 803
45.2468 0 23 810
45.2996 0 23 813
45.3468 0 23 817
45.3998 0 23 818
45.4498 0 23 815
45.4996 0 23 813
45.5497 0 23 811
45.5998 0 23 810
45.65 0 23 802
45.6982 0 23 802
45.7498 0 23 808
45.7993 0 23 805
45.8491 0 23 801
45.8999 0 23 805
45.9486 0 23 801
45.9987 0 23 801
46.0497 0 23 804
46.0999 0 23 803
46.1493 0 23 802
46.1996 0 23 805
46.2447 0 23 807
46.2986 0 23 804
46.3486 0 23 805
46.3997 0 23 809
46.4474 0 23 811
46.4996 0 23 808
46.5487 0 23 809
46.5992 0 23 811
46.6485 0 23 812
46.6999 0 23 806
46.7496 0 23 806
46.7989 0 23 809
46.8493 0 23 814
46.8963 0 23 814
46.9492 0 23 813
46.9994 0 23 810
47.0494 0 23 808
47.0994 0 23 807
47.1489 0 23 807
47.1999 0 23 806
47.2486 0 23 799
47.295 0 23 799
47.3483 0 23 805
47.3996 0 23 797
47.4483 0 23 791
47.4989 0 23 789
47.5497 0 23 790
47.598 0 23 786
47.6499 0 23 786
47.6993 0 23 787
47.7497 0 23 782
47.7991 0 23 780
47.8493 0 23 782
47.8955 0 23 781
47.9492 0 23 781
47.995 0 23 782
48.05 0 23 786
48.0992 0 23 792
48.1497 0 23 794
48.1997 0 23 798
48.2474 0 23 799
48.2996 0 23 802
48.3476 0 23 805
48.398 0 23 805
48.4495 0 23 803
48.5 0 23 801
48.5498 0 23 805
48.5995 0 23 806
48.6499 0 23 808
48.699 0 23 809
48.7484 0 23 812
48.7993 0 23 813
48.848 0 23 814
48.8999 0 23 805
48.9498 0 23 803
48.9998 0 23 803
49.0498 0 23 798
49.0994 0 23 797
49.1483 0 23 801
49.1999 0 23 795
49.2485 0 23 795
49.2968 0 23 796
49.3497 0 23 793
49.3998 0 23 795
49.449 0 23 797
49.499 0 23 794
49.5483 0 23 797
49.5983 0 23 795
49.6499 0 23 795
49.6984 0 23 791
49.7489 0 23 786
49.7995 0 23 785
49.8464 0 23 788
49.8942 0 23 792
49.9498 0 23 791
49.9994 0 23 797
50.0014 0 23 797
