0.0499411 992 0 12
0.099962 977 1 30
0.149552 969 2 45
0.199376 964 6 57
0.249647 960 7 73
0.299379 952 10 83
0.349936 947 17 97
0.399985 934 19 105
0.449865 928 22 115
0.499868 919 23 133
0.549777 914 29 139
0.599945 906 31 146
0.649972 905 36 153
0.698955 899 39 162
0.749759 892 42 165
0.799964 891 45 179
0.849852 880 51 185
0.899792 876 59 191
0.949894 866 62 198
0.999841 862 69 203
1.04991 858 72 213
1.09995 857 77 218
1.14984 852 83 223
1.19985 848 88 228
1.24958 842 93 230
1.29956 834 96 236
1.34987 829 100 238
1.39843 823 104 239
1.44994 819 103 247
1.49997 810 107 253
1.54985 805 107 257
1.59985 798 112 262
1.6499 795 116 262
1.69956 793 123 265
1.74954 790 122 275
1.79992 787 130 282
1.84943 785 133 280
1.89997 783 134 284
1.94857 777 135 289
1.99952 773 143 295
2.04997 766 150 294
2.09982 763 161 299
2.14991 759 164 305
2.19977 754 170 310
2.24993 749 178 306
2.29973 745 183 310
2.34964 744 187 314
2.3992 738 195 317
2.44998 736 197 321
2.49991 733 196 327
2.54964 731 202 329
2.59981 726 207 330
2.6496 721 207 335
2.69911 719 210 335
2.74957 714 218 334
2.79919 708 225 339
2.84964 705 233 341
2.89996 702 236 342
2.94938 698 239 346
2.99962 692 244 349
3.04983 685 250 348
3.09959 680 254 351
3.14967 675 259 353
3.19894 671 262 348
3.24988 665 270 350
3.3 660 271 358
3.34896 658 277 359
3.39995 653 279 362
3.44988 647 279 362
3.5 643 282 364
3.54998 639 280 374
3.59972 632 282 375
3.6494 624 280 372
3.69941 618 284 374
3.74965 617 286 376
3.79962 615 291 382
3.84995 611 304 382
3.89997 611 308 383
3.94846 604 308 387
3.99956 600 312 391
4.04989 595 316 399
4.09967 591 319 402
4.14987 588 327 408
4.19974 583 330 417
4.24994 576 330 419
4.29976 572 332 420
4.34958 568 334 422
4.39955 564 336 420
4.44982 560 338 420
4.49915 558 348 419
4.54968 556 352 420
4.59999 551 357 425
4.64999 547 355 429
4.69979 546 355 432
4.74901 542 354 430
4.79976 541 356 429
4.84993 538 359 435
4.89989 533 364 438
4.94939 528 369 440
4.99977 526 365 440
5.04905 523 370 444
5.09923 519 381 444
5.14997 513 382 450
5.1999 510 385 454
5.2474 506 383 462
5.29988 506 383 462
5.34964 501 383 462
5.39999 498 385 466
5.44982 492 389 468
5.49988 489 392 470
5.54998 486 393 472
5.5997 481 395 473
5.64979 478 397 476
5.69844 475 398 475
5.74994 469 401 476
5.79957 467 399 477
5.84953 462 403 473
5.89991 459 405 479
5.94985 458 406 482
5.99997 455 404 483
6.04979 453 402 486
6.09998 451 405 485
6.14934 448 400 492
6.1998 444 403 499
6.24993 442 405 503
6.29996 440 409 505
6.34991 438 403 509
6.39998 436 402 510
6.44916 431 402 516
6.49989 430 403 517
6.54978 427 408 516
6.5998 426 412 510
6.64997 423 412 515
6.69961 422 411 520
6.74985 416 409 524
6.79955 409 407 526
6.84888 405 408 525
6.89985 404 407 527
6.94993 401 410 533
6.99999 398 409 536
7.04968 396 409 537
7.09941 394 406 542
7.1499 392 407 547
7.19993 390 408 554
7.24998 389 406 555
7.29928 388 405 557
7.34917 386 404 561
7.3997 380 405 563
7.44971 379 404 568
7.49948 375 408 575
7.54999 370 409 577
7.59985 367 410 576
7.65 365 412 580
7.69976 362 410 583
7.74933 361 410 588
7.79927 357 406 586
7.84957 355 404 588
7.89998 351 404 586
7.94938 349 403 587
7.99936 347 400 586
8.04984 347 396 587
8.09969 345 397 588
8.14986 342 394 596
8.19974 340 393 595
8.24992 339 395 602
8.29998 336 394 607
8.34973 329 392 608
8.39988 324 393 609
8.44833 322 393 608
8.49965 320 396 614
8.54971 312 395 626
8.59991 309 393 630
8.64972 307 393 637
8.69986 305 389 639
8.74943 302 388 645
8.79976 299 389 640
8.84984 296 388 639
8.8991 292 387 636
8.94923 290 385 645
8.99997 288 383 647
9.04965 283 381 656
9.09993 282 379 657
9.14996 282 375 660
9.19954 278 374 664
9.24975 275 371 668
9.29973 275 368 665
9.3496 273 366 663
9.39971 271 361 670
9.44984 267 359 675
9.49995 266 357 678
9.54986 263 355 680
9.59948 260 353 683
9.64996 255 350 692
9.69865 253 348 693
9.74997 250 347 696
9.79996 244 347 700
9.84939 244 347 704
9.89963 241 343 709
9.94939 238 340 702
9.99942 235 338 700
10.0493 232 337 705
10.0998 229 335 709
10.1497 229 331 711
10.1994 225 324 715
10.2496 222 322 721
10.2997 220 316 721
10.3495 219 312 720
10.3995 217 309 726
10.4496 213 311 724
10.5 210 309 730
10.5499 209 305 730
10.5997 204 303 730
10.6496 204 301 736
10.6999 200 300 740
10.7499 198 297 742
10.7996 195 293 743
10.8497 191 292 744
10.8998 190 289 750
10.9496 186 286 747
10.9996 184 284 742
11.0499 183 281 738
11.0999 181 278 740
11.1489 179 276 739
11.1997 177 271 741
11.2499 175 268 743
11.2998 174 264 747
11.3499 168 265 749
11.4 165 263 750
11.4499 162 262 754
11.4989 161 264 759
11.5498 160 260 762
11.6 155 257 766
11.6498 152 256 757
11.6998 150 254 764
11.7494 149 251 768
11.7992 149 247 771
11.849 147 245 771
11.8998 144 244 773
11.9493 142 242 775
11.9979 139 237 772
12.0499 137 235 770
12.1 136 233 764
12.1499 132 230 764
12.1987 131 228 765
12.2499 128 225 765
12.2983 127 220 768
12.3492 126 220 772
12.3999 126 218 776
12.4499 122 217 778
12.4998 120 216 780
12.5498 118 217 783
12.5997 115 217 783
12.6483 114 215 782
12.6992 113 214 785
12.7498 113 212 791
12.7996 111 211 792
12.848 109 208 789
12.8997 107 207 793
12.9488 106 203 796
12.9995 106 202 795
13.0495 105 201 791
13.0998 105 198 792
13.1495 103 198 793
13.1999 102 197 794
13.2491 100 195 793
13.2997 99 194 800
13.3492 98 192 801
13.3989 94 191 799
13.4498 92 188 806
13.4998 91 183 802
13.5493 90 183 806
13.5988 89 180 803
13.6496 88 177 806
13.6996 86 172 812
13.7499 86 170 814
13.8 85 164 816
13.8489 82 165 819
13.8987 78 163 816
13.9495 77 162 816
13.9993 75 163 812
14.0499 73 160 812
14.0996 70 156 812
14.1496 70 155 808
14.2 70 152 806
14.2492 68 150 801
14.2998 66 150 801
14.35 66 148 794
14.3996 65 147 793
14.449 63 147 796
14.4986 63 146 795
14.5492 63 146 794
14.5995 61 142 793
14.6498 61 142 794
14.6995 60 141 799
14.7499 60 139 795
14.7996 59 137 792
14.8488 57 136 792
14.8994 56 135 788
14.9493 55 133 788
15 52 130 788
15.0498 49 127 788
15.0998 49 125 784
15.1497 47 122 782
15.1997 46 120 784
15.2495 44 119 779
15.2988 43 118 784
15.35 43 114 790
15.3989 43 111 791
15.4497 42 111 790
15.4998 41 109 796
15.5493 40 107 795
15.5991 40 107 793
15.6497 40 105 800
15.6999 40 105 798
15.7491 40 102 798
15.7992 40 99 802
15.8499 38 99 803
15.9 32 98 802
15.95 32 98 800
15.9994 31 96 802
16.0495 30 94 802
16.0991 29 91 804
16.1487 27 89 805
16.2 27 89 809
16.2487 25 87 810
16.2999 25 86 803
16.349 25 84 798
16.3972 25 82 800
16.4499 25 78 800
16.499 25 77 793
16.55 23 76 796
16.5998 22 75 797
16.65 22 75 796
16.6964 21 75 796
16.7498 20 74 795
16.7995 19 69 799
16.8498 19 67 797
16.8987 19 64 800
16.9497 17 63 797
16.9996 17 62 801
17.0493 17 59 799
17.0999 17 58 801
17.1489 17 57 802
17.1988 16 57 799
17.2499 15 56 798
17.2998 14 56 795
17.3499 13 55 793
17.3998 12 54 794
17.4495 12 51 794
17.4993 11 49 800
17.55 10 48 802
17.5995 8 48 801
17.6497 8 47 803
17.6993 6 47 802
17.7498 6 46 800
17.7999 5 44 796
17.8486 5 44 797
17.8997 5 43 799
17.9491 5 43 802
17.9998 5 43 803
18.0495 5 43 808
18.0987 5 43 811
18.1497 5 41 815
18.1999 4 39 812
18.2498 3 39 813
18.2994 3 39 814
18.3497 3 37 813
18.3994 3 36 813
18.4488 3 35 815
18.4976 3 34 816
18.5476 3 32 811
18.5998 3 32 813
18.6496 3 32 814
18.6995 2 32 814
18.7495 2 32 814
18.7987 2 32 813
18.8479 1 32 814
18.8995 1 32 811
18.95 1 32 812
18.9999 1 31 808
19.0499 1 30 810
19.0989 1 29 806
19.1489 1 29 809
19.2 1 29 807
19.2487 1 28 808
19.2986 1 28 806
19.3499 1 28 804
19.399 1 28 802
19.4495 1 28 804
19.4999 1 25 804
19.5498 1 25 811
19.5987 1 24 808
19.6493 1 24 811
19.6998 1 24 812
19.7488 1 24 811
19.7995 1 23 810
19.8499 1 23 807
19.8999 1 22 812
19.9499 1 22 815
19.9999 1 22 817
20.0498 1 22 816
20.0996 0 21 815
20.1493 0 21 810
20.1999 0 21 807
20.2495 0 21 805
20.2999 0 21 805
20.3474 0 21 805
20.3998 0 19 799
20.4489 0 19 798
20.4994 0 19 800
20.5494 0 19 804
20.5999 0 19 801
20.6499 0 19 803
20.6996 0 19 800
20.7496 0 18 798
20.7989 0 18 798
20.8496 0 18 799
20.8995 0 18 799
20.9498 0 18 800
20.9986 0 18 804
21.0495 0 17 801
21.0988 0 17 801
21.1473 0 17 806
21.1982 0 17 808
21.2498 0 17 806
21.298 0 17 807
21.3494 0 17 805
21.3968 0 17 807
21.4488 0 17 805
21.4982 0 17 801
21.5494 0 17 802
21.5975 0 17 806
21.6479 0 17 806
21.699 0 17 805
21.7494 0 17 804
21.7996 0 17 807
21.8496 0 17 810
21.8999 0 17 811
21.9489 0 17 813
21.9999 0 17 811
22.0484 0 17 805
22.0972 0 17 802
22.1473 0 17 805
22.2 0 17 804
22.2479 0 17 802
22.2929 0 17 802
22.3499 0 17 802
22.3998 0 17 801
22.4495 0 17 799
22.4966 0 17 796
22.5473 0 17 802
22.5993 0 17 793
22.6478 0 17 789
22.6992 0 17 787
22.7468 0 17 792
22.7956 0 17 795
22.8475 0 17 797
22.8977 0 17 798
22.9491 0 17 798
22.9998 0 17 799
23.0497 0 17 799
23.0992 0 17 802
23.1487 0 17 804
23.1998 0 17 803
23.2493 0 17 804
23.2976 0 17 807
23.3497 0 17 807
23.3977 0 17 803
23.448 0 17 803
23.4992 0 17 806
23.5496 0 17 803
23.5998 0 17 805
23.6493 0 17 802
23.6981 0 17 801
23.7496 0 17 801
23.7985 0 17 801
23.8485 0 17 799
23.898 0 17 798
23.9467 0 17 799
23.9999 0 17 798
24.0492 0 17 802
24.0993 0 17 797
24.1493 0 17 798
24.1996 0 17 805
24.2489 0 17 807
24.2996 0 17 806
24.3489 0 17 807
24.3991 0 17 808
24.4438 0 17 808
24.4988 0 17 809
24.5479 0 17 803
24.5987 0 17 798
24.6492 0 17 804
24.6995 0 17 805
24.749 0 17 807
24.7997 0 17 801
24.8493 0 17 797
24.8977 0 17 801
24.95 0 17 799
25 0 17 799
25.0492 0 17 799
25.0987 0 17 797
25.1491 0 17 791
25.1998 0 17 794
25.249 0 17 795
25.2987 0 17 794
25.35 0 17 796
25.3994 0 17 796
25.4478 0 17 793
25.4987 0 17 794
25.5479 0 17 794
25.5999 0 17 790
25.6495 0 17 789
25.6992 0 17 791
25.7476 0 17 791
25.7991 0 17 792
25.8485 0 17 795
25.8989 0 17 801
25.949 0 17 798
25.9997 0 17 794
26.0491 0 17 797
26.0994 0 17 794
26.1487 0 17 789
26.2 0 17 791
26.2482 0 17 788
26.2991 0 17 790
26.3483 0 17 787
26.3997 0 17 788
26.449 0 17 792
26.4991 0 17 799
26.5497 0 17 800
26.5972 0 17 796
26.65 0 17 796
26.699 0 17 799
26.7499 0 17 803
26.7988 0 17 807
26.8478 0 17 805
26.8987 0 17 808
26.9499 0 17 808
26.9981 0 17 805
27.0497 0 17 810
27.0995 0 17 812
27.15 0 17 810
27.1999 0 17 806
27.2498 0 17 806
27.2992 0 17 805
27.3486 0 17 803
27.399 0 17 800
27.4487 0 17 797
27.4994 0 17 801
27.5486 0 17 797
27.5996 0 17 797
27.6484 0 17 802
27.6997 0 17 798
27.7479 0 17 796
27.7962 0 17 798
27.8488 0 17 799
27.8997 0 17 801
27.9495 0 17 795
27.9986 0 17 794
28.0446 0 17 798
28.0997 0 17 799
28.149 0 17 805
28.1993 0 17 804
28.2492 0 17 799
28.2976 0 17 801
28.3497 0 17 796
28.3995 0 17 794
28.4487 0 17 796
28.4997 0 17 797
28.5494 0 17 797
28.5991 0 17 795
28.6472 0 17 793
28.6998 0 17 798
28.7473 0 17 798
28.7979 0 17 799
28.8424 0 17 797
28.8992 0 17 802
28.95 0 17 801
28.999 0 17 801
29.0496 0 17 799
29.0978 0 17 794
29.1491 0 17 794
29.1981 0 17 796
29.2486 0 17 790
29.299 0 17 791
29.3498 0 17 791
29.3989 0 17 797
29.4497 0 17 796
29.4995 0 17 797
29.5481 0 17 792
29.5987 0 17 790
29.6482 0 17 790
29.6979 0 17 783
29.7499 0 17 782
29.7999 0 17 781
29.85 0 17 781
29.8995 0 17 780
29.9489 0 17 773
29.9979 0 17 776
30.0475 0 17 773
30.0995 0 17 777
30.149 0 17 776
30.1983 0 17 784
30.2497 0 17 785
30.2999 0 17 780
30.3496 0 17 780
30.3996 0 17 777
30.4487 0 17 785
30.4992 0 17 783
30.5495 0 17 786
30.5975 0 17 784
30.6489 0 17 785
30.6981 0 17 776
30.7483 0 17 786
30.8 0 17 787
30.8494 0 17 796
30.8973 0 17 803
30.9482 0 17 809
30.9991 0 17 808
31.05 0 17 807
31.0995 0 17 806
31.1497 0 17 797
31.1993 0 17 798
31.2461 0 17 796
31.2971 0 17 790
31.3498 0 17 790
31.3979 0 17 793
31.4497 0 17 795
31.4996 0 17 791
31.55 0 17 790
31.5991 0 17 796
31.6491 0 17 801
31.6987 0 17 802
31.7483 0 17 803
31.7996 0 17 806
31.848 0 17 808
31.8974 0 17 805
31.9489 0 17 806
31.9999 0 17 803
32.0493 0 17 797
32.0988 0 17 801
32.1499 0 17 798
32.1995 0 17 798
32.2467 0 17 797
32.2973 0 17 799
32.3482 0 17 795
32.3999 0 17 797
32.4498 0 17 800
32.498 0 17 800
32.5499 0 17 801
32.5985 0 17 800
32.6498 0 17 798
32.6992 0 17 795
32.7483 0 17 800
32.7969 0 17 797
32.8492 0 17 796
32.8993 0 17 794
32.9492 0 17 795
32.9997 0 17 798
33.0496 0 17 799
33.0988 0 17 798
33.1499 0 17 794
33.1994 0 17 794
33.2486 0 17 794
33.2996 0 17 792
33.3493 0 17 794
33.3967 0 17 789
33.4481 0 17 789
33.499 0 17 791
33.5496 0 17 792
33.5996 0 17 790
33.6495 0 17 788
33.7 0 17 788
33.7491 0 17 784
33.799 0 17 782
33.8496 0 17 789
33.8994 0 17 790
33.9498 0 17 789
33.9998 0 17 786
34.0492 0 17 785
34.0996 0 17 788
34.148 0 17 791
34.1998 0 17 792
34.2495 0 17 793
34.2974 0 17 793
34.3498 0 17 794
34.3991 0 17 795
34.4484 0 17 795
34.4987 0 17 792
34.5499 0 17 789
34.5995 0 17 790
34.649 0 17 793
34.6989 0 17 791
34.75 0 17 793
34.7977 0 17 790
34.8493 0 17 791
34.8981 0 17 790
34.9498 0 17 793
34.9999 0 17 791
35.0492 0 17 796
35.0997 0 17 794
35.1499 0 17 794
35.1999 0 17 796
35.2488 0 17 793
35.2998 0 17 790
35.35 0 17 785
35.3989 0 17 782
35.4486 0 17 781
35.4994 0 17 778
35.5495 0 17 782
35.5976 0 17 781
35.6494 0 17 779
35.6994 0 17 776
35.7485 0 17 778
35.798 0 17 779
35.8487 0 17 778
35.8996 0 17 773
35.9494 0 17 772
35.9994 0 17 770
36.0492 0 17 772
36.0985 0 17 773
36.1498 0 17 776
36.1998 0 17 771
36.2493 0 17 772
36.2999 0 17 768
36.3497 0 17 762
36.3979 0 17 765
36.446 0 17 766
36.4993 0 17 764
36.5498 0 17 766
36.5985 0 17 768
36.6499 0 17 773
36.6991 0 17 775
36.7497 0 17 775
36.7998 0 17 772
36.8489 0 17 770
36.8975 0 17 773
36.9496 0 17 771
36.9998 0 17 770
37.0498 0 17 768
37.0994 0 17 773
37.1472 0 17 765
37.2 0 17 767
37.2498 0 17 766
37.2993 0 17 763
37.3494 0 17 770
37.3983 0 17 768
37.4493 0 17 767
37.4994 0 17 773
37.5498 0 17 774
37.5984 0 17 774
37.6497 0 17 775
37.6992 0 17 775
37.7487 0 17 769
37.7989 0 17 772
37.8499 0 17 775
37.8989 0 17 773
37.9495 0 17 773
37.9981 0 17 775
38.0471 0 17 783
38.0999 0 17 782
38.1497 0 17 785
38.1999 0 17 784
38.2496 0 17 783
38.2999 0 17 791
38.3493 0 17 793
38.3995 0 17 793
38.448 0 17 793
38.4994 0 17 789
38.5489 0 17 792
38.5991 0 17 794
38.6486 0 17 794
38.6999 0 17 789
38.7492 0 17 790
38.7994 0 17 790
38.8497 0 17 789
38.9 0 17 789
38.9488 0 17 787
38.9976 0 17 788
39.0489 0 17 786
39.0999 0 17 788
39.1499 0 17 794
39.1989 0 17 796
39.2494 0 17 796
39.299 0 17 797
39.3498 0 17 802
39.3981 0 17 801
39.4493 0 17 796
39.4998 0 17 800
39.5499 0 17 803
39.5949 0 17 802
39.6494 0 17 807
39.6975 0 17 802
39.7499 0 17 804
39.7978 0 17 808
39.8491 0 17 805
39.8994 0 17 803
39.9496 0 17 804
39.9997 0 17 803
40.0496 0 17 804
40.0983 0 17 805
40.1457 0 17 799
40.1997 0 17 802
40.2482 0 17 796
40.2998 0 17 798
40.3494 0 17 796
40.3969 0 17 795
40.4499 0 17 797
40.4975 0 17 797
40.5486 0 17 795
40.5994 0 17 794
40.6497 0 17 795
40.6998 0 17 800
40.7499 0 17 807
40.7988 0 17 807
40.8489 0 17 806
40.8965 0 17 804
40.9492 0 17 808
40.9992 0 17 811
41.0496 0 17 810
41.0997 0 17 812
41.1492 0 17 812
41.1991 0 17 816
41.2499 0 17 816
41.2994 0 17 813
41.3493 0 17 815
41.3995 0 17 819
41.4498 0 17 822
41.4997 0 17 814
41.5499 0 17 815
41.5998 0 17 812
41.6495 0 17 817
41.699 0 17 822
41.7499 0 17 818
41.7998 0 17 813
41.8479 0 17 810
41.8999 0 17 811
41.9491 0 17 810
41.9986 0 17 805
42.0497 0 17 805
42.1 0 17 800
42.1497 0 17 804
42.1989 0 17 805
42.248 0 17 805
42.2988 0 17 807
42.3497 0 17 806
42.3978 0 17 808
42.4499 0 17 812
42.4943 0 17 816
42.5499 0 17 816
42.5981 0 17 819
42.6492 0 17 815
42.6998 0 17 815
42.7497 0 17 820
42.7987 0 17 818
42.8496 0 17 819
42.9 0 17 820
42.9492 0 17 820
42.9991 0 17 817
43.0496 0 17 816
43.0984 0 17 811
43.1436 0 17 808
43.1985 0 17 819
43.2483 0 17 816
43.2972 0 17 815
43.3488 0 17 814
43.3981 0 17 814
43.4493 0 17 813
43.4996 0 17 814
43.5498 0 17 809
43.5985 0 17 808
43.6479 0 17 810
43.6983 0 17 806
43.7496 0 17 810
43.7985 0 17 816
43.8494 0 17 816
43.8969 0 17 808
43.9499 0 17 807
43.9997 0 17 803
44.049 0 17 803
44.0931 0 17 808
44.1492 0 17 809
44.1985 0 17 805
44.2496 0 17 797
44.2999 0 17 795
44.3495 0 17 795
44.3996 0 17 797
44.4486 0 17 794
44.4996 0 17 795
44.548 0 17 795
44.5981 0 17 794
44.6476 0 17 791
44.6978 0 17 791
44.7442 0 17 785
44.7975 0 17 786
44.8499 0 17 787
44.8995 0 17 789
44.9477 0 17 789
44.9975 0 17 794
45.0477 0 17 790
45.0991 0 17 786
45.15 0 17 785
45.1999 0 17 783
45.25 0 17 785
45.2967 0 17 781
45.3497 0 17 776
45.3974 0 17 777
45.4496 0 17 774
45.4986 0 17 772
45.5487 0 17 778
45.5995 0 17 777
45.6436 0 17 775
45.6993 0 17 775
45.7494 0 17 776
45.8 0 17 777
45.8491 0 17 776
45.8996 0 17 777
45.9495 0 17 782
45.9999 0 17 782
46.0492 0 17 776
46.0998 0 17 774
46.1472 0 17 779
46.1998 0 17 779
46.2497 0 17 777
46.2999 0 17 775
46.3495 0 17 776
46.399 0 17 775
46.4498 0 17 775
46.499 0 17 775
46.5499 0 17 776
46.5996 0 17 783
46.65 0 17 786
46.6993 0 17 794
46.7469 0 17 796
46.7987 0 17 791
46.8492 0 17 785
46.8992 0 17 785
46.9496 0 17 786
46.9994 0 17 786
47.0493 0 17 788
47.0973 0 17 791
47.1486 0 17 792
47.1983 0 17 793
47.2484 0 17 793
47.2991 0 17 794
47.3493 0 17 795
47.3966 0 17 793
47.45 0 17 797
47.4999 0 17 795
47.5491 0 17 796
47.5993 0 17 795
47.6494 0 17 797
47.6998 0 17 800
47.7498 0 17 802
47.7979 0 17 803
47.8497 0 17 796
47.8972 0 17 792
47.9494 0 17 789
47.998 0 17 793
48.0491 0 17 794
48.0999 0 17 797
48.1486 0 17 800
48.1999 0 17 808
48.2492 0 17 803
48.2985 0 17 797
48.3453 0 17 797
48.3981 0 17 799
48.4486 0 17 800
48.4979 0 17 797
48.5485 0 17 795
48.5984 0 17 796
48.6465 0 17 798
48.6995 0 17 800
48.7499 0 17 799
48.7979 0 17 801
48.8488 0 17 801
48.8997 0 17 799
48.9465 0 17 803
48.9947 0 17 802
49.0499 0 17 799
49.0999 0 17 800
49.1498 0 17 796
49.1998 0 17 796
49.2488 0 17 797
49.2989 0 17 791
49.3495 0 17 793
49.398 0 17 790
49.4496 0 17 787
49.4995 0 17 788
49.5499 0 17 789
49.5995 0 17 787
49.6499 0 17 787
49.6994 0 17 788
49.7495 0 17 788
49.7993 0 17 787
49.8464 0 17 791
49.8971 0 17 795
49.9496 0 17 799
49.9998 0 17 803
50.0002 0 17 803
