0.0499532 990 0 16
0.0998562 980 0 32
0.149412 974 0 41
0.199497 971 1 52
0.249776 967 6 61
0.299654 962 8 71
0.349957 953 13 79
0.399589 944 17 92
0.449517 932 23 105
0.498261 929 24 115
0.549762 926 28 128
0.599566 919 30 140
0.649772 912 33 148
0.699708 906 37 156
0.749894 903 46 161
0.799904 897 46 169
0.849905 887 50 172
0.899869 881 55 176
0.949809 876 59 183
0.999751 874 64 186
1.04977 869 65 193
1.09997 863 73 196
1.14996 858 72 213
1.19978 852 75 220
1.24984 844 81 227
1.29961 842 87 232
1.34998 838 88 240
1.39984 835 87 239
1.44954 829 91 240
1.49991 826 96 241
1.54984 819 102 253
1.5999 815 103 256
1.6497 812 108 260
1.69963 806 114 265
1.74923 796 115 269
1.79957 790 121 272
1.84958 788 127 281
1.89968 786 130 284
1.94986 778 137 289
1.99912 771 144 291
2.05 765 147 295
2.09978 762 153 295
2.14933 755 161 301
2.19927 754 167 304
2.24997 751 178 305
2.29951 749 184 310
2.34972 746 185 307
2.39978 744 187 313
2.4499 741 197 317
2.4993 735 206 310
2.54956 734 218 312
2.59922 731 224 313
2.64998 726 236 310
2.69971 722 242 309
2.74997 715 244 313
2.79946 711 248 315
2.84956 705 252 319
2.89801 699 252 318
2.94963 694 260 319
2.99999 691 272 326
3.04967 688 280 327
3.09993 685 288 334
3.14989 684 296 343
3.19997 682 302 347
3.24957 682 311 339
3.29974 682 310 338
3.34983 678 316 339
3.39994 669 318 344
3.44987 664 320 343
3.49954 659 321 346
3.5495 653 323 350
3.59973 648 324 355
3.64971 646 330 354
3.69933 643 334 363
3.74997 641 337 363
3.79986 639 337 363
3.84966 633 340 362
3.89997 631 340 367
3.94993 628 343 372
3.99946 625 348 376
4.04879 620 351 380
4.09964 614 351 384
4.1498 609 357 390
4.19981 608 363 393
4.24976 607 363 395
4.29983 605 369 397
4.34965 599 368 402
4.39982 594 372 410
4.44978 590 377 413
4.49976 583 376 416
4.54963 577 378 410
4.59917 572 379 411
4.64994 571 383 411
4.69995 564 385 411
4.74954 559 387 410
4.79997 558 388 415
4.8495 556 392 411
4.89976 552 397 423
4.94987 545 403 424
4.99998 541 403 424
5.04991 535 411 428
5.09978 533 420 435
5.14991 531 422 432
5.19963 525 424 432
5.24984 523 429 435
5.29947 519 428 436
5.34989 513 429 440
5.39986 508 431 444
5.44862 504 432 445
5.4998 499 434 449
5.54857 491 440 455
5.59963 490 445 460
5.64971 487 445 466
5.69984 484 448 468
5.74993 482 451 470
5.79996 480 457 474
5.84997 476 458 476
5.89975 472 453 483
5.94937 468 457 486
5.99971 459 454 491
6.04976 458 457 493
6.09928 455 459 503
6.14938 453 458 508
6.19955 451 465 513
6.24996 449 464 516
6.29995 446 465 519
6.34999 443 461 518
6.39948 443 462 524
6.44998 441 464 524
6.49964 439 464 527
6.54917 434 461 531
6.59988 428 463 526
6.64992 422 465 528
6.69988 417 464 527
6.74923 412 464 531
6.79996 411 467 532
6.84989 407 462 536
6.89924 405 461 536
6.94951 404 456 539
6.99975 401 457 539
7.04971 398 448 538
7.09791 395 444 542
7.14997 393 443 551
7.19989 389 445 555
7.24975 386 445 555
7.29964 382 446 555
7.34903 378 446 555
7.39994 378 449 562
7.44922 376 448 570
7.49958 375 443 576
7.54966 371 441 578
7.59991 366 441 583
7.64967 362 441 586
7.69963 354 440 592
7.7498 351 440 594
7.79963 349 440 594
7.84971 346 442 600
7.89969 344 446 599
7.94894 342 444 605
7.9998 335 441 603
8.04946 334 440 610
8.1 334 437 610
8.14986 332 436 614
8.19922 327 441 616
8.24999 323 438 618
8.29997 321 436 622
8.34963 318 436 626
8.39978 316 436 635
8.44857 316 435 635
8.49942 311 432 636
8.54956 307 430 641
8.59998 307 429 646
8.64968 303 423 648
8.6993 300 419 653
8.74842 299 416 652
8.79904 298 415 649
8.84998 296 416 656
8.89894 295 414 660
8.94984 293 412 657
8.99965 289 411 660
9.04991 284 410 657
9.09836 284 412 657
9.14976 280 409 656
9.1999 277 409 665
9.24974 274 406 669
9.29983 274 404 672
9.34897 271 402 673
9.39853 270 401 681
9.44943 270 398 679
9.49997 267 396 683
9.54976 265 398 685
9.59881 261 395 689
9.64795 259 392 691
9.69969 257 387 696
9.74966 255 383 700
9.79997 252 379 703
9.84953 250 379 706
9.89975 250 376 711
9.94946 246 375 720
9.99982 242 373 723
10.0499 241 367 724
10.0998 238 366 728
10.1494 236 365 725
10.1999 233 361 724
10.2496 231 361 726
10.2997 231 358 728
10.3499 230 352 730
10.3995 225 351 726
10.4499 223 346 727
10.4996 221 344 731
10.5494 214 339 731
10.5999 212 337 734
10.6494 211 335 738
10.6995 205 334 741
10.7495 200 334 740
10.7994 198 333 740
10.85 197 331 742
10.8989 196 326 742
10.9498 194 324 746
10.9998 194 324 753
11.0495 190 321 757
11.0999 190 319 765
11.1494 186 318 771
11.1999 183 315 773
11.2494 183 313 774
11.2999 182 310 777
11.3499 182 308 772
11.3998 179 306 773
11.45 174 304 778
11.4999 171 304 782
11.5497 170 299 786
11.5998 168 297 783
11.6496 167 295 790
11.6998 163 291 786
11.7495 160 287 791
11.7999 159 284 788
11.8492 158 282 795
11.9 153 281 800
11.9484 148 280 803
11.9992 143 277 798
12.0497 140 274 799
12.0988 136 271 803
12.1497 135 271 806
12.1999 132 269 806
12.2499 132 268 808
12.2987 131 264 809
12.3499 130 260 806
12.3998 127 260 807
12.4494 126 257 805
12.4991 122 257 799
12.5496 118 255 801
12.5995 115 255 800
12.6496 115 254 797
12.6991 113 251 795
12.7498 113 250 793
12.7994 111 243 796
12.8498 110 241 792
12.8999 110 240 790
12.9494 109 237 790
12.999 107 234 795
13.05 102 228 791
13.0999 101 225 791
13.1498 99 223 795
13.1999 99 223 796
13.2497 97 221 795
13.2997 95 217 795
13.3493 93 214 797
13.3992 91 214 797
13.4492 89 212 797
13.5 88 208 798
13.5493 86 207 797
13.5996 84 207 798
13.6497 82 203 801
13.6996 81 201 805
13.749 77 198 805
13.8 77 196 808
13.8493 75 194 808
13.8999 73 191 811
13.9489 72 188 810
14 71 187 808
14.0497 70 185 802
14.0997 67 185 802
14.1496 65 183 806
14.2 65 182 804
14.2495 63 179 806
14.2999 62 178 809
14.3486 60 178 807
14.4 59 176 806
14.4491 59 173 804
14.4989 59 169 805
14.5483 58 168 807
14.5985 58 164 808
14.6485 55 163 804
14.6999 54 161 802
14.7499 54 161 805
14.7999 52 160 807
14.8498 50 159 813
14.8998 50 158 812
14.9495 48 155 811
14.9995 48 152 815
15.05 47 152 812
15.1 47 149 811
15.1492 46 148 809
15.1999 46 146 810
15.2498 45 145 808
15.2997 44 141 806
15.3499 41 135 807
15.3993 39 134 807
15.45 39 133 801
15.4994 38 132 801
15.5479 38 131 799
15.5987 36 127 801
15.65 36 121 801
15.699 34 121 800
15.7491 34 118 803
15.7989 34 117 805
15.8494 30 110 804
15.8994 29 107 806
15.9486 29 104 804
16 28 104 800
16.0498 28 102 803
16.1 27 102 805
16.1496 26 101 804
16.1996 26 101 802
16.2485 25 101 804
16.2998 23 100 810
16.3496 22 98 815
16.3996 20 98 820
16.4499 20 97 820
16.4994 20 96 820
16.55 18 93 817
16.6 15 92 815
16.6495 14 91 817
16.7 13 90 819
16.7499 13 90 816
16.7998 12 90 814
16.8489 12 87 816
16.8989 12 86 820
16.9498 12 84 814
17 12 83 813
17.0491 12 83 809
17.0998 12 81 808
17.1497 11 79 810
17.198 10 78 810
17.2498 10 77 808
17.2988 7 76 807
17.3492 7 75 805
17.3992 7 74 806
17.4492 7 74 808
17.4998 6 74 808
17.55 6 73 812
17.5983 6 71 807
17.6497 6 71 808
17.6999 6 71 809
17.7493 6 70 810
17.7998 6 66 812
17.849 6 64 816
17.8996 6 64 818
17.95 6 62 809
17.9999 5 61 809
18.0492 5 60 810
18.099 4 59 809
18.15 4 56 807
18.1998 4 53 805
18.25 4 53 802
18.2995 4 52 798
18.3484 4 52 790
18.3998 4 51 787
18.4487 4 48 785
18.4996 4 48 783
18.5499 4 47 781
18.5989 4 47 777
18.6497 3 47 776
18.6998 3 47 780
18.7496 3 47 790
18.7994 2 45 793
18.8488 2 44 792
18.9 2 42 791
18.9499 2 42 789
18.9988 2 42 795
19.0492 2 39 795
19.0992 2 38 798
19.1495 2 38 797
19.1987 2 38 797
19.2496 2 37 795
19.2992 2 35 800
19.3494 2 35 803
19.3991 1 34 799
19.4477 1 33 797
19.4993 1 33 795
19.5496 1 33 791
19.5991 1 31 789
19.65 0 31 791
19.6999 0 31 788
19.7493 0 30 790
19.7989 0 29 789
19.8491 0 29 788
19.8983 0 29 785
19.9498 0 29 785
19.9989 0 29 787
20.0491 0 29 787
20.0993 0 29 787
20.1489 0 29 787
20.1996 0 29 784
20.2493 0 29 787
20.2999 0 29 786
20.3493 0 28 790
20.4 0 28 794
20.4499 0 27 791
20.4999 0 27 792
20.5496 0 27 796
20.599 0 27 798
20.647 0 27 799
20.6997 0 27 796
20.7493 0 27 789
20.799 0 26 793
20.8476 0 26 791
20.8985 0 26 794
20.9499 0 26 792
20.9999 0 26 790
21.049 0 26 797
21.1 0 25 798
21.1497 0 24 799
21.1997 0 24 800
21.2481 0 24 797
21.2978 0 24 796
21.3492 0 24 798
21.3994 0 24 799
21.4496 0 24 804
21.4999 0 23 811
21.5498 0 23 813
21.6 0 23 809
21.6492 0 23 808
21.6999 0 23 800
21.7498 0 23 804
21.7991 0 23 804
21.8497 0 23 803
21.8997 0 23 807
21.9493 0 23 805
21.9998 0 23 810
22.0497 0 23 806
22.0978 0 23 809
22.1497 0 23 811
22.1998 0 23 812
22.2486 0 23 814
22.2997 0 23 815
22.3492 0 23 810
22.3993 0 23 809
22.4497 0 23 811
22.5 0 23 817
22.5466 0 23 816
22.5989 0 23 818
22.6486 0 23 819
22.6995 0 23 821
22.7477 0 23 819
22.7994 0 23 821
22.8496 0 23 819
22.8994 0 23 810
22.9481 0 23 804
22.9994 0 23 804
23.0492 0 23 802
23.0992 0 23 805
23.1487 0 23 803
23.1999 0 23 804
23.2465 0 23 810
23.2991 0 23 810
23.3491 0 23 804
23.4 0 23 803
23.4497 0 23 803
23.4999 0 23 800
23.5498 0 23 800
23.5972 0 23 799
23.6455 0 23 801
23.6995 0 23 800
23.7427 0 23 800
23.7966 0 23 800
23.8488 0 23 794
23.898 0 23 798
23.9468 0 23 800
23.9983 0 23 800
24.0487 0 23 803
24.1 0 23 801
24.1495 0 23 803
24.1976 0 23 797
24.25 0 23 796
24.2985 0 23 794
24.3495 0 23 791
24.3988 0 23 793
24.4496 0 23 795
24.4974 0 23 801
24.5496 0 23 802
24.5987 0 23 798
24.6488 0 23 803
24.6994 0 23 800
24.7489 0 23 797
24.7994 0 23 795
24.8494 0 23 799
24.8997 0 23 793
24.9495 0 23 799
24.9991 0 23 803
25.049 0 23 807
25.0992 0 23 801
25.1495 0 23 800
25.2 0 23 799
25.25 0 23 802
25.2987 0 23 805
25.3496 0 23 803
25.4 0 23 803
25.4497 0 23 802
25.4999 0 23 804
25.5482 0 23 804
25.5971 0 23 806
25.6498 0 23 802
25.6985 0 23 798
25.7494 0 23 795
25.7999 0 23 797
25.8485 0 23 797
25.8996 0 23 792
25.9491 0 23 798
25.9997 0 23 801
26.0484 0 23 800
26.0998 0 23 804
26.1486 0 23 805
26.1978 0 23 804
26.2496 0 23 807
26.2995 0 23 802
26.3498 0 23 795
26.3999 0 23 796
26.448 0 23 798
26.4999 0 23 796
26.5488 0 23 793
26.5997 0 23 793
26.6499 0 23 791
26.6997 0 23 790
26.7493 0 23 794
26.7999 0 23 796
26.8489 0 23 799
26.8987 0 23 797
26.948 0 23 788
26.9987 0 23 785
27.0494 0 23 782
27.0986 0 23 784
27.1495 0 23 785
27.1991 0 23 784
27.2497 0 23 790
27.2999 0 23 796
27.3435 0 23 795
27.3992 0 23 802
27.4477 0 23 807
27.497 0 23 806
27.548 0 23 807
27.6 0 23 804
27.6493 0 23 802
27.6993 0 23 798
27.748 0 23 797
27.7997 0 23 799
27.8492 0 23 800
27.8991 0 23 800
27.949 0 23 802
27.9995 0 23 800
28.0488 0 23 798
28.098 0 23 800
28.1464 0 23 800
28.1957 0 23 801
28.2482 0 23 804
28.2991 0 23 806
28.3488 0 23 812
28.3998 0 23 812
28.4489 0 23 810
28.4996 0 23 811
28.5495 0 23 809
28.5994 0 23 805
28.6489 0 23 803
28.6997 0 23 799
28.7496 0 23 802
28.8 0 23 800
28.8499 0 23 804
28.8973 0 23 800
28.9495 0 23 799
28.9984 0 23 802
29.0495 0 23 802
29.0999 0 23 797
29.1487 0 23 795
29.1986 0 23 804
29.2493 0 23 802
29.2997 0 23 802
29.35 0 23 808
29.3997 0 23 807
29.4497 0 23 798
29.4989 0 23 797
29.5479 0 23 797
29.5961 0 23 793
29.6469 0 23 793
29.6995 0 23 792
29.7482 0 23 790
29.7996 0 23 789
29.8497 0 23 789
29.8998 0 23 788
29.9495 0 23 790
29.9997 0 23 791
30.049 0 23 790
30.0998 0 23 791
30.1498 0 23 792
30.1977 0 23 791
30.2495 0 23 792
30.2993 0 23 796
30.3473 0 23 794
30.3998 0 23 794
30.4486 0 23 799
30.4992 0 23 802
30.5496 0 23 803
30.5976 0 23 799
30.6488 0 23 798
30.6987 0 23 789
30.7476 0 23 793
30.7989 0 23 799
30.8488 0 23 803
30.8975 0 23 802
30.9478 0 23 799
30.9998 0 23 801
31.0497 0 23 799
31.0973 0 23 798
31.15 0 23 797
31.1999 0 23 788
31.2497 0 23 785
31.2953 0 23 786
31.3484 0 23 785
31.3998 0 23 786
31.4492 0 23 791
31.4984 0 23 790
31.5498 0 23 788
31.5974 0 23 786
31.6494 0 23 782
31.6987 0 23 784
31.7482 0 23 784
31.7998 0 23 787
31.8499 0 23 789
31.8996 0 23 788
31.9462 0 23 785
31.9994 0 23 784
32.0488 0 23 791
32.0977 0 23 790
32.1488 0 23 789
32.1988 0 23 786
32.2489 0 23 785
32.2982 0 23 790
32.3475 0 23 790
32.3973 0 23 792
32.4499 0 23 791
32.4963 0 23 790
32.5468 0 23 793
32.5978 0 23 795
32.6481 0 23 798
32.6996 0 23 794
32.7489 0 23 790
32.7994 0 23 787
32.8476 0 23 789
32.8991 0 23 789
32.9464 0 23 789
32.999 0 23 786
33.049 0 23 789
33.0996 0 23 789
33.1484 0 23 786
33.1989 0 23 785
33.2492 0 23 784
33.2998 0 23 782
33.3493 0 23 781
33.3976 0 23 783
33.45 0 23 787
33.497 0 23 785
33.5495 0 23 789
33.5982 0 23 791
33.6485 0 23 794
33.6932 0 23 799
33.7499 0 23 799
33.7999 0 23 795
33.8487 0 23 792
33.898 0 23 787
33.9497 0 23 786
34 0 23 783
34.0497 0 23 788
34.0998 0 23 787
34.1497 0 23 783
34.1994 0 23 781
34.2498 0 23 779
34.2994 0 23 780
34.3496 0 23 780
34.399 0 23 777
34.4484 0 23 778
34.4997 0 23 773
34.5498 0 23 777
34.5999 0 23 778
34.6496 0 23 773
34.6981 0 23 780
34.7488 0 23 778
34.7997 0 23 781
34.8478 0 23 777
34.8993 0 23 784
34.9485 0 23 786
34.9979 0 23 787
35.0488 0 23 795
35.0985 0 23 798
35.1493 0 23 799
35.1991 0 23 802
35.2463 0 23 806
35.2997 0 23 808
35.3486 0 23 808
35.3999 0 23 811
35.4484 0 23 811
35.499 0 23 819
35.55 0 23 814
35.597 0 23 811
35.6496 0 23 807
35.6991 0 23 805
35.7474 0 23 801
35.7985 0 23 799
35.8456 0 23 797
35.8999 0 23 796
35.9483 0 23 795
35.9999 0 23 796
36.0496 0 23 799
36.1 0 23 801
36.1499 0 23 804
36.1998 0 23 804
36.2487 0 23 805
36.2981 0 23 805
36.3495 0 23 806
36.3995 0 23 801
36.4466 0 23 794
36.4996 0 23 793
36.5488 0 23 798
36.599 0 23 799
36.6494 0 23 802
36.7 0 23 803
36.7467 0 23 801
36.7967 0 23 802
36.8454 0 23 806
36.8998 0 23 798
36.9498 0 23 795
36.9997 0 23 796
37.0494 0 23 799
37.0997 0 23 803
37.1491 0 23 802
37.1998 0 23 797
37.2491 0 23 799
37.3 0 23 795
37.3489 0 23 794
37.3991 0 23 795
37.4496 0 23 793
37.4981 0 23 793
37.5481 0 23 791
37.5916 0 23 791
37.6496 0 23 795
37.6984 0 23 797
37.7495 0 23 791
37.7997 0 23 788
37.8494 0 23 783
37.8977 0 23 783
37.9487 0 23 791
37.9984 0 23 796
38.0491 0 23 795
38.0967 0 23 798
38.1497 0 23 799
38.1992 0 23 799
38.2484 0 23 797
38.2994 0 23 801
38.3489 0 23 802
38.3959 0 23 800
38.4494 0 23 799
38.4995 0 23 796
38.5485 0 23 798
38.5971 0 23 797
38.6468 0 23 801
38.6969 0 23 805
38.75 0 23 811
38.7995 0 23 813
38.8484 0 23 810
38.898 0 23 806
38.9495 0 23 810
38.9999 0 23 806
39.0493 0 23 804
39.094 0 23 807
39.1493 0 23 811
39.1999 0 23 812
39.2468 0 23 813
39.2961 0 23 806
39.3498 0 23 804
39.3994 0 23 805
39.4475 0 23 800
39.4996 0 23 795
39.5492 0 23 798
39.599 0 23 803
39.65 0 23 804
39.6996 0 23 802
39.7469 0 23 803
39.7983 0 23 798
39.8499 0 23 798
39.8994 0 23 799
39.9491 0 23 798
39.9968 0 23 801
40.0495 0 23 802
40.0999 0 23 803
40.1472 0 23 804
40.1991 0 23 804
40.2497 0 23 810
40.2997 0 23 804
40.3481 0 23 805
40.3998 0 23 803
40.4486 0 23 799
40.4993 0 23 798
40.5477 0 23 803
40.5995 0 23 806
40.6489 0 23 805
40.6999 0 23 803
40.7478 0 23 799
40.7981 0 23 799
40.8494 0 23 799
40.8992 0 23 799
40.9497 0 23 794
41 0 23 795
41.0498 0 23 792
41.0994 0 23 795
41.15 0 23 794
41.2 0 23 796
41.2487 0 23 796
41.298 0 23 796
41.3487 0 23 801
41.3993 0 23 802
41.4497 0 23 803
41.499 0 23 800
41.5498 0 23 802
41.5999 0 23 802
41.6484 0 23 804
41.6988 0 23 804
41.7497 0 23 807
41.7982 0 23 798
41.8493 0 23 799
41.8992 0 23 798
41.9449 0 23 801
41.999 0 23 799
42.0475 0 23 801
42.099 0 23 794
42.1495 0 23 799
42.1985 0 23 801
42.2496 0 23 803
42.2986 0 23 802
42.3472 0 23 806
42.3999 0 23 802
42.4496 0 23 803
42.4993 0 23 803
42.5482 0 23 806
42.5999 0 23 806
42.6492 0 23 810
42.6998 0 23 811
42.7491 0 23 817
42.7987 0 23 815
42.8499 0 23 814
42.8977 0 23 809
42.9469 0 23 811
42.9989 0 23 813
43.0496 0 23 809
43.0985 0 23 808
43.1489 0 23 810
43.1964 0 23 807
43.2473 0 23 811
43.2999 0 23 809
43.3486 0 23 810
43.3993 0 23 809
43.4497 0 23 805
43.4989 0 23 802
43.5494 0 23 796
43.5999 0 23 798
43.6492 0 23 797
43.6979 0 23 800
43.7489 0 23 802
43.7987 0 23 798
43.8498 0 23 792
43.8978 0 23 794
43.9451 0 23 789
43.9988 0 23 790
44.0483 0 23 790
44.098 0 23 794
44.1462 0 23 794
44.1983 0 23 796
44.2484 0 23 800
44.2996 0 23 798
44.3448 0 23 798
44.3996 0 23 796
44.4488 0 23 795
44.5 0 23 797
44.5465 0 23 798
44.5984 0 23 796
44.648 0 23 793
44.6993 0 23 795
44.7497 0 23 793
44.7998 0 23 792
44.85 0 23 797
44.8982 0 23 798
44.9496 0 23 798
44.9996 0 23 800
45.0493 0 23 800
45.099 0 23 800
45.1493 0 23 801
45.1994 0 23 796
45.2489 0 23 799
45.3 0 23 794
45.3489 0 23 793
45.3999 0 23 794
45.4499 0 23 792
45.4997 0 23 791
45.5499 0 23 788
45.5979 0 23 793
45.6499 0 23 797
45.6998 0 23 795
45.7493 0 23 795
45.7977 0 23 795
45.8489 0 23 796
45.8992 0 23 799
45.9499 0 23 799
45.9979 0 23 799
46.0498 0 23 799
46.0994 0 23 797
46.15 0 23 798
46.1997 0 23 799
46.2497 0 23 797
46.3 0 23 796
46.3493 0 23 790
46.3981 0 23 797
46.4497 0 23 798
46.4989 0 23 798
46.5494 0 23 790
46.5997 0 23 789
46.6493 0 23 790
46.6994 0 23 785
46.7489 0 23 787
46.7998 0 23 788
46.8467 0 23 792
46.8992 0 23 793
46.9496 0 23 792
46.9994 0 23 800
47.0485 0 23 804
47.0985 0 23 803
47.147 0 23 801
47.1988 0 23 807
47.2488 0 23 802
47.2994 0 23 803
47.3493 0 23 802
47.398 0 23 803
47.4495 0 23 797
47.4998 0 23 795
47.5493 0 23 795
47.6 0 23 798
47.6492 0 23 798
47.6995 0 23 792
47.7494 0 23 794
47.7993 0 23 790
47.8482 0 23 788
47.8991 0 23 790
47.9498 0 23 793
47.9993 0 23 799
48.0487 0 23 798
48.0963 0 23 798
48.1485 0 23 795
48.1997 0 23 802
48.2495 0 23 803
48.2982 0 23 801
48.3496 0 23 800
48.3983 0 23 800
48.45 0 23 800
48.5 0 23 796
48.5498 0 23 797
48.5988 0 23 794
48.6492 0 23 795
48.698 0 23 797
48.7491 0 23 795
48.7995 0 23 790
48.849 0 23 789
48.8994 0 23 785
48.9487 0 23 785
48.9967 0 23 792
49.0492 0 23 792
49.0982 0 23 797
49.1477 0 23 799
49.1953 0 23 799
49.2477 0 23 800
49.2991 0 23 800
49.3498 0 23 798
49.3998 0 23 796
49.4498 0 23 792
49.4987 0 23 790
49.5486 0 23 797
49.6 0 23 796
49.6494 0 23 795
49.6984 0 23 799
49.7499 0 23 803
49.7992 0 23 798
49.8475 0 23 799
49.8991 0 23 796
49.9476 0 23 797
49.9992 0 23 795
50.002 0 23 795
