0.0498711 988 1 12
0.0999211 977 4 28
0.149362 971 6 43
0.199012 957 11 56
0.249974 952 15 64
0.299824 946 17 75
0.349826 937 21 88
0.39957 926 25 97
0.449672 920 26 105
0.499894 916 28 113
0.549953 910 32 127
0.59949 904 39 141
0.649868 898 44 148
0.6999 893 45 152
0.749867 886 48 167
0.799659 876 54 175
0.84981 869 58 179
0.899962 862 61 193
0.949943 858 65 199
0.999861 852 67 203
1.04991 847 72 210
1.09999 845 76 205
1.14985 841 82 211
1.19958 835 87 218
1.24997 824 94 221
1.29964 822 95 224
1.3495 818 97 233
1.39965 816 104 239
1.44957 810 109 242
1.49999 809 111 251
1.54902 805 114 254
1.59993 804 121 267
1.6497 801 125 270
1.69995 796 132 276
1.74989 792 134 276
1.79985 788 140 278
1.84978 780 149 280
1.89993 779 152 288
1.94894 773 157 288
1.99993 769 164 290
2.04963 761 169 290
2.09929 758 171 295
2.14943 756 174 297
2.19999 754 181 299
2.24958 749 187 297
2.29968 745 187 306
2.34948 740 191 312
2.39921 734 198 318
2.45 730 203 324
2.49995 728 203 321
2.54943 724 210 324
2.59987 721 210 324
2.64939 713 214 327
2.69977 710 217 331
2.74959 704 219 337
2.79938 701 224 340
2.8494 698 227 344
2.89963 691 230 349
2.94896 688 233 348
2.99989 686 235 348
3.04991 684 243 346
3.09999 681 248 346
3.14923 679 250 350
3.19994 679 258 354
3.24976 673 260 353
3.29962 668 264 364
3.35 667 271 363
3.39988 662 278 365
3.44945 659 286 367
3.49995 655 293 366
3.54996 651 301 370
3.59914 648 306 376
3.64994 646 308 375
3.69997 642 311 379
3.74959 637 316 376
3.79997 632 322 375
3.84831 631 331 371
3.89996 626 334 371
3.94982 620 344 369
3.99965 614 345 369
4.04973 605 350 373
4.09964 603 351 381
4.14987 600 360 380
4.1998 598 370 382
4.24878 595 375 385
4.29974 589 377 384
4.3499 587 382 383
4.39962 583 382 384
4.44922 577 389 389
4.49903 575 387 389
4.54933 568 388 391
4.59814 566 394 399
4.64959 562 397 401
4.6994 561 409 401
4.74981 556 412 407
4.7998 553 413 412
4.84971 549 417 414
4.89973 544 425 421
4.94983 543 429 424
4.9999 537 426 429
5.04994 535 424 424
5.09946 533 425 430
5.14993 531 426 429
5.19985 530 434 433
5.24984 526 435 434
5.29984 523 440 438
5.34982 517 445 442
5.39998 512 445 448
5.44998 507 448 452
5.49993 504 449 453
5.54996 502 456 459
5.59991 500 457 462
5.64988 497 457 459
5.69953 494 459 461
5.74994 494 463 461
5.79993 492 463 460
5.84986 490 468 460
5.89979 485 467 458
5.94949 483 471 461
5.99987 477 473 465
6.04968 472 470 461
6.09986 469 474 463
6.14997 463 474 464
6.19963 461 479 467
6.24986 458 477 469
6.29895 455 477 472
6.34958 454 482 477
6.39945 451 486 483
6.44941 449 485 479
6.49985 449 487 483
6.54986 443 487 484
6.59983 440 487 495
6.64923 438 487 503
6.69929 432 486 506
6.75 429 485 510
6.7998 427 489 510
6.8497 423 486 509
6.89877 422 477 514
6.94924 417 472 516
6.9995 412 472 516
7.04926 409 469 518
7.09979 406 473 529
7.14997 405 475 534
7.19998 402 477 534
7.24981 398 479 536
7.29992 393 479 535
7.34978 391 479 523
7.39968 388 482 530
7.44993 383 479 531
7.49939 378 479 532
7.54998 376 478 540
7.59983 376 479 539
7.64988 372 479 542
7.69799 370 479 544
7.7497 367 479 551
7.79997 363 476 553
7.84997 359 477 555
7.89878 358 476 556
7.94996 354 475 561
7.99988 351 473 564
8.04914 349 472 565
8.09878 344 474 574
8.14978 341 474 577
8.19983 341 472 582
8.2489 336 475 581
8.29978 334 473 587
8.34982 331 471 589
8.4 328 466 598
8.44991 327 464 600
8.49941 323 463 597
8.54976 322 462 598
8.5998 319 461 599
8.64986 314 458 603
8.69994 310 453 601
8.74922 308 452 604
8.79936 305 450 611
8.84967 303 446 612
8.89984 300 445 608
8.94996 297 442 616
8.99998 295 442 615
9.04991 293 441 622
9.09981 291 438 628
9.14964 290 438 625
9.19981 287 436 627
9.24999 284 432 623
9.29946 279 430 625
9.34948 277 428 629
9.39951 274 426 630
9.4492 268 424 630
9.49959 265 424 635
9.54979 263 422 642
9.59983 260 422 644
9.64993 256 419 650
9.69995 256 415 654
9.74996 253 412 655
9.79892 252 410 656
9.84882 250 409 661
9.89995 249 412 665
9.94921 244 411 669
9.99952 242 409 666
10.0491 241 404 666
10.0981 237 402 666
10.1482 235 398 669
10.1998 233 395 674
10.2499 230 389 681
10.2992 228 386 681
10.3496 225 385 688
10.3998 220 379 696
10.4498 217 376 698
10.4991 215 373 702
10.5495 212 368 703
10.5986 209 366 705
10.6493 202 367 703
10.6999 201 364 700
10.7499 199 361 705
10.8 198 357 705
10.8493 195 354 710
10.8974 194 353 709
10.9489 192 351 707
10.9999 192 350 708
11.0495 192 341 715
11.0997 192 339 724
11.1485 188 336 721
11.1999 184 333 723
11.2499 181 332 722
11.2986 177 328 726
11.349 175 328 729
11.3989 174 324 727
11.4495 173 323 724
11.5 172 322 730
11.5497 170 322 733
11.5994 168 319 731
11.6496 166 316 728
11.6992 164 313 730
11.75 161 311 728
11.7999 159 310 732
11.85 157 304 738
11.8999 151 303 736
11.9497 150 302 742
11.9997 148 301 745
12.0494 142 304 740
12.0999 142 302 739
12.1499 142 297 740
12.1998 141 295 747
12.2494 139 294 748
12.299 138 291 749
12.3496 138 287 754
12.3997 137 287 753
12.4496 136 287 755
12.4998 135 283 756
12.5496 135 282 757
12.5998 134 281 756
12.6494 134 279 758
12.6998 132 276 757
12.7499 129 272 761
12.7998 125 270 764
12.8498 123 269 764
12.8986 121 267 761
12.9499 121 265 758
12.9993 118 261 761
13.0497 117 258 758
13.0998 114 256 769
13.149 112 256 765
13.1996 111 249 765
13.2493 110 249 768
13.2999 106 248 774
13.3499 103 245 772
13.3997 102 243 772
13.45 100 242 771
13.5 98 242 769
13.5496 97 238 769
13.5999 93 237 769
13.6489 90 232 770
13.6989 87 231 775
13.7494 84 226 780
13.7986 83 223 785
13.8496 82 219 782
13.8998 82 218 785
13.9485 80 217 784
13.9995 79 216 782
14.0493 77 215 779
14.0998 75 214 774
14.15 72 213 775
14.1998 71 210 780
14.2497 70 209 787
14.2985 69 205 793
14.35 69 202 794
14.3999 69 199 794
14.4493 67 198 791
14.4998 66 197 795
14.5499 66 196 789
14.5998 63 195 792
14.6493 62 192 793
14.6999 60 187 795
14.7492 59 184 795
14.7987 58 183 797
14.8486 57 177 794
14.8996 57 176 786
14.9497 54 175 784
14.9992 53 175 784
15.0493 49 173 787
15.098 48 171 786
15.1492 46 168 785
15.1988 46 166 784
15.2495 45 166 789
15.2997 45 164 792
15.3486 42 163 791
15.3994 41 162 792
15.45 41 162 790
15.4984 39 161 792
15.55 39 161 796
15.5988 39 158 797
15.6499 38 157 797
15.6984 37 153 796
15.7493 37 152 793
15.7996 36 150 793
15.85 36 149 794
15.8998 34 149 789
15.949 33 147 788
15.9999 33 145 787
16.0496 31 144 791
16.0992 31 141 799
16.1497 29 139 802
16.1999 27 136 806
16.2498 27 134 802
16.2994 23 132 799
16.3499 21 128 798
16.3974 20 126 801
16.45 20 124 802
16.4995 20 121 802
16.55 20 120 799
16.5985 18 119 797
16.6498 17 117 792
16.6999 16 115 790
16.7484 14 112 789
16.7995 12 111 796
16.8494 12 109 796
16.8985 12 105 794
16.9497 11 102 793
16.9983 10 102 792
17.0498 9 101 796
17.0996 9 100 792
17.1496 9 100 793
17.1996 9 98 791
17.2492 9 98 793
17.2991 9 96 797
17.35 9 92 795
17.3987 8 90 796
17.4499 8 87 801
17.4996 7 87 800
17.5497 7 85 798
17.5998 7 85 795
17.6495 7 82 795
17.7 7 81 791
17.7499 6 80 789
17.7981 6 78 791
17.8496 6 77 795
17.8965 5 76 795
17.9493 5 76 794
17.9992 5 75 799
18.0486 5 75 799
18.0998 5 75 796
18.1498 5 72 799
18.1998 4 72 797
18.2494 4 72 798
18.2988 4 71 796
18.3496 4 70 802
18.3999 4 69 803
18.4496 4 68 795
18.4992 4 66 793
18.5497 4 62 789
18.5996 4 61 786
18.6488 3 60 791
18.6998 3 58 789
18.7491 3 58 793
18.7993 3 57 799
18.8498 3 56 799
18.8993 3 53 802
18.9495 3 52 801
19 2 51 802
19.0476 2 51 798
19.1 1 50 794
19.1498 1 47 788
19.1997 1 47 784
19.2494 1 45 786
19.3 1 43 785
19.3489 1 40 785
19.3993 1 40 785
19.4497 1 39 783
19.4999 1 38 785
19.5499 1 38 787
19.5992 1 35 788
19.6489 1 34 797
19.6992 1 34 801
19.7498 1 34 803
19.7998 1 33 802
19.8497 1 33 801
19.8996 1 31 802
19.9467 1 31 805
19.9988 1 31 807
20.0493 1 30 811
20.0998 1 30 805
20.148 1 30 809
20.1994 1 29 813
20.2492 1 29 812
20.2998 0 29 813
20.3496 0 29 813
20.3991 0 29 810
20.4497 0 27 806
20.4996 0 27 807
20.5492 0 26 808
20.5999 0 25 806
20.6489 0 24 812
20.6983 0 24 806
20.747 0 23 807
20.7998 0 22 808
20.8489 0 21 808
20.8984 0 21 808
20.9486 0 21 809
20.9986 0 21 806
21.0499 0 21 805
21.0999 0 21 803
21.1487 0 21 798
21.2 0 21 800
21.2496 0 21 797
21.2981 0 21 802
21.3499 0 21 797
21.3996 0 21 799
21.4488 0 21 799
21.4997 0 21 797
21.5498 0 19 801
21.5999 0 19 804
21.6496 0 19 804
21.6985 0 18 805
21.7499 0 18 812
21.7984 0 18 808
21.8498 0 18 805
21.8997 0 18 807
21.9495 0 18 804
21.9987 0 18 803
22.0473 0 18 803
22.0999 0 18 804
22.15 0 17 802
22.1992 0 17 805
22.2491 0 17 807
22.2999 0 17 810
22.3492 0 17 807
22.3994 0 16 808
22.4482 0 16 812
22.4979 0 16 814
22.547 0 16 817
22.5998 0 16 819
22.6499 0 16 818
22.6995 0 16 820
22.7486 0 16 823
22.7998 0 16 813
22.8493 0 16 809
22.8986 0 16 807
22.9492 0 16 807
22.9977 0 16 807
23.0478 0 16 803
23.0996 0 16 803
23.1497 0 16 802
23.1998 0 16 798
23.2484 0 16 799
23.2995 0 16 804
23.3499 0 16 806
23.3986 0 16 806
23.4497 0 16 807
23.4998 0 16 805
23.549 0 15 800
23.5979 0 15 797
23.6498 0 14 795
23.6997 0 14 797
23.7496 0 14 801
23.7998 0 14 803
23.8473 0 14 799
23.8995 0 14 795
23.9447 0 14 800
23.9991 0 14 799
24.048 0 14 804
24.0991 0 14 805
24.1486 0 14 804
24.1975 0 14 808
24.2499 0 14 807
24.2986 0 14 806
24.3478 0 14 802
24.3995 0 14 805
24.4477 0 14 804
24.4997 0 14 806
24.5481 0 14 805
24.5985 0 14 803
24.6498 0 14 805
24.6996 0 14 802
24.7498 0 14 804
24.7994 0 14 798
24.8491 0 14 802
24.899 0 14 801
24.9495 0 14 804
24.9994 0 14 803
25.0487 0 14 802
25.0976 0 14 804
25.1488 0 14 807
25.1999 0 14 809
25.2463 0 14 812
25.299 0 14 810
25.3461 0 14 809
25.3998 0 14 812
25.449 0 14 812
25.4999 0 14 814
25.5473 0 14 812
25.5965 0 14 806
25.6497 0 14 801
25.699 0 14 799
25.7495 0 14 798
25.797 0 14 797
25.8478 0 14 796
25.8988 0 14 795
25.948 0 14 799
25.9982 0 14 798
26.0478 0 14 797
26.0998 0 14 793
26.1498 0 14 798
26.1998 0 14 798
26.2499 0 14 793
26.3 0 14 796
26.3491 0 14 791
26.3968 0 14 791
26.4495 0 14 789
26.4999 0 14 785
26.5484 0 14 788
26.5995 0 14 791
26.6497 0 14 793
26.6991 0 14 798
26.7496 0 14 799
26.7996 0 14 799
26.8494 0 14 804
26.8982 0 14 804
26.9491 0 14 804
26.9992 0 14 806
27.0476 0 14 807
27.0996 0 14 807
27.1494 0 14 805
27.1995 0 14 802
27.2491 0 14 804
27.2997 0 14 806
27.348 0 14 798
27.3995 0 14 796
27.4482 0 14 796
27.4984 0 14 797
27.5469 0 14 797
27.5993 0 14 794
27.6497 0 14 793
27.6975 0 14 798
27.7495 0 14 799
27.799 0 14 799
27.8495 0 14 805
27.8999 0 14 806
27.9492 0 14 802
27.9981 0 14 804
28.0497 0 14 805
28.0999 0 14 806
28.1447 0 14 804
28.1987 0 14 806
28.249 0 14 807
28.2976 0 14 812
28.3484 0 14 809
28.3999 0 14 811
28.45 0 14 816
28.4966 0 14 810
28.5486 0 14 811
28.5969 0 14 809
28.6473 0 14 808
28.6988 0 14 809
28.7496 0 14 811
28.799 0 14 814
28.8486 0 14 819
28.898 0 14 820
28.948 0 14 816
28.9993 0 14 820
29.0482 0 14 817
29.0997 0 14 818
29.1487 0 14 812
29.1997 0 14 814
29.248 0 14 816
29.2999 0 14 815
29.3483 0 14 817
29.3995 0 14 817
29.449 0 14 814
29.4989 0 14 811
29.5495 0 14 811
29.5994 0 14 814
29.6483 0 14 813
29.6995 0 14 815
29.746 0 14 814
29.7995 0 14 814
29.8481 0 14 817
29.8993 0 14 818
29.9499 0 14 816
29.9975 0 14 819
30.0497 0 14 819
30.0994 0 14 816
30.1487 0 14 815
30.2 0 14 808
30.2482 0 14 805
30.2996 0 14 802
30.3486 0 14 803
30.3999 0 14 805
30.4494 0 14 803
30.4993 0 14 805
30.5493 0 14 805
30.5977 0 14 805
30.6477 0 14 803
30.6986 0 14 801
30.7484 0 14 802
30.7961 0 14 803
30.8495 0 14 806
30.8998 0 14 807
30.9499 0 14 809
30.9997 0 14 810
31.0492 0 14 812
31.0979 0 14 810
31.1494 0 14 809
31.2 0 14 809
31.25 0 14 806
31.2993 0 14 804
31.3485 0 14 800
31.3993 0 14 802
31.4483 0 14 800
31.4998 0 14 798
31.5498 0 14 795
31.5975 0 14 795
31.6497 0 14 790
31.7 0 14 790
31.7424 0 14 793
31.7958 0 14 794
31.8472 0 14 796
31.8998 0 14 796
31.9491 0 14 792
31.9997 0 14 793
32.0487 0 14 793
32.0993 0 14 797
32.1499 0 14 798
32.1994 0 14 800
32.2499 0 14 800
32.299 0 14 805
32.349 0 14 800
32.3983 0 14 803
32.4485 0 14 803
32.4934 0 14 804
32.5487 0 14 806
32.5988 0 14 807
32.6499 0 14 807
32.6993 0 14 803
32.7479 0 14 801
32.7987 0 14 795
32.8485 0 14 793
32.8995 0 14 796
32.9487 0 14 797
32.9996 0 14 798
33.0471 0 14 796
33.0988 0 14 799
33.15 0 14 794
33.1996 0 14 797
33.2492 0 14 795
33.2994 0 14 799
33.3484 0 14 798
33.3957 0 14 798
33.4496 0 14 796
33.4989 0 14 800
33.5466 0 14 802
33.5996 0 14 798
33.6495 0 14 798
33.6991 0 14 798
33.7497 0 14 800
33.7995 0 14 805
33.8492 0 14 804
33.8989 0 14 807
33.9493 0 14 810
33.9989 0 14 809
34.0451 0 14 809
34.0993 0 14 810
34.149 0 14 814
34.1978 0 14 812
34.2495 0 14 816
34.2998 0 14 819
34.3499 0 14 814
34.3971 0 14 812
34.4498 0 14 810
34.4994 0 14 805
34.5493 0 14 810
34.5984 0 14 808
34.6493 0 14 804
34.6996 0 14 805
34.7492 0 14 804
34.7987 0 14 803
34.8475 0 14 803
34.8977 0 14 805
34.9465 0 14 805
34.9997 0 14 809
35.0497 0 14 809
35.096 0 14 808
35.1493 0 14 806
35.1993 0 14 806
35.2488 0 14 806
35.2995 0 14 806
35.3496 0 14 806
35.3988 0 14 805
35.4494 0 14 802
35.4979 0 14 802
35.5491 0 14 805
35.5999 0 14 806
35.649 0 14 806
35.699 0 14 802
35.749 0 14 803
35.7987 0 14 803
35.8493 0 14 802
35.8995 0 14 800
35.9498 0 14 800
35.9989 0 14 793
36.05 0 14 795
36.0989 0 14 795
36.1495 0 14 799
36.1987 0 14 797
36.2497 0 14 796
36.2989 0 14 796
36.346 0 14 795
36.3973 0 14 793
36.4494 0 14 792
36.4988 0 14 797
36.5486 0 14 796
36.5984 0 14 792
36.6485 0 14 794
36.6992 0 14 792
36.7494 0 14 792
36.7979 0 14 792
36.8499 0 14 796
36.9 0 14 800
36.9489 0 14 798
36.9964 0 14 798
37.0496 0 14 803
37.1 0 14 802
37.1485 0 14 794
37.1986 0 14 799
37.2497 0 14 803
37.2994 0 14 805
37.3496 0 14 804
37.3983 0 14 810
37.4488 0 14 810
37.4996 0 14 812
37.5479 0 14 806
37.5997 0 14 803
37.6481 0 14 801
37.6976 0 14 804
37.7498 0 14 805
37.7997 0 14 804
37.8494 0 14 798
37.8977 0 14 794
37.9499 0 14 793
37.9986 0 14 789
38.0499 0 14 794
38.0987 0 14 798
38.1493 0 14 797
38.1968 0 14 798
38.2497 0 14 797
38.2997 0 14 797
38.3488 0 14 798
38.3979 0 14 794
38.4476 0 14 792
38.4994 0 14 792
38.5493 0 14 789
38.5992 0 14 788
38.6491 0 14 789
38.6997 0 14 792
38.7477 0 14 792
38.7998 0 14 792
38.8484 0 14 798
38.8997 0 14 800
38.95 0 14 796
38.9992 0 14 797
39.0496 0 14 793
39.0998 0 14 793
39.1472 0 14 794
39.1999 0 14 798
39.2492 0 14 791
39.2999 0 14 796
39.3474 0 14 798
39.3997 0 14 801
39.4469 0 14 801
39.4989 0 14 798
39.5497 0 14 797
39.5988 0 14 798
39.6493 0 14 795
39.6997 0 14 792
39.7497 0 14 790
39.7986 0 14 792
39.8495 0 14 795
39.8974 0 14 793
39.9499 0 14 793
40 0 14 790
40.0499 0 14 787
40.0973 0 14 788
40.1469 0 14 792
40.2 0 14 791
40.2481 0 14 789
40.2998 0 14 786
40.3447 0 14 789
40.3992 0 14 792
40.4497 0 14 785
40.5 0 14 783
40.549 0 14 786
40.6 0 14 784
40.6497 0 14 780
40.6994 0 14 777
40.7469 0 14 781
40.799 0 14 780
40.8487 0 14 780
40.8983 0 14 779
40.9488 0 14 780
40.9998 0 14 782
41.0498 0 14 785
41.0978 0 14 782
41.1495 0 14 782
41.1991 0 14 781
41.2494 0 14 780
41.2998 0 14 781
41.3499 0 14 779
41.3993 0 14 778
41.4496 0 14 780
41.4971 0 14 779
41.5498 0 14 781
41.5975 0 14 781
41.6487 0 14 780
41.6988 0 14 779
41.7493 0 14 784
41.7998 0 14 785
41.8499 0 14 793
41.8984 0 14 795
41.9478 0 14 793
41.9997 0 14 793
42.0485 0 14 792
42.0971 0 14 795
42.1475 0 14 797
42.1993 0 14 797
42.2489 0 14 789
42.2966 0 14 793
42.3489 0 14 794
42.4 0 14 792
42.4481 0 14 789
42.4979 0 14 785
42.549 0 14 783
42.5984 0 14 784
42.6498 0 14 786
42.6973 0 14 781
42.7479 0 14 782
42.7999 0 14 783
42.85 0 14 782
42.8997 0 14 779
42.9497 0 14 780
42.9996 0 14 781
43.0496 0 14 783
43.0971 0 14 785
43.1494 0 14 787
43.198 0 14 791
43.2493 0 14 793
43.2989 0 14 796
43.3463 0 14 800
43.3994 0 14 801
43.4491 0 14 803
43.4978 0 14 802
43.5488 0 14 801
43.5992 0 14 800
43.6492 0 14 805
43.6985 0 14 806
43.7445 0 14 805
43.7971 0 14 813
43.8488 0 14 815
43.8999 0 14 816
43.9498 0 14 810
43.9985 0 14 809
44.0489 0 14 810
44.0961 0 14 810
44.1498 0 14 807
44.1978 0 14 804
44.2497 0 14 806
44.2964 0 14 801
44.3492 0 14 800
44.4 0 14 805
44.4454 0 14 806
44.4998 0 14 808
44.5495 0 14 807
44.591 0 14 810
44.6499 0 14 809
44.6993 0 14 808
44.7478 0 14 817
44.7999 0 14 813
44.8446 0 14 813
44.8996 0 14 812
44.9462 0 14 813
44.9988 0 14 814
45.0487 0 14 818
45.099 0 14 820
45.1429 0 14 822
45.1976 0 14 818
45.2496 0 14 809
45.299 0 14 804
45.3499 0 14 806
45.3999 0 14 798
45.4495 0 14 806
45.4998 0 14 805
45.5494 0 14 806
45.5998 0 14 805
45.6494 0 14 806
45.6988 0 14 805
45.7491 0 14 803
45.798 0 14 797
45.8493 0 14 797
45.8998 0 14 792
45.9495 0 14 793
45.9998 0 14 793
46.0498 0 14 801
46.0995 0 14 801
46.1498 0 14 797
46.1989 0 14 800
46.2487 0 14 801
46.2985 0 14 802
46.3492 0 14 802
46.3998 0 14 809
46.4496 0 14 808
46.4995 0 14 804
46.55 0 14 806
46.599 0 14 801
46.6481 0 14 803
46.6997 0 14 801
46.7487 0 14 801
46.7995 0 14 798
46.8496 0 14 800
46.8995 0 14 799
46.9493 0 14 804
46.9995 0 14 804
47.0499 0 14 800
47.0994 0 14 797
47.1483 0 14 800
47.1995 0 14 801
47.249 0 14 801
47.3 0 14 806
47.3473 0 14 806
47.3969 0 14 806
47.4493 0 14 805
47.4996 0 14 807
47.55 0 14 804
47.5996 0 14 802
47.6482 0 14 796
47.6996 0 14 796
47.7498 0 14 802
47.7999 0 14 800
47.8498 0 14 799
47.8981 0 14 798
47.9446 0 14 799
47.9995 0 14 799
48.049 0 14 800
48.0973 0 14 802
48.148 0 14 799
48.1993 0 14 798
48.2492 0 14 793
48.2997 0 14 797
48.3495 0 14 791
48.3995 0 14 790
48.4483 0 14 792
48.5 0 14 791
48.5489 0 14 789
48.5998 0 14 794
48.6476 0 14 796
48.6986 0 14 793
48.7489 0 14 790
48.7998 0 14 789
48.8499 0 14 788
48.8987 0 14 787
48.9495 0 14 790
48.998 0 14 794
49.0487 0 14 800
49.0978 0 14 805
49.15 0 14 805
49.1991 0 14 803
49.2498 0 14 801
49.2994 0 14 804
49.35 0 14 800
49.3956 0 14 800
49.4493 0 14 801
49.4995 0 14 797
49.5498 0 14 799
49.5974 0 14 797
49.6497 0 14 800
49.6987 0 14 803
49.7492 0 14 798
49.7981 0 14 793
49.8498 0 14 795
49.8991 0 14 796
49.9477 0 14 798
49.9996 0 14 800
50.001 0 14 800
