0.0495539 992 0 11
0.0998324 980 5 19
0.149861 970 6 36
0.199949 966 8 53
0.249958 955 9 67
0.299825 944 12 83
0.349647 936 17 92
0.399928 927 18 102
0.449841 922 21 112
0.499881 915 23 120
0.549658 909 24 130
0.599958 897 30 138
0.649428 891 30 150
0.699822 885 34 156
0.749794 874 42 167
0.799912 868 47 180
0.849876 860 50 192
0.899915 856 56 201
0.949805 851 58 203
0.999952 845 62 208
1.04985 840 70 208
1.0994 835 73 214
1.14987 829 74 224
1.19999 824 78 235
1.24998 818 78 244
1.29955 817 81 250
1.34926 816 88 253
1.39953 812 94 255
1.44998 806 102 256
1.49998 804 99 263
1.54975 798 102 265
1.59979 790 109 275
1.64999 784 116 278
1.69988 782 121 287
1.74947 775 123 291
1.79995 770 133 289
1.84992 768 140 289
1.89978 763 149 293
1.95 759 152 296
1.99987 756 154 294
2.04992 752 158 295
2.0999 750 169 295
2.14927 748 175 294
2.19956 739 183 303
2.24995 735 191 312
2.29986 732 196 316
2.34965 727 205 320
2.39969 723 211 320
2.44978 720 220 324
2.49994 716 224 325
2.54989 708 227 328
2.59985 703 235 327
2.64998 701 238 326
2.69991 700 241 326
2.74985 693 244 325
2.79993 688 251 329
2.84943 686 252 333
2.89984 685 256 330
2.94984 680 261 333
2.99964 670 265 339
3.04987 667 270 341
3.09917 666 277 347
3.14976 662 278 344
3.19998 657 279 348
3.24958 650 284 348
3.29987 646 293 353
3.34999 640 298 353
3.39999 638 309 351
3.4498 635 314 357
3.49981 627 321 359
3.54973 623 325 361
3.59999 617 326 369
3.64912 614 332 366
3.69997 611 335 362
3.74997 609 341 363
3.79964 602 347 367
3.84991 601 351 371
3.89997 599 354 373
3.94972 596 357 378
3.99997 594 359 383
4.04992 590 365 384
4.09999 583 366 380
4.1496 578 362 381
4.19951 575 365 385
4.24971 571 364 387
4.29946 566 365 388
4.34976 560 367 390
4.39991 557 365 399
4.44963 556 371 404
4.4996 550 377 406
4.54901 548 381 409
4.59933 545 382 410
4.64996 541 392 417
4.69997 537 394 422
4.74998 533 400 424
4.79977 527 405 433
4.84976 523 408 432
4.89955 517 414 434
4.94976 516 417 438
4.99973 515 417 440
5.04895 511 420 441
5.09974 505 427 445
5.14913 502 427 444
5.19952 496 429 446
5.24879 493 428 449
5.29988 492 429 451
5.34995 487 435 454
5.3998 485 436 455
5.44973 483 440 457
5.49962 478 442 457
5.54965 473 443 471
5.59998 470 441 479
5.64976 466 447 478
5.69998 462 447 483
5.74977 460 447 483
5.79938 456 444 485
5.84996 453 443 482
5.89991 448 444 482
5.94884 446 445 490
5.99896 441 443 493
6.04992 439 444 492
6.09995 439 445 487
6.1498 436 443 485
6.19977 431 443 493
6.24962 429 443 498
6.29965 426 446 506
6.34986 424 452 507
6.4 421 450 512
6.449 416 454 515
6.49942 415 452 511
6.54984 411 454 513
6.5996 407 453 515
6.64918 403 454 516
6.69923 400 454 518
6.74998 396 451 524
6.79864 395 448 526
6.84994 392 446 526
6.89971 388 446 527
6.9489 385 448 532
6.99988 384 444 531
7.04959 383 444 532
7.09979 380 443 534
7.14963 376 444 531
7.19987 374 445 533
7.24984 371 443 536
7.29976 368 443 538
7.34839 366 441 536
7.39998 362 443 544
7.44915 360 445 547
7.49983 357 442 547
7.54979 351 440 545
7.59983 350 442 541
7.64998 347 439 544
7.69978 343 438 546
7.74964 342 439 547
7.79922 341 438 551
7.84956 340 437 557
7.8997 337 437 562
7.94866 334 439 570
7.99914 329 437 570
8.04971 328 438 569
8.09877 325 439 574
8.14904 323 437 571
8.19969 321 437 577
8.24967 318 434 578
8.29983 315 432 580
8.34795 312 432 584
8.39984 310 427 584
8.44878 308 425 588
8.49909 303 423 592
8.54937 296 424 597
8.59969 292 425 601
8.64927 288 421 606
8.69968 287 418 612
8.74951 286 414 618
8.79953 283 414 620
8.84963 281 412 621
8.89954 280 407 620
8.95 276 406 621
8.99975 275 403 620
9.04947 272 401 619
9.09959 266 398 621
9.14947 263 399 630
9.19987 260 394 629
9.2495 256 391 632
9.29994 247 386 640
9.34974 243 384 642
9.3998 243 386 648
9.44996 239 385 649
9.49943 238 386 645
9.54979 235 382 646
9.59906 231 380 654
9.6498 231 378 656
9.69936 227 375 650
9.7497 224 375 652
9.79983 223 374 659
9.84939 222 370 666
9.89977 218 369 674
9.94984 211 368 673
9.99992 204 367 673
10.048 200 366 681
10.0999 199 364 681
10.1497 199 361 682
10.1998 199 355 682
10.2497 197 354 688
10.2993 194 352 691
10.3489 191 350 694
10.3995 189 348 701
10.4484 188 346 703
10.5 187 343 706
10.5498 184 343 713
10.5999 181 340 713
10.6499 181 336 719
10.6987 178 334 716
10.7499 175 330 713
10.7995 173 326 717
10.8494 173 327 724
10.9 173 325 731
10.9498 171 323 734
11 167 322 739
11.0484 163 319 741
11.0996 162 317 742
11.15 159 312 741
11.2 159 310 742
11.2498 159 307 750
11.299 156 310 749
11.3478 153 306 754
11.3988 151 305 757
11.45 150 303 757
11.4998 148 302 760
11.5488 143 301 761
11.5998 141 300 756
11.65 140 295 763
11.6992 137 289 765
11.7499 136 287 765
11.7997 134 283 768
11.8491 133 281 768
11.8996 132 277 771
11.95 129 277 780
11.9999 128 276 781
12.0494 126 273 780
12.0983 123 270 783
12.1495 123 268 781
12.1998 122 264 778
12.2499 120 260 779
12.2997 119 260 779
12.3497 118 258 773
12.3998 114 258 779
12.45 111 257 784
12.4997 109 254 786
12.5497 109 252 794
12.5991 105 252 797
12.6492 103 250 794
12.6996 103 247 793
12.7497 101 245 797
12.7999 100 244 794
12.8499 99 241 797
12.8997 97 240 800
12.95 97 241 799
12.9998 95 238 803
13.049 94 234 802
13.0993 93 233 803
13.1486 91 232 802
13.1999 91 227 805
13.2498 90 227 809
13.2994 88 225 810
13.3498 88 224 810
13.3992 85 222 809
13.4498 84 219 807
13.5 82 219 803
13.5492 79 218 802
13.5994 79 215 803
13.6499 78 213 800
13.6993 77 210 804
13.7498 76 209 801
13.7997 73 208 803
13.85 71 204 796
13.8979 68 201 795
13.948 67 202 796
13.9993 66 200 793
14.0495 65 199 788
14.0988 64 197 784
14.1496 63 195 778
14.1989 63 192 784
14.2487 62 191 791
14.2997 58 189 791
14.3499 57 187 789
14.3997 54 183 787
14.4496 53 179 786
14.4997 52 178 783
14.5497 51 176 787
14.5984 51 173 784
14.6496 50 169 782
14.699 49 165 779
14.7487 47 162 780
14.7997 47 158 786
14.8495 47 157 789
14.9 46 155 796
14.9499 46 152 792
14.9999 44 151 793
15.0498 43 150 795
15.0976 43 148 788
15.1497 43 145 786
15.1987 41 142 783
15.2493 41 141 788
15.2998 39 140 787
15.3498 39 136 782
15.3997 39 135 779
15.45 38 131 780
15.4993 37 129 779
15.5498 36 127 784
15.5999 34 126 786
15.65 32 126 784
15.699 30 124 786
15.7489 29 123 787
15.8 27 121 789
15.85 24 119 794
15.8995 24 119 795
15.9489 23 118 799
15.9996 21 116 799
16.0496 21 111 800
16.1 21 111 802
16.1499 21 109 803
16.1989 20 108 799
16.25 20 108 798
16.2997 19 108 795
16.3496 19 104 797
16.3996 18 101 796
16.4496 16 99 797
16.5 15 98 797
16.55 14 98 802
16.5997 13 98 805
16.6487 12 96 799
16.6987 10 94 799
16.7492 9 92 801
16.7992 8 90 805
16.8498 8 89 804
16.8992 7 88 798
16.9496 7 88 802
16.9999 7 88 799
17.0498 7 87 799
17.0995 7 85 799
17.1492 7 83 799
17.1998 7 82 799
17.2498 7 79 799
17.2996 6 77 801
17.3496 6 77 804
17.3995 6 75 802
17.45 6 72 806
17.499 6 69 808
17.5499 6 68 804
17.5998 6 65 807
17.6496 5 65 810
17.698 5 65 812
17.747 5 60 808
17.7989 4 60 811
17.8499 4 58 813
17.8999 4 56 809
17.9496 3 56 812
17.9999 3 56 810
18.0484 3 56 805
18.0999 3 55 800
18.1498 3 52 799
18.1998 3 50 793
18.2494 3 50 792
18.2988 3 50 793
18.3497 2 50 792
18.3999 2 50 793
18.4497 2 50 791
18.4999 1 49 792
18.55 0 49 788
18.5994 0 49 789
18.6496 0 48 792
18.6994 0 45 795
18.7494 0 41 787
18.7994 0 41 796
18.8486 0 39 796
18.899 0 38 801
18.9497 0 38 801
18.9994 0 38 798
19.0485 0 37 801
19.1 0 35 800
19.1483 0 35 799
19.1997 0 35 798
19.249 0 35 798
19.2999 0 35 803
19.3499 0 33 803
19.3999 0 33 804
19.4491 0 32 808
19.4995 0 32 812
19.5495 0 32 813
19.5973 0 32 811
19.6487 0 32 812
19.6992 0 32 818
19.7498 0 32 823
19.7993 0 32 820
19.8494 0 32 822
19.8988 0 31 817
19.9499 0 31 817
19.9999 0 31 813
20.0494 0 31 812
20.0991 0 31 814
20.1499 0 31 811
20.1997 0 31 809
20.2484 0 30 809
20.2973 0 29 810
20.349 0 29 812
20.3998 0 29 808
20.446 0 29 805
20.4997 0 28 807
20.5483 0 28 806
20.5981 0 28 801
20.6468 0 28 801
20.6983 0 28 800
20.7481 0 28 802
20.7992 0 28 804
20.8496 0 28 802
20.8992 0 28 803
20.9494 0 28 801
20.9997 0 28 801
21.0479 0 28 794
21.0991 0 27 793
21.1498 0 27 799
21.1995 0 27 805
21.2498 0 27 806
21.2999 0 27 808
21.3498 0 27 809
21.399 0 27 807
21.444 0 27 799
21.4999 0 27 796
21.5491 0 27 796
21.5997 0 27 797
21.6497 0 27 801
21.6994 0 27 799
21.7498 0 27 796
21.7983 0 27 801
21.8492 0 27 803
21.8993 0 27 800
21.9479 0 27 801
21.9988 0 27 802
22.0467 0 27 799
22.0996 0 27 796
22.1495 0 27 797
22.1952 0 27 799
22.2493 0 27 804
22.2987 0 27 801
22.349 0 27 807
22.3987 0 27 807
22.4498 0 27 805
22.4985 0 27 807
22.5499 0 27 804
22.5977 0 27 805
22.6494 0 27 801
22.6996 0 27 800
22.7494 0 27 803
22.7971 0 27 800
22.8498 0 27 799
22.899 0 27 795
22.9444 0 27 797
22.9996 0 27 799
23.0479 0 27 800
23.099 0 27 803
23.1476 0 27 801
23.1987 0 27 799
23.2496 0 27 796
23.2961 0 27 797
23.3496 0 27 800
23.3994 0 27 797
23.4499 0 27 799
23.5 0 27 796
23.5482 0 27 799
23.599 0 27 801
23.6499 0 27 798
23.6985 0 27 797
23.7477 0 27 796
23.7996 0 27 801
23.8472 0 27 806
23.8991 0 27 802
23.949 0 27 805
24 0 27 805
24.0499 0 27 803
24.0988 0 27 802
24.1489 0 27 806
24.1998 0 27 803
24.2488 0 27 806
24.2994 0 27 799
24.3486 0 27 800
24.3986 0 27 803
24.4488 0 27 806
24.4992 0 27 806
24.5494 0 27 800
24.5942 0 27 793
24.6491 0 27 796
24.6997 0 27 796
24.75 0 27 799
24.7988 0 27 797
24.8492 0 27 796
24.8994 0 27 792
24.9497 0 27 789
24.9995 0 27 788
25.0489 0 27 793
25.0996 0 27 788
25.1499 0 27 790
25.1995 0 27 790
25.2495 0 27 791
25.2974 0 27 794
25.349 0 27 793
25.3996 0 27 785
25.4472 0 27 788
25.4999 0 27 785
25.5489 0 27 787
25.5998 0 27 787
25.6476 0 27 786
25.6999 0 27 788
25.7494 0 27 790
25.7984 0 27 791
25.8486 0 27 791
25.8987 0 27 796
25.9498 0 27 792
25.998 0 27 791
26.0498 0 27 792
26.0991 0 27 787
26.148 0 27 788
26.1992 0 27 787
26.2476 0 27 785
26.2999 0 27 786
26.3491 0 27 785
26.3987 0 27 789
26.4499 0 27 786
26.4986 0 27 788
26.5492 0 27 790
26.5996 0 27 788
26.6497 0 27 791
26.699 0 27 791
26.7459 0 27 785
26.7993 0 27 791
26.8497 0 27 791
26.8992 0 27 789
26.9459 0 27 792
26.9998 0 27 799
27.0487 0 27 797
27.0996 0 27 797
27.1498 0 27 798
27.1987 0 27 799
27.25 0 27 800
27.2993 0 27 800
27.3487 0 27 800
27.3996 0 27 803
27.4498 0 27 800
27.4993 0 27 796
27.5491 0 27 799
27.5998 0 27 799
27.649 0 27 801
27.6976 0 27 797
27.7498 0 27 794
27.7994 0 27 789
27.8485 0 27 790
27.8998 0 27 790
27.945 0 27 792
27.9953 0 27 791
28.0498 0 27 795
28.0997 0 27 796
28.1499 0 27 801
28.1994 0 27 803
28.2493 0 27 802
28.2996 0 27 801
28.3491 0 27 800
28.3986 0 27 797
28.4497 0 27 799
28.4999 0 27 802
28.5457 0 27 803
28.5988 0 27 798
28.6491 0 27 809
28.6989 0 27 809
28.7488 0 27 810
28.7973 0 27 812
28.8499 0 27 813
28.8988 0 27 808
28.9495 0 27 808
28.9987 0 27 805
29.0499 0 27 805
29.0997 0 27 807
29.148 0 27 809
29.1986 0 27 805
29.2423 0 27 803
29.3 0 27 798
29.3496 0 27 792
29.399 0 27 792
29.4498 0 27 797
29.4995 0 27 800
29.5495 0 27 797
29.5992 0 27 794
29.6492 0 27 796
29.6987 0 27 804
29.7476 0 27 806
29.7991 0 27 797
29.8488 0 27 796
29.894 0 27 793
29.9495 0 27 790
29.9996 0 27 793
30.0496 0 27 796
30.0997 0 27 791
30.1497 0 27 790
30.1978 0 27 790
30.2497 0 27 794
30.2997 0 27 797
30.3496 0 27 796
30.3967 0 27 798
30.4499 0 27 791
30.4999 0 27 788
30.5459 0 27 785
30.5996 0 27 784
30.6499 0 27 784
30.6994 0 27 781
30.7497 0 27 788
30.7999 0 27 783
30.8496 0 27 780
30.897 0 27 783
30.9493 0 27 783
30.9978 0 27 784
31.0474 0 27 786
31.0992 0 27 788
31.1495 0 27 792
31.1989 0 27 793
31.2473 0 27 792
31.2989 0 27 796
31.3498 0 27 797
31.3994 0 27 801
31.4499 0 27 803
31.4981 0 27 803
31.549 0 27 808
31.5996 0 27 808
31.6496 0 27 812
31.6999 0 27 813
31.7499 0 27 815
31.7999 0 27 818
31.8497 0 27 817
31.8963 0 27 817
31.9498 0 27 822
31.9972 0 27 823
32.0494 0 27 819
32.0992 0 27 816
32.1493 0 27 813
32.1961 0 27 814
32.2499 0 27 811
32.2998 0 27 812
32.3499 0 27 812
32.3983 0 27 815
32.4499 0 27 815
32.4997 0 27 814
32.5491 0 27 814
32.5992 0 27 814
32.6475 0 27 814
32.6997 0 27 809
32.7482 0 27 808
32.7993 0 27 807
32.8498 0 27 802
32.8992 0 27 802
32.9479 0 27 799
32.9994 0 27 795
33.0479 0 27 793
33.0907 0 27 796
33.1495 0 27 796
33.1975 0 27 792
33.2493 0 27 791
33.2993 0 27 800
33.3495 0 27 802
33.3982 0 27 805
33.4479 0 27 809
33.4976 0 27 806
33.549 0 27 809
33.5991 0 27 812
33.6491 0 27 806
33.6991 0 27 810
33.7476 0 27 811
33.7999 0 27 808
33.8489 0 27 806
33.8968 0 27 803
33.9482 0 27 807
33.9973 0 27 808
34.0496 0 27 808
34.0997 0 27 808
34.1472 0 27 811
34.1984 0 27 811
34.2466 0 27 811
34.2999 0 27 806
34.3495 0 27 807
34.3988 0 27 808
34.4489 0 27 805
34.4993 0 27 803
34.5474 0 27 806
34.5967 0 27 809
34.65 0 27 810
34.6975 0 27 811
34.7497 0 27 805
34.7998 0 27 807
34.8494 0 27 806
34.8986 0 27 804
34.9498 0 27 806
34.9968 0 27 806
35.0491 0 27 807
35.0994 0 27 806
35.1499 0 27 804
35.1998 0 27 802
35.2492 0 27 806
35.2997 0 27 804
35.3494 0 27 803
35.3982 0 27 804
35.4499 0 27 810
35.4996 0 27 804
35.5493 0 27 807
35.598 0 27 809
35.6473 0 27 808
35.6987 0 27 813
35.75 0 27 812
35.7976 0 27 813
35.8491 0 27 817
35.899 0 27 812
35.9472 0 27 812
35.9985 0 27 808
36.0494 0 27 806
36.1 0 27 805
36.1498 0 27 806
36.1996 0 27 808
36.2476 0 27 810
36.2999 0 27 806
36.3485 0 27 800
36.3992 0 27 801
36.4484 0 27 806
36.5 0 27 800
36.5499 0 27 798
36.5949 0 27 795
36.6499 0 27 796
36.6999 0 27 797
36.7494 0 27 793
36.7991 0 27 799
36.8486 0 27 802
36.8998 0 27 800
36.9474 0 27 805
36.9979 0 27 810
37.049 0 27 814
37.0997 0 27 815
37.1483 0 27 808
37.1997 0 27 806
37.2471 0 27 808
37.2967 0 27 807
37.3462 0 27 806
37.3986 0 27 804
37.4489 0 27 802
37.4975 0 27 802
37.5497 0 27 804
37.5998 0 27 805
37.6499 0 27 805
37.6998 0 27 803
37.7484 0 27 803
37.7985 0 27 807
37.8464 0 27 805
37.8985 0 27 801
37.9499 0 27 806
37.9988 0 27 806
38.0491 0 27 810
38.0993 0 27 809
38.1483 0 27 812
38.1998 0 27 815
38.2491 0 27 816
38.2985 0 27 814
38.3499 0 27 812
38.3996 0 27 811
38.4493 0 27 809
38.4974 0 27 810
38.55 0 27 809
38.599 0 27 808
38.6492 0 27 809
38.699 0 27 810
38.7477 0 27 805
38.7985 0 27 799
38.8498 0 27 797
38.8974 0 27 799
38.9497 0 27 794
38.9986 0 27 790
39.0498 0 27 788
39.0997 0 27 788
39.1497 0 27 792
39.2 0 27 790
39.2498 0 27 787
39.2996 0 27 787
39.349 0 27 784
39.3991 0 27 785
39.4471 0 27 788
39.4989 0 27 792
39.5498 0 27 789
39.5999 0 27 792
39.6475 0 27 793
39.6986 0 27 798
39.7491 0 27 797
39.7995 0 27 804
39.8494 0 27 806
39.8999 0 27 807
39.9494 0 27 810
39.9988 0 27 816
40.0491 0 27 815
40.0998 0 27 820
40.1492 0 27 821
40.1999 0 27 823
40.2497 0 27 816
40.2997 0 27 816
40.348 0 27 814
40.3981 0 27 810
40.448 0 27 809
40.4992 0 27 813
40.5497 0 27 813
40.5988 0 27 812
40.649 0 27 807
40.6981 0 27 807
40.7496 0 27 810
40.7989 0 27 810
40.8466 0 27 811
40.8998 0 27 806
40.9492 0 27 804
40.9996 0 27 805
41.05 0 27 803
41.0991 0 27 803
41.1489 0 27 806
41.198 0 27 802
41.2496 0 27 802
41.2989 0 27 811
41.3499 0 27 812
41.3988 0 27 811
41.4489 0 27 810
41.4998 0 27 806
41.5478 0 27 808
41.5998 0 27 809
41.6499 0 27 809
41.6999 0 27 811
41.7482 0 27 813
41.7986 0 27 814
41.8496 0 27 815
41.8999 0 27 814
41.9499 0 27 812
41.9986 0 27 812
42.0496 0 27 815
42.0999 0 27 818
42.1477 0 27 814
42.1995 0 27 812
42.2495 0 27 808
42.2991 0 27 812
42.3478 0 27 815
42.3953 0 27 812
42.4493 0 27 815
42.4989 0 27 811
42.5493 0 27 808
42.5998 0 27 805
42.6499 0 27 807
42.6957 0 27 810
42.7499 0 27 811
42.7999 0 27 814
42.8482 0 27 814
42.8987 0 27 814
42.95 0 27 811
42.9975 0 27 812
43.05 0 27 811
43.0997 0 27 808
43.1467 0 27 807
43.1991 0 27 804
43.2476 0 27 803
43.2986 0 27 806
43.3441 0 27 809
43.3996 0 27 810
43.4498 0 27 808
43.4996 0 27 807
43.5484 0 27 804
43.5992 0 27 805
43.6498 0 27 809
43.6989 0 27 806
43.7495 0 27 809
43.7958 0 27 810
43.8498 0 27 812
43.8985 0 27 811
43.9493 0 27 811
43.9973 0 27 805
44.0494 0 27 803
44.0967 0 27 799
44.1476 0 27 802
44.1983 0 27 800
44.2487 0 27 794
44.2992 0 27 796
44.3489 0 27 793
44.3998 0 27 787
44.4487 0 27 787
44.4996 0 27 781
44.5493 0 27 780
44.5973 0 27 778
44.6496 0 27 777
44.6995 0 27 775
44.7459 0 27 775
44.7979 0 27 775
44.8486 0 27 778
44.8998 0 27 778
44.9491 0 27 783
44.9987 0 27 785
45.0497 0 27 785
45.0925 0 27 781
45.1489 0 27 780
45.1969 0 27 779
45.248 0 27 780
45.2998 0 27 779
45.3488 0 27 779
45.3993 0 27 779
45.4459 0 27 780
45.4994 0 27 780
45.5497 0 27 780
45.5962 0 27 780
45.6494 0 27 782
45.6983 0 27 783
45.7495 0 27 780
45.7999 0 27 781
45.8498 0 27 784
45.8978 0 27 781
45.9496 0 27 789
45.9994 0 27 788
46.0497 0 27 784
46.0997 0 27 786
46.1477 0 27 792
46.1994 0 27 789
46.2458 0 27 786
46.2997 0 27 784
46.3497 0 27 788
46.3997 0 27 794
46.4487 0 27 790
46.4992 0 27 794
46.5496 0 27 795
46.6 0 27 798
46.6497 0 27 797
46.6969 0 27 801
46.7477 0 27 802
46.7994 0 27 803
46.8497 0 27 800
46.8955 0 27 799
46.9492 0 27 806
46.9994 0 27 806
47.0493 0 27 811
47.0989 0 27 814
47.1481 0 27 811
47.1979 0 27 809
47.25 0 27 805
47.2996 0 27 803
47.3491 0 27 804
47.3998 0 27 806
47.45 0 27 808
47.4999 0 27 809
47.5487 0 27 807
47.6 0 27 804
47.6494 0 27 803
47.6957 0 27 802
47.7499 0 27 800
47.7991 0 27 796
47.8496 0 27 799
47.8992 0 27 800
47.9485 0 27 803
47.9996 0 27 802
48.0491 0 27 800
48.0999 0 27 795
48.149 0 27 791
48.199 0 27 798
48.2498 0 27 801
48.2982 0 27 804
48.3488 0 27 802
48.3986 0 27 805
48.4499 0 27 806
48.4993 0 27 806
48.5496 0 27 805
48.5999 0 27 804
48.6491 0 27 806
48.6985 0 27 801
48.75 0 27 801
48.7989 0 27 802
48.8499 0 27 799
48.8974 0 27 800
48.95 0 27 797
48.9989 0 27 798
49.0497 0 27 792
49.0989 0 27 791
49.1497 0 27 790
49.1996 0 27 792
49.2497 0 27 794
49.2988 0 27 797
49.3497 0 27 793
49.3995 0 27 789
49.4471 0 27 788
49.4958 0 27 791
49.5466 0 27 786
49.5995 0 27 784
49.6489 0 27 786
49.7 0 27 785
49.7491 0 27 790
49.8 0 27 793
49.8498 0 27 789
49.8993 0 27 791
49.9498 0 27 796
49.9999 0 27 798
50.0012 0 27 798
