0.0499274 988 0 16
0.0999167 977 0 27
0.149969 961 2 40
0.199875 954 4 55
0.249791 946 4 65
0.299754 940 7 69
0.349653 934 9 86
0.39964 928 10 95
0.449349 921 16 110
0.499985 915 21 120
0.549516 909 24 126
0.599886 904 27 139
0.649439 897 31 145
0.699326 892 33 158
0.749947 890 36 167
0.799452 886 40 173
0.849888 881 44 179
0.899978 874 48 186
0.949822 869 53 200
0.999913 862 62 204
1.04997 858 64 210
1.09993 850 69 220
1.14991 847 74 226
1.19973 843 80 228
1.24936 837 80 235
1.29954 834 86 241
1.34961 825 90 243
1.39973 821 95 253
1.44961 818 101 256
1.49987 815 108 258
1.54999 811 114 261
1.59993 808 118 269
1.64966 803 119 280
1.69991 798 121 280
1.74993 789 117 278
1.79992 786 125 275
1.84957 775 127 275
1.89988 771 127 281
1.9499 766 130 284
1.99966 761 136 289
2.04995 758 144 292
2.09961 752 149 295
2.1498 747 149 303
2.19946 742 150 306
2.24989 739 151 309
2.29969 737 153 315
2.34991 734 158 317
2.39974 726 168 317
2.44965 722 170 313
2.49994 714 177 321
2.54998 714 185 329
2.59974 707 191 329
2.64997 704 196 330
2.69875 699 200 330
2.74947 698 202 329
2.79981 697 205 332
2.84999 693 204 336
2.89966 689 204 346
2.94982 684 211 347
2.99974 679 214 352
3.04998 673 221 353
3.09952 671 229 347
3.14983 667 233 348
3.19961 661 234 348
3.24951 659 240 356
3.29985 656 246 353
3.3499 653 245 349
3.3998 646 258 357
3.44979 642 261 361
3.49984 638 272 363
3.54978 635 265 372
3.59989 629 267 372
3.64985 626 275 373
3.69988 624 281 368
3.74995 619 286 367
3.79963 612 293 372
3.84987 608 296 373
3.89975 606 302 381
3.94998 604 304 385
3.99972 603 309 385
4.04943 600 316 386
4.09977 596 327 383
4.14998 592 329 389
4.19998 590 328 395
4.24946 585 329 401
4.29975 580 336 403
4.34995 576 343 399
4.39989 574 350 400
4.44952 569 357 405
4.4998 566 356 409
4.5497 563 359 408
4.6 561 363 408
4.64997 556 365 410
4.69993 552 368 414
4.7497 550 368 420
4.79978 550 369 424
4.84941 546 374 425
4.8998 541 380 426
4.94999 536 382 428
4.99959 530 386 434
5.04983 526 386 439
5.09983 524 388 439
5.14943 521 393 442
5.2 518 399 449
5.24994 517 405 452
5.2998 517 404 450
5.34962 514 404 449
5.39953 510 406 452
5.4499 506 405 454
5.49956 504 404 458
5.54954 503 409 468
5.59936 496 414 465
5.64869 493 416 473
5.69997 490 416 475
5.74926 487 417 477
5.79938 481 419 486
5.84969 480 418 485
5.89818 478 418 481
5.94909 475 417 479
5.99978 470 420 484
6.04979 466 423 486
6.09983 462 423 487
6.14991 460 424 493
6.19816 453 428 496
6.24974 449 428 496
6.29973 447 435 495
6.34971 446 433 498
6.39814 444 436 503
6.44993 442 435 499
6.49953 439 437 500
6.54952 435 430 502
6.5991 431 431 501
6.64836 427 433 499
6.69966 423 433 500
6.74998 422 430 504
6.79923 419 428 502
6.84905 416 425 504
6.89998 412 426 508
6.9495 406 430 514
6.99899 404 429 520
7.04973 403 431 525
7.09912 400 432 531
7.14977 396 433 530
7.19994 393 433 533
7.24988 389 429 535
7.29998 384 432 540
7.34956 379 429 542
7.39977 376 433 546
7.44906 372 435 546
7.49949 365 434 542
7.54987 363 436 543
7.59963 363 441 542
7.6496 357 441 543
7.69983 357 440 543
7.74995 355 439 543
7.79974 354 438 552
7.84981 352 437 561
7.89974 350 436 565
7.94952 346 429 572
7.99941 343 427 580
8.04947 339 426 584
8.0996 336 425 589
8.14868 335 424 591
8.19992 333 422 589
8.2497 330 423 587
8.29983 328 422 596
8.34942 324 421 597
8.39915 314 422 599
8.44948 310 423 603
8.49824 307 419 600
8.54994 304 419 599
8.59982 299 417 600
8.6488 297 413 598
8.69997 294 412 604
8.74999 293 410 607
8.79924 291 407 607
8.84984 289 406 609
8.8998 287 406 608
8.94956 284 402 608
8.99989 281 402 616
9.04888 279 402 618
9.09953 274 400 623
9.14975 272 397 633
9.19977 269 394 630
9.24999 264 393 631
9.29992 262 394 634
9.34994 261 391 631
9.39952 260 385 635
9.44944 258 384 638
9.4991 257 383 633
9.54971 255 379 642
9.5992 251 376 648
9.65 249 372 654
9.69978 248 373 658
9.74983 247 372 661
9.79969 243 372 666
9.8497 241 371 670
9.89881 241 369 671
9.94968 240 366 675
9.99941 237 365 675
10.0493 233 364 679
10.0997 232 363 681
10.1498 226 359 684
10.1991 223 358 685
10.2496 220 357 693
10.2999 219 354 690
10.3498 217 351 695
10.3994 216 349 691
10.4499 215 349 692
10.4999 214 348 698
10.55 212 342 705
10.6 210 339 707
10.6494 210 337 710
10.6995 207 336 714
10.7496 206 332 718
10.7991 206 331 712
10.8494 203 329 713
10.8997 203 325 715
10.9499 202 319 715
11 201 318 720
11.0499 200 314 719
11.0998 197 312 721
11.1497 193 308 719
11.1995 193 305 728
11.2485 189 303 734
11.2999 183 303 732
11.3496 180 300 734
11.3998 179 300 733
11.4497 174 298 734
11.499 169 298 738
11.5494 165 296 741
11.5999 163 295 745
11.649 162 289 742
11.7 161 288 737
11.7498 157 288 738
11.7985 153 287 747
11.8497 153 285 751
11.899 150 284 749
11.95 148 284 749
11.9998 148 282 753
12.0489 146 279 755
12.1 144 276 754
12.1497 143 273 754
12.1994 142 266 753
12.2497 140 259 755
12.2999 137 255 754
12.3495 137 252 758
12.3997 132 251 759
12.4499 131 249 758
12.4997 127 245 763
12.5491 124 244 765
12.5994 121 244 765
12.6489 120 240 764
12.699 118 238 767
12.7492 117 236 771
12.8 115 234 770
12.8475 113 229 772
12.8992 112 225 772
12.9498 111 223 770
12.9999 108 221 767
13.0492 107 217 767
13.0996 106 217 766
13.1494 105 215 763
13.1998 104 214 762
13.2495 102 212 767
13.2998 100 206 771
13.3498 99 204 769
13.3991 95 203 772
13.4488 95 198 772
13.4998 94 196 770
13.5498 92 195 773
13.5991 91 190 771
13.6499 90 186 772
13.6998 88 185 773
13.7491 86 183 779
13.7997 84 182 779
13.85 81 181 777
13.8996 78 180 779
13.948 78 179 781
13.9997 78 178 778
14.0497 78 178 781
14.0999 77 177 785
14.1495 76 175 781
14.1994 76 173 783
14.2498 75 171 780
14.2999 75 169 783
14.3494 74 167 782
14.3997 72 164 790
14.4499 70 162 790
14.4998 68 160 789
14.5496 68 159 787
14.5997 67 154 792
14.6497 65 151 792
14.6996 65 148 794
14.7494 60 146 795
14.7996 60 144 798
14.8497 59 143 800
14.8999 58 141 803
14.9495 57 138 804
14.9998 56 135 801
15.0497 53 131 800
15.0999 53 128 801
15.1495 51 125 797
15.1998 49 124 793
15.2496 47 123 791
15.2997 47 123 784
15.3498 46 121 787
15.3999 45 120 786
15.4499 45 119 781
15.4999 43 118 780
15.55 42 117 775
15.5993 40 114 778
15.6499 40 113 778
15.6995 40 110 788
15.7494 39 108 790
15.7986 39 106 791
15.8491 38 106 797
15.8991 38 106 804
15.9497 38 104 808
15.9999 36 102 814
16.05 35 98 819
16.0999 34 97 818
16.15 34 95 814
16.1999 33 92 811
16.2499 31 91 814
16.2996 30 89 814
16.3499 30 88 816
16.3997 29 87 816
16.4498 29 86 816
16.4998 29 86 813
16.5491 29 85 816
16.5999 28 85 816
16.6496 28 83 809
16.6993 25 83 809
16.7497 24 81 807
16.7992 24 81 810
16.8489 24 80 811
16.8994 24 78 813
16.95 24 77 817
16.9999 22 76 817
17.0496 20 74 817
17.0997 20 74 814
17.1485 19 72 811
17.1998 19 72 808
17.2492 16 71 809
17.2994 16 70 804
17.3497 16 68 805
17.3998 15 67 806
17.4481 14 65 806
17.4983 13 64 808
17.5497 13 64 809
17.5994 11 63 810
17.6477 11 62 808
17.6988 11 60 809
17.7491 11 59 811
17.7998 11 58 808
17.8499 11 54 812
17.8988 11 54 813
17.9494 10 54 811
17.9996 10 49 815
18.0497 9 46 814
18.0994 9 43 817
18.1499 9 43 817
18.1983 9 43 818
18.2487 9 42 816
18.3 9 40 816
18.3485 7 39 816
18.3987 6 38 816
18.4478 6 36 820
18.4998 5 35 824
18.5497 5 34 820
18.5998 5 32 819
18.6498 5 29 822
18.6998 5 29 821
18.7485 5 28 820
18.7998 4 27 824
18.8496 3 27 820
18.9 2 27 817
18.95 2 27 816
18.9985 2 27 811
19.0499 2 27 804
19.0997 2 27 806
19.149 2 26 809
19.1994 2 24 808
19.2469 2 24 809
19.2984 2 24 809
19.3495 1 24 806
19.3988 1 24 813
19.4495 1 23 806
19.4996 1 23 805
19.5483 1 22 805
19.5999 1 21 802
19.6499 1 21 808
19.6992 1 21 808
19.7497 0 21 806
19.7985 0 21 803
19.8496 0 21 799
19.8984 0 21 800
19.9496 0 21 798
19.9983 0 20 800
20.0495 0 19 796
20.0986 0 19 799
20.1494 0 19 796
20.1996 0 19 793
20.2498 0 19 794
20.2982 0 19 789
20.3496 0 19 789
20.3998 0 19 782
20.4499 0 19 786
20.499 0 19 784
20.5475 0 19 785
20.5981 0 19 783
20.6498 0 19 785
20.6998 0 18 781
20.7491 0 18 782
20.7998 0 18 783
20.8484 0 17 789
20.8988 0 17 789
20.948 0 17 792
20.9975 0 17 791
21.0496 0 17 797
21.0994 0 17 794
21.1483 0 17 793
21.1993 0 17 792
21.2485 0 17 792
21.3 0 17 790
21.3483 0 17 784
21.3989 0 16 784
21.4491 0 16 782
21.4996 0 16 780
21.55 0 16 780
21.5996 0 16 784
21.649 0 16 785
21.7 0 16 784
21.7492 0 16 782
21.7972 0 16 782
21.8497 0 16 785
21.8997 0 16 784
21.95 0 16 786
21.9971 0 16 790
22.0477 0 16 791
22.0999 0 16 789
22.1497 0 16 792
22.1987 0 16 789
22.2456 0 16 794
22.2986 0 16 794
22.3488 0 16 795
22.3979 0 16 793
22.4487 0 16 798
22.4996 0 16 797
22.5482 0 16 796
22.5964 0 16 795
22.6483 0 16 794
22.6999 0 16 794
22.7498 0 16 797
22.7993 0 16 802
22.8492 0 16 801
22.8967 0 16 801
22.9495 0 16 806
22.9984 0 16 810
23.0491 0 16 811
23.0972 0 16 804
23.1488 0 16 802
23.1998 0 16 799
23.2478 0 16 799
23.2954 0 16 797
23.3494 0 16 803
23.3997 0 16 806
23.4495 0 16 802
23.4979 0 16 806
23.5492 0 16 806
23.599 0 16 805
23.6498 0 16 807
23.6996 0 16 808
23.7496 0 16 814
23.8 0 16 814
23.8494 0 16 813
23.8983 0 16 810
23.9487 0 16 811
23.9987 0 16 812
24.0496 0 16 812
24.0971 0 16 811
24.1499 0 16 811
24.1997 0 16 810
24.2499 0 16 809
24.2993 0 16 813
24.3443 0 16 808
24.3982 0 16 807
24.4495 0 16 804
24.4997 0 16 805
24.5488 0 16 809
24.6 0 16 809
24.649 0 16 811
24.6987 0 16 814
24.7498 0 16 814
24.7997 0 16 817
24.85 0 16 816
24.8994 0 16 817
24.9493 0 16 817
24.9935 0 16 813
25.0447 0 16 812
25.099 0 16 810
25.1497 0 16 808
25.1997 0 16 810
25.2496 0 16 808
25.2984 0 16 808
25.3451 0 16 805
25.3979 0 16 806
25.4497 0 16 808
25.4992 0 16 812
25.5499 0 16 814
25.5987 0 16 812
25.6471 0 16 817
25.6975 0 16 818
25.7494 0 16 816
25.7999 0 16 820
25.8493 0 16 821
25.8969 0 16 818
25.9482 0 16 819
25.9986 0 16 817
26.0499 0 16 812
26.0994 0 16 809
26.1496 0 16 810
26.1991 0 16 808
26.2473 0 16 803
26.2996 0 16 803
26.3499 0 16 800
26.3994 0 16 802
26.4493 0 16 803
26.4997 0 16 799
26.55 0 16 794
26.5995 0 16 794
26.65 0 16 791
26.6999 0 16 795
26.7467 0 16 798
26.7992 0 16 795
26.8491 0 16 798
26.9 0 16 802
26.9498 0 16 804
26.9987 0 16 804
27.0465 0 16 805
27.0999 0 16 801
27.15 0 16 802
27.1976 0 16 798
27.2494 0 16 798
27.2995 0 16 801
27.3485 0 16 800
27.3995 0 16 804
27.4486 0 16 801
27.4998 0 16 799
27.5471 0 16 799
27.6 0 16 796
27.649 0 16 799
27.6982 0 16 799
27.7476 0 16 796
27.7944 0 16 799
27.8496 0 16 800
27.8985 0 16 804
27.949 0 16 805
27.9994 0 16 805
28.0494 0 16 802
28.0999 0 16 804
28.1486 0 16 803
28.1942 0 16 806
28.2472 0 16 807
28.2999 0 16 806
28.3498 0 16 808
28.3999 0 16 805
28.4449 0 16 806
28.4992 0 16 805
28.5487 0 16 806
28.597 0 16 802
28.6477 0 16 801
28.6997 0 16 799
28.7479 0 16 799
28.7992 0 16 799
28.8499 0 16 800
28.8998 0 16 795
28.9497 0 16 795
28.9994 0 16 797
29.0493 0 16 801
29.0985 0 16 798
29.15 0 16 799
29.1999 0 16 794
29.2479 0 16 793
29.2996 0 16 789
29.3494 0 16 791
29.3998 0 16 794
29.4435 0 16 797
29.4979 0 16 801
29.5496 0 16 798
29.5984 0 16 796
29.648 0 16 798
29.6993 0 16 804
29.7438 0 16 808
29.7994 0 16 815
29.85 0 16 814
29.8993 0 16 813
29.9495 0 16 811
29.9998 0 16 810
30.0496 0 16 808
30.0987 0 16 808
30.1497 0 16 807
30.1997 0 16 809
30.2493 0 16 809
30.2974 0 16 809
30.3473 0 16 807
30.399 0 16 799
30.4491 0 16 796
30.4996 0 16 795
30.5493 0 16 796
30.5989 0 16 798
30.65 0 16 797
30.6999 0 16 794
30.7458 0 16 796
30.7977 0 16 792
30.8484 0 16 788
30.898 0 16 789
30.9483 0 16 790
30.9997 0 16 793
31.0488 0 16 790
31.0988 0 16 791
31.1468 0 16 789
31.1997 0 16 790
31.2491 0 16 787
31.2976 0 16 790
31.346 0 16 792
31.3999 0 16 790
31.4489 0 16 789
31.4973 0 16 791
31.5494 0 16 796
31.5994 0 16 796
31.6485 0 16 789
31.6999 0 16 790
31.7472 0 16 788
31.7998 0 16 791
31.8479 0 16 789
31.8987 0 16 786
31.9496 0 16 788
31.9994 0 16 780
32.0463 0 16 781
32.0963 0 16 782
32.1497 0 16 777
32.1989 0 16 783
32.2496 0 16 779
32.2997 0 16 783
32.3495 0 16 784
32.3996 0 16 784
32.4472 0 16 783
32.4982 0 16 782
32.549 0 16 782
32.5973 0 16 784
32.6479 0 16 789
32.6992 0 16 784
32.7494 0 16 789
32.7991 0 16 788
32.8498 0 16 789
32.8996 0 16 794
32.95 0 16 788
32.9998 0 16 784
33.0494 0 16 782
33.0997 0 16 786
33.15 0 16 783
33.1994 0 16 788
33.2488 0 16 787
33.2964 0 16 787
33.3495 0 16 785
33.3999 0 16 790
33.4484 0 16 792
33.4983 0 16 789
33.5452 0 16 787
33.5965 0 16 795
33.649 0 16 794
33.6998 0 16 796
33.7498 0 16 796
33.8 0 16 796
33.8493 0 16 797
33.8992 0 16 802
33.9496 0 16 803
33.9996 0 16 804
34.0498 0 16 805
34.0992 0 16 802
34.1471 0 16 800
34.1979 0 16 798
34.2492 0 16 801
34.2999 0 16 802
34.3456 0 16 807
34.3998 0 16 809
34.4497 0 16 806
34.4997 0 16 804
34.5494 0 16 800
34.5999 0 16 798
34.6497 0 16 800
34.6968 0 16 800
34.7499 0 16 798
34.7971 0 16 792
34.8494 0 16 794
34.8988 0 16 794
34.9494 0 16 797
34.9998 0 16 793
35.05 0 16 795
35.0971 0 16 797
35.1483 0 16 796
35.1977 0 16 792
35.2496 0 16 792
35.2978 0 16 786
35.35 0 16 787
35.3992 0 16 785
35.4483 0 16 787
35.4998 0 16 785
35.5492 0 16 783
35.599 0 16 783
35.648 0 16 781
35.6995 0 16 785
35.7448 0 16 787
35.7985 0 16 785
35.8494 0 16 787
35.9 0 16 781
35.95 0 16 784
35.9985 0 16 788
36.0499 0 16 792
36.0977 0 16 792
36.15 0 16 787
36.1993 0 16 787
36.249 0 16 787
36.2973 0 16 789
36.3497 0 16 791
36.3957 0 16 795
36.4492 0 16 799
36.4996 0 16 793
36.5498 0 16 790
36.5981 0 16 789
36.6497 0 16 790
36.6996 0 16 794
36.7481 0 16 794
36.7996 0 16 788
36.8499 0 16 791
36.8997 0 16 791
36.9496 0 16 790
36.9984 0 16 798
37.0486 0 16 797
37.0994 0 16 794
37.1496 0 16 796
37.1996 0 16 795
37.2448 0 16 795
37.2994 0 16 801
37.3496 0 16 803
37.3995 0 16 810
37.4495 0 16 808
37.4994 0 16 801
37.5499 0 16 804
37.5996 0 16 804
37.6496 0 16 806
37.6999 0 16 808
37.7498 0 16 811
37.7977 0 16 811
37.8478 0 16 807
37.8983 0 16 810
37.948 0 16 813
37.9999 0 16 806
38.0485 0 16 807
38.0984 0 16 801
38.1475 0 16 798
38.1985 0 16 801
38.2487 0 16 797
38.2998 0 16 801
38.3485 0 16 808
38.3995 0 16 807
38.448 0 16 803
38.4979 0 16 801
38.547 0 16 807
38.5984 0 16 807
38.6493 0 16 805
38.7 0 16 806
38.7486 0 16 809
38.7995 0 16 810
38.8478 0 16 812
38.8999 0 16 810
38.9486 0 16 811
38.9997 0 16 807
39.0497 0 16 805
39.0989 0 16 808
39.15 0 16 803
39.1995 0 16 803
39.2494 0 16 802
39.2991 0 16 805
39.3498 0 16 808
39.3986 0 16 809
39.4461 0 16 809
39.4968 0 16 811
39.5497 0 16 809
39.5996 0 16 809
39.65 0 16 811
39.6998 0 16 807
39.7498 0 16 806
39.8 0 16 803
39.8485 0 16 797
39.898 0 16 795
39.9493 0 16 798
39.9998 0 16 799
40.0463 0 16 798
40.0976 0 16 803
40.1481 0 16 801
40.199 0 16 802
40.2459 0 16 803
40.2997 0 16 800
40.3493 0 16 791
40.3992 0 16 790
40.4483 0 16 786
40.4999 0 16 784
40.5486 0 16 785
40.5997 0 16 785
40.6492 0 16 793
40.7 0 16 795
40.7459 0 16 796
40.7959 0 16 796
40.8499 0 16 794
40.8995 0 16 797
40.9482 0 16 799
40.9975 0 16 795
41.0497 0 16 794
41.0988 0 16 790
41.1472 0 16 788
41.2 0 16 789
41.2482 0 16 791
41.3 0 16 797
41.35 0 16 798
41.4 0 16 795
41.45 0 16 799
41.4991 0 16 799
41.5498 0 16 799
41.5995 0 16 798
41.6484 0 16 798
41.6999 0 16 797
41.7494 0 16 800
41.7982 0 16 794
41.8491 0 16 792
41.8998 0 16 795
41.9495 0 16 798
41.9996 0 16 799
42.0492 0 16 798
42.0993 0 16 798
42.1494 0 16 802
42.1963 0 16 800
42.2497 0 16 799
42.2998 0 16 798
42.3499 0 16 804
42.3999 0 16 810
42.4499 0 16 805
42.4989 0 16 809
42.5494 0 16 806
42.6 0 16 806
42.6472 0 16 807
42.6983 0 16 809
42.7494 0 16 811
42.797 0 16 814
42.8477 0 16 808
42.8991 0 16 810
42.9494 0 16 809
42.9943 0 16 812
43.0486 0 16 813
43.099 0 16 810
43.1492 0 16 807
43.1991 0 16 806
43.2496 0 16 807
43.2992 0 16 799
43.3498 0 16 803
43.3999 0 16 806
43.4484 0 16 813
43.4993 0 16 811
43.549 0 16 813
43.5992 0 16 813
43.6494 0 16 813
43.6998 0 16 810
43.7448 0 16 805
43.7989 0 16 803
43.8493 0 16 801
43.8951 0 16 799
43.9499 0 16 799
43.9996 0 16 793
44.0491 0 16 795
44.0975 0 16 799
44.1491 0 16 800
44.1996 0 16 798
44.2486 0 16 793
44.2998 0 16 789
44.3494 0 16 794
44.3989 0 16 795
44.4478 0 16 795
44.4998 0 16 798
44.5478 0 16 790
44.5998 0 16 795
44.6499 0 16 796
44.6982 0 16 797
44.7495 0 16 798
44.7988 0 16 801
44.8482 0 16 795
44.8992 0 16 798
44.9492 0 16 798
45 0 16 795
45.0498 0 16 799
45.0974 0 16 797
45.1483 0 16 799
45.1968 0 16 798
45.2431 0 16 804
45.2997 0 16 804
45.3497 0 16 803
45.3997 0 16 803
45.4491 0 16 803
45.4996 0 16 803
45.55 0 16 805
45.5999 0 16 803
45.6497 0 16 801
45.6979 0 16 802
45.7492 0 16 802
45.7999 0 16 804
45.8498 0 16 807
45.8989 0 16 802
45.9449 0 16 801
45.9998 0 16 804
46.0462 0 16 804
46.0996 0 16 806
46.1457 0 16 809
46.1991 0 16 804
46.2491 0 16 802
46.2981 0 16 796
46.3494 0 16 797
46.3997 0 16 793
46.4499 0 16 794
46.4993 0 16 796
46.5497 0 16 800
46.5996 0 16 796
46.6499 0 16 798
46.6972 0 16 799
46.7493 0 16 799
46.7994 0 16 795
46.8467 0 16 790
46.8997 0 16 790
46.9489 0 16 791
46.9989 0 16 789
47.0484 0 16 788
47.0982 0 16 790
47.1492 0 16 795
47.1998 0 16 793
47.25 0 16 790
47.2997 0 16 790
47.3483 0 16 789
47.3975 0 16 795
47.4481 0 16 796
47.4998 0 16 798
47.5494 0 16 801
47.5967 0 16 803
47.6479 0 16 806
47.6988 0 16 798
47.7499 0 16 797
47.7997 0 16 795
47.85 0 16 793
47.8996 0 16 794
47.9497 0 16 794
47.9998 0 16 796
48.0499 0 16 795
48.0995 0 16 797
48.1479 0 16 796
48.1995 0 16 791
48.2489 0 16 791
48.2971 0 16 796
48.3464 0 16 793
48.3997 0 16 789
48.4496 0 16 790
48.499 0 16 791
48.5499 0 16 789
48.5973 0 16 787
48.6496 0 16 785
48.6998 0 16 784
48.7477 0 16 783
48.7996 0 16 784
48.8488 0 16 786
48.8977 0 16 784
48.9489 0 16 783
48.9982 0 16 788
49.0497 0 16 794
49.0998 0 16 796
49.1469 0 16 789
49.1986 0 16 791
49.2498 0 16 795
49.2999 0 16 797
49.35 0 16 795
49.3995 0 16 791
49.4487 0 16 792
49.4988 0 16 795
49.5477 0 16 797
49.599 0 16 802
49.6493 0 16 805
49.6944 0 16 809
49.7492 0 16 804
49.7992 0 16 804
49.8494 0 16 801
49.8998 0 16 800
49.9485 0 16 797
49.9999 0 16 798
50.0008 0 16 798
