0.0492886 993 0 14
0.0998116 980 4 32
0.149935 973 6 50
0.199967 958 10 63
0.249991 951 12 78
0.299412 947 16 81
0.349639 941 17 93
0.399929 928 19 101
0.449786 926 23 106
0.499976 916 24 112
0.549691 913 27 120
0.599908 908 30 129
0.649762 903 31 136
0.699774 898 33 147
0.74945 890 37 157
0.799756 886 41 172
0.849943 878 42 177
0.899666 870 48 182
0.949922 863 55 183
0.999906 860 56 190
1.04991 852 62 195
1.09919 848 70 198
1.14994 841 73 204
1.19986 830 77 208
1.24974 825 79 214
1.29979 821 87 220
1.34948 813 95 224
1.39986 812 101 223
1.44977 807 104 231
1.49991 797 107 235
1.54994 790 109 235
1.59967 789 118 237
1.64972 785 126 242
1.69998 777 133 245
1.74943 775 139 253
1.79999 772 148 258
1.84983 770 154 266
1.89988 760 158 266
1.94976 751 155 269
1.99844 746 157 273
2.04951 742 156 278
2.09987 741 161 280
2.14983 739 164 284
2.19978 734 165 287
2.24977 725 171 283
2.29994 719 173 287
2.34991 718 176 285
2.39956 715 191 291
2.44998 707 194 288
2.49995 704 196 293
2.54977 697 199 292
2.59921 694 199 295
2.64919 693 205 299
2.69991 686 208 300
2.74986 683 207 303
2.7997 679 210 305
2.84994 673 218 301
2.89911 669 221 310
2.94979 667 231 312
2.99985 665 242 309
3.0498 661 251 316
3.09937 658 254 318
3.14998 651 255 322
3.19989 646 261 321
3.24975 640 267 324
3.29919 636 273 320
3.34913 633 278 316
3.39877 628 280 319
3.44994 623 278 326
3.49948 618 283 332
3.54997 613 292 341
3.59989 609 296 344
3.64913 605 304 348
3.6995 601 313 353
3.74978 596 320 352
3.79916 594 320 350
3.84941 590 323 351
3.8989 585 327 356
3.9499 580 336 358
3.99964 577 340 361
4.04995 575 342 360
4.09944 571 349 367
4.14995 567 355 370
4.19988 561 366 371
4.2498 556 367 368
4.29973 553 368 368
4.34969 549 376 373
4.39957 548 379 379
4.44952 544 381 378
4.49979 541 385 378
4.54996 535 391 381
4.59973 533 392 386
4.64978 531 398 390
4.69978 528 403 386
4.74989 525 408 392
4.79966 518 413 392
4.84958 517 414 392
4.89986 513 414 400
4.94998 513 418 407
4.99959 511 418 409
5.04992 507 424 411
5.09997 504 424 415
5.14931 504 428 422
5.19975 504 432 425
5.24995 498 434 429
5.29953 495 443 423
5.34972 491 445 431
5.39989 489 447 430
5.44999 487 452 423
5.49956 483 455 426
5.54998 479 450 428
5.59977 476 452 432
5.64972 472 448 431
5.69981 468 448 438
5.74987 466 452 444
5.79904 464 453 446
5.84966 461 454 450
5.89986 456 455 454
5.94987 454 456 456
5.99954 451 462 463
6.0499 448 464 463
6.09914 446 464 467
6.14962 445 465 468
6.19987 439 465 471
6.24968 435 462 477
6.29923 431 463 490
6.34992 429 461 490
6.39991 428 460 491
6.44988 426 459 498
6.49964 425 460 500
6.5497 424 461 504
6.59974 420 458 508
6.64988 415 455 510
6.69988 410 462 513
6.74991 408 465 515
6.79971 408 467 514
6.84812 407 467 520
6.89961 403 468 523
6.94954 394 464 528
6.99967 394 466 531
7.04996 391 466 531
7.09964 389 464 532
7.14971 389 465 534
7.19999 385 463 533
7.24961 383 458 535
7.29944 379 455 535
7.34922 376 452 531
7.39902 373 451 528
7.44956 368 450 526
7.49976 366 448 534
7.54953 364 453 537
7.59923 361 450 542
7.64963 357 451 550
7.69958 353 448 551
7.74982 352 447 556
7.79971 349 444 557
7.8494 348 442 565
7.89969 346 442 566
7.94934 341 440 569
7.99967 341 443 569
8.0495 340 443 570
8.09975 339 440 574
8.14956 336 439 578
8.19982 336 440 578
8.2496 333 440 582
8.2996 327 441 589
8.34964 325 439 590
8.39953 325 438 588
8.44992 322 438 585
8.49992 317 439 587
8.54927 313 436 587
8.59968 311 431 589
8.64877 307 430 590
8.69926 304 428 589
8.74989 300 423 589
8.7996 298 421 588
8.84987 296 422 589
8.8997 296 419 591
8.94603 293 417 596
8.99924 290 416 596
9.04985 286 412 601
9.09996 284 408 605
9.14924 280 409 607
9.19926 278 408 609
9.24935 275 404 603
9.29986 274 401 604
9.34955 270 402 606
9.39971 266 399 617
9.44976 265 396 623
9.49954 263 398 628
9.54983 262 396 632
9.59964 258 394 636
9.64974 257 391 637
9.6999 256 388 640
9.74767 255 383 641
9.79952 253 381 646
9.84979 248 375 646
9.89991 246 373 658
9.94995 245 374 664
9.99972 245 374 663
10.0497 243 370 668
10.0996 241 367 664
10.148 240 369 667
10.1997 235 368 673
10.2493 233 364 676
10.2999 229 359 675
10.3499 226 355 676
10.3995 223 350 682
10.4499 220 346 683
10.4997 217 344 684
10.5492 212 341 682
10.5998 211 338 689
10.6497 208 338 691
10.6997 205 335 696
10.7493 204 333 696
10.8 203 329 696
10.8497 201 327 700
10.8984 199 323 706
10.9499 196 320 713
10.9993 194 317 724
11.0491 194 316 725
11.0992 189 314 723
11.1499 188 315 723
11.1993 188 314 725
11.2481 187 316 728
11.3 182 317 733
11.3495 179 314 734
11.3997 177 309 729
11.4498 175 305 725
11.4997 174 302 724
11.5498 174 301 729
11.5993 172 298 732
11.65 169 295 738
11.6999 167 295 734
11.7498 166 290 738
11.7994 162 285 741
11.85 161 280 742
11.8993 159 278 744
11.9494 155 276 753
11.9993 155 270 754
12.0493 152 267 757
12.0991 147 267 759
12.1497 146 266 754
12.1985 144 259 755
12.249 142 260 751
12.2998 142 256 748
12.3494 141 255 753
12.4 140 252 754
12.4485 138 249 756
12.4999 136 246 758
12.5491 132 244 758
12.5999 130 242 763
12.6494 129 238 765
12.6996 127 235 766
12.7497 125 233 765
12.7996 124 229 769
12.8497 123 227 775
12.8987 120 224 777
12.9492 117 221 774
12.9987 116 219 775
13.0492 116 215 782
13.0995 113 213 778
13.1499 113 209 779
13.1996 111 206 779
13.2491 111 206 783
13.2995 109 204 785
13.3499 108 203 789
13.3981 106 200 793
13.4494 105 197 796
13.4984 104 193 796
13.5499 103 192 801
13.5998 101 190 805
13.65 101 190 807
13.6991 100 189 813
13.7499 97 187 811
13.7993 95 185 810
13.8493 94 182 806
13.8998 92 180 803
13.9498 91 181 807
13.9988 88 180 804
14.0498 88 178 800
14.1 86 175 794
14.1499 86 174 794
14.199 84 175 795
14.2497 83 174 799
14.2996 79 172 800
14.3499 79 170 801
14.3999 78 168 801
14.4496 78 165 799
14.4983 76 163 801
14.5494 73 163 800
14.5992 72 160 799
14.649 71 158 801
14.6998 70 155 802
14.7497 70 154 801
14.7998 68 153 803
14.8486 66 149 799
14.8991 64 148 802
14.9496 63 148 803
14.9985 60 146 800
15.0496 59 143 802
15.1 57 142 802
15.1489 56 138 800
15.1998 54 138 799
15.2494 51 137 791
15.2999 49 136 793
15.3492 48 134 793
15.3997 48 130 788
15.45 47 129 786
15.4994 47 128 788
15.5499 46 128 786
15.5986 44 128 789
15.6489 44 125 791
15.6996 44 124 789
15.7495 43 123 793
15.7996 42 121 788
15.8498 40 119 789
15.8999 40 118 786
15.9499 40 117 789
15.9998 40 117 792
16.049 40 115 795
16.0979 40 115 799
16.1498 40 114 802
16.1995 40 114 800
16.2497 40 111 799
16.2997 40 110 799
16.3491 40 105 800
16.3998 40 104 798
16.4492 36 104 800
16.4999 35 103 798
16.5484 34 103 801
16.5988 33 102 801
16.6495 30 100 796
16.7 30 99 794
16.75 29 98 796
16.7998 29 95 793
16.8496 28 95 793
16.8994 27 92 787
16.9498 25 91 787
16.9998 23 91 785
17.0496 23 89 787
17.0998 23 87 787
17.1497 23 83 788
17.1996 21 82 787
17.2488 21 80 787
17.2999 21 79 788
17.3493 20 79 792
17.3997 20 79 789
17.4499 19 79 784
17.499 17 76 786
17.5495 16 74 786
17.5997 16 74 786
17.6495 16 72 782
17.6997 15 69 783
17.7496 15 68 787
17.7994 15 67 786
17.8498 15 66 791
17.8992 14 65 791
17.9497 14 65 792
17.9999 13 65 795
18.0482 13 65 796
18.0989 13 62 793
18.1492 13 60 796
18.1981 12 60 793
18.2498 12 60 795
18.2999 11 59 797
18.3487 11 59 800
18.399 11 58 799
18.4494 9 57 795
18.4999 8 56 793
18.5481 8 56 790
18.5999 7 54 793
18.65 7 52 798
18.6999 7 50 798
18.7498 6 50 797
18.7995 6 48 797
18.8493 6 46 795
18.8989 6 42 800
18.9499 5 42 798
18.9998 4 42 804
19.0498 4 42 802
19.0996 4 40 798
19.1498 3 40 801
19.1999 2 39 801
19.2499 1 39 804
19.3 1 39 804
19.3496 1 38 804
19.3999 1 37 804
19.4497 1 36 799
19.4998 1 36 794
19.5496 1 35 793
19.5996 1 35 792
19.6497 1 34 793
19.6995 1 33 794
19.7499 1 33 791
19.7969 1 32 790
19.85 1 32 790
19.8977 1 32 791
19.9495 1 32 789
19.9981 1 32 789
20.0498 1 30 788
20.1 1 30 792
20.15 1 30 798
20.1991 1 30 797
20.2492 1 30 799
20.2998 1 30 800
20.3492 1 30 805
20.3985 1 30 808
20.4489 1 30 807
20.4979 1 30 808
20.5498 0 30 806
20.5981 0 30 808
20.649 0 29 808
20.6994 0 28 810
20.7496 0 28 811
20.7973 0 28 811
20.8462 0 28 812
20.8993 0 28 810
20.95 0 28 810
20.9977 0 27 810
21.0494 0 27 808
21.0996 0 27 810
21.1495 0 27 809
21.1986 0 27 812
21.2481 0 27 812
21.3 0 27 815
21.3497 0 27 817
21.4 0 27 815
21.4483 0 27 813
21.4993 0 27 815
21.5479 0 27 814
21.5999 0 27 815
21.6497 0 27 814
21.6993 0 27 812
21.7498 0 27 809
21.7997 0 27 805
21.8494 0 27 806
21.8976 0 27 806
21.9493 0 27 807
21.9994 0 27 810
22.0482 0 26 808
22.0999 0 26 808
22.1486 0 26 801
22.1991 0 26 800
22.25 0 26 805
22.2974 0 26 806
22.3499 0 26 800
22.4 0 26 797
22.4499 0 26 798
22.4999 0 26 797
22.5499 0 26 792
22.5996 0 26 796
22.6491 0 26 793
22.6992 0 26 794
22.7498 0 26 794
22.7996 0 26 789
22.8487 0 26 788
22.899 0 26 783
22.9494 0 26 785
22.9984 0 26 784
23.0484 0 26 785
23.0996 0 26 787
23.1498 0 26 787
23.1999 0 26 791
23.2489 0 26 793
23.2993 0 26 795
23.3481 0 26 791
23.3995 0 26 797
23.4492 0 26 798
23.497 0 26 796
23.5495 0 26 799
23.598 0 26 800
23.6499 0 26 800
23.6988 0 25 793
23.7498 0 25 795
23.7999 0 25 793
23.8459 0 25 794
23.8991 0 25 795
23.9497 0 25 798
23.9992 0 25 797
24.0492 0 25 803
24.0984 0 25 803
24.1493 0 25 803
24.1991 0 25 809
24.2498 0 25 813
24.2986 0 25 812
24.3499 0 25 812
24.3994 0 25 808
24.4498 0 25 806
24.4997 0 25 804
24.549 0 25 800
24.5972 0 25 797
24.6476 0 25 800
24.6992 0 25 801
24.749 0 25 801
24.7999 0 25 801
24.849 0 25 799
24.8989 0 25 800
24.9487 0 25 802
24.9978 0 25 803
25.0499 0 25 807
25.0978 0 25 807
25.1499 0 25 803
25.1996 0 25 805
25.2499 0 25 799
25.2996 0 25 795
25.3498 0 25 796
25.3999 0 25 792
25.4436 0 25 792
25.4999 0 25 788
25.5489 0 25 790
25.5976 0 25 788
25.6497 0 25 789
25.6979 0 25 789
25.747 0 25 787
25.7995 0 25 782
25.8499 0 25 790
25.8997 0 25 788
25.9497 0 25 780
25.9983 0 25 782
26.0498 0 25 784
26.0991 0 25 786
26.1483 0 25 781
26.1998 0 25 784
26.2498 0 25 782
26.2978 0 25 779
26.3496 0 25 774
26.3995 0 25 773
26.4489 0 25 774
26.4988 0 25 772
26.5488 0 25 774
26.5963 0 25 777
26.6489 0 25 779
26.6999 0 25 776
26.7497 0 25 778
26.7999 0 25 777
26.8477 0 25 777
26.8994 0 25 776
26.948 0 25 779
26.9998 0 25 777
27.0496 0 25 779
27.0993 0 25 783
27.1498 0 25 779
27.1997 0 25 782
27.2496 0 25 782
27.2997 0 25 781
27.3484 0 25 782
27.3986 0 25 783
27.4498 0 25 785
27.4994 0 25 791
27.5487 0 25 793
27.599 0 25 798
27.6495 0 25 797
27.699 0 25 796
27.7473 0 25 792
27.7996 0 25 787
27.8479 0 25 796
27.8994 0 25 799
27.9484 0 25 797
27.9979 0 25 798
28.0477 0 25 800
28.0995 0 25 800
28.1497 0 25 800
28.1981 0 25 795
28.2493 0 25 791
28.2992 0 25 794
28.3499 0 25 798
28.3985 0 25 796
28.4485 0 25 789
28.499 0 25 788
28.5461 0 25 790
28.6 0 25 791
28.6498 0 25 791
28.6999 0 25 792
28.7483 0 25 795
28.7995 0 25 801
28.8498 0 25 801
28.8996 0 25 800
28.9498 0 25 806
28.9995 0 25 807
29.0488 0 25 807
29.0991 0 25 808
29.1498 0 25 807
29.1996 0 25 807
29.2463 0 25 808
29.299 0 25 799
29.3496 0 25 801
29.3998 0 25 805
29.4493 0 25 811
29.4969 0 25 810
29.5499 0 25 809
29.5975 0 25 807
29.6497 0 25 804
29.699 0 25 807
29.7489 0 25 811
29.7989 0 25 815
29.8496 0 25 813
29.8995 0 25 815
29.9439 0 25 815
29.9995 0 25 814
30.0498 0 25 810
30.0997 0 25 809
30.1484 0 25 809
30.2 0 25 807
30.2497 0 25 808
30.2951 0 25 804
30.3483 0 25 801
30.4 0 25 798
30.4491 0 25 799
30.4996 0 25 796
30.5485 0 25 797
30.5996 0 25 801
30.6498 0 25 801
30.699 0 25 800
30.7495 0 25 804
30.7999 0 25 803
30.8499 0 25 801
30.8989 0 25 806
30.9493 0 25 806
30.9989 0 25 798
31.0499 0 25 794
31.0995 0 25 802
31.1469 0 25 799
31.2 0 25 799
31.2489 0 25 797
31.2996 0 25 796
31.3492 0 25 796
31.3991 0 25 803
31.45 0 25 798
31.4999 0 25 795
31.5469 0 25 797
31.5984 0 25 801
31.6495 0 25 800
31.6982 0 25 799
31.7427 0 25 800
31.7993 0 25 797
31.8495 0 25 794
31.8984 0 25 790
31.9497 0 25 786
31.9977 0 25 785
32.0497 0 25 784
32.0989 0 25 785
32.15 0 25 786
32.1987 0 25 788
32.2499 0 25 788
32.2999 0 25 789
32.3491 0 25 787
32.3999 0 25 784
32.4497 0 25 782
32.4994 0 25 781
32.5497 0 25 788
32.5958 0 25 789
32.6486 0 25 793
32.6982 0 25 791
32.7498 0 25 794
32.7991 0 25 791
32.848 0 25 796
32.8991 0 25 794
32.9488 0 25 799
32.9982 0 25 799
33.049 0 25 803
33.0957 0 25 803
33.1489 0 25 806
33.1983 0 25 805
33.2472 0 25 803
33.3 0 25 803
33.3489 0 25 804
33.397 0 25 801
33.4484 0 25 803
33.4995 0 25 801
33.5499 0 25 806
33.599 0 25 806
33.6497 0 25 805
33.6957 0 25 807
33.7493 0 25 810
33.798 0 25 808
33.849 0 25 810
33.8992 0 25 812
33.9499 0 25 814
33.9937 0 25 809
34.0492 0 25 814
34.0993 0 25 815
34.1477 0 25 814
34.1992 0 25 811
34.2492 0 25 820
34.2994 0 25 825
34.3497 0 25 819
34.3984 0 25 821
34.4476 0 25 825
34.4995 0 25 823
34.5464 0 25 823
34.5984 0 25 818
34.6495 0 25 818
34.6991 0 25 819
34.7489 0 25 816
34.7985 0 25 812
34.8468 0 25 811
34.8994 0 25 812
34.9495 0 25 813
34.999 0 25 814
35.0499 0 25 809
35.0996 0 25 804
35.1499 0 25 804
35.1993 0 25 800
35.2451 0 25 796
35.2995 0 25 794
35.3494 0 25 795
35.3988 0 25 795
35.4498 0 25 798
35.4986 0 25 794
35.5478 0 25 797
35.5992 0 25 798
35.6499 0 25 793
35.6994 0 25 790
35.7498 0 25 788
35.7994 0 25 783
35.8496 0 25 781
35.8998 0 25 781
35.9488 0 25 783
35.9985 0 25 780
36.0472 0 25 781
36.0971 0 25 787
36.1495 0 25 791
36.1992 0 25 790
36.2499 0 25 788
36.2991 0 25 790
36.3494 0 25 790
36.3999 0 25 795
36.4489 0 25 794
36.4985 0 25 791
36.55 0 25 792
36.5986 0 25 796
36.6499 0 25 790
36.6992 0 25 793
36.749 0 25 799
36.7988 0 25 800
36.8499 0 25 806
36.9 0 25 807
36.9479 0 25 804
36.9975 0 25 806
37.0477 0 25 810
37.1 0 25 808
37.1496 0 25 810
37.1982 0 25 813
37.2498 0 25 814
37.2992 0 25 813
37.3492 0 25 816
37.3997 0 25 817
37.4434 0 25 818
37.499 0 25 815
37.5493 0 25 816
37.5985 0 25 815
37.6496 0 25 816
37.6998 0 25 813
37.7496 0 25 815
37.7989 0 25 815
37.8464 0 25 813
37.8995 0 25 817
37.9474 0 25 818
37.9978 0 25 819
38.0478 0 25 827
38.0992 0 25 825
38.1475 0 25 825
38.1984 0 25 818
38.2499 0 25 824
38.2984 0 25 821
38.3496 0 25 815
38.3999 0 25 819
38.4492 0 25 817
38.4988 0 25 817
38.5473 0 25 818
38.599 0 25 819
38.6491 0 25 816
38.6998 0 25 818
38.7472 0 25 814
38.7988 0 25 816
38.8499 0 25 813
38.8999 0 25 810
38.9497 0 25 810
38.9965 0 25 806
39.048 0 25 806
39.1 0 25 801
39.1498 0 25 798
39.1984 0 25 802
39.2491 0 25 799
39.2964 0 25 797
39.3483 0 25 797
39.3994 0 25 796
39.4493 0 25 795
39.4994 0 25 793
39.5497 0 25 792
39.5994 0 25 794
39.6464 0 25 790
39.6971 0 25 784
39.7495 0 25 784
39.7998 0 25 783
39.8499 0 25 779
39.8975 0 25 781
39.9498 0 25 777
39.9979 0 25 780
40.0492 0 25 783
40.0998 0 25 785
40.1496 0 25 788
40.1986 0 25 788
40.2492 0 25 784
40.295 0 25 788
40.348 0 25 790
40.3997 0 25 792
40.4486 0 25 792
40.4985 0 25 794
40.5498 0 25 797
40.5993 0 25 800
40.6459 0 25 805
40.6994 0 25 799
40.7492 0 25 795
40.7997 0 25 789
40.8451 0 25 792
40.8999 0 25 793
40.9499 0 25 795
40.9981 0 25 793
41.05 0 25 799
41.1 0 25 803
41.1493 0 25 806
41.1993 0 25 807
41.2481 0 25 804
41.2977 0 25 801
41.3485 0 25 805
41.3994 0 25 809
41.4488 0 25 807
41.4998 0 25 806
41.5498 0 25 803
41.5997 0 25 798
41.6497 0 25 800
41.6906 0 25 803
41.749 0 25 803
41.7985 0 25 799
41.8483 0 25 795
41.8994 0 25 798
41.9497 0 25 796
41.9998 0 25 799
42.0483 0 25 801
42.0998 0 25 801
42.1498 0 25 802
42.197 0 25 802
42.2492 0 25 803
42.2999 0 25 797
42.3489 0 25 795
42.3995 0 25 799
42.4499 0 25 801
42.5 0 25 802
42.5498 0 25 800
42.6 0 25 805
42.6499 0 25 802
42.6993 0 25 803
42.7498 0 25 800
42.7997 0 25 802
42.8495 0 25 804
42.8989 0 25 806
42.9494 0 25 805
42.9998 0 25 808
43.0489 0 25 809
43.0981 0 25 812
43.1478 0 25 816
43.1989 0 25 819
43.2491 0 25 820
43.2983 0 25 820
43.3466 0 25 823
43.3981 0 25 823
43.4498 0 25 822
43.4994 0 25 818
43.5489 0 25 815
43.5977 0 25 821
43.649 0 25 817
43.6992 0 25 816
43.7495 0 25 818
43.7995 0 25 813
43.8486 0 25 811
43.8987 0 25 806
43.946 0 25 802
43.999 0 25 803
44.0492 0 25 801
44.0997 0 25 806
44.1478 0 25 806
44.1981 0 25 809
44.2469 0 25 807
44.2999 0 25 809
44.3497 0 25 814
44.3979 0 25 817
44.448 0 25 818
44.4992 0 25 814
44.5498 0 25 812
44.5998 0 25 811
44.649 0 25 813
44.6998 0 25 816
44.7497 0 25 815
44.7972 0 25 818
44.8492 0 25 815
44.8971 0 25 815
44.9488 0 25 813
44.9996 0 25 806
45.049 0 25 807
45.0994 0 25 805
45.1496 0 25 797
45.1903 0 25 799
45.2498 0 25 804
45.2995 0 25 805
45.35 0 25 802
45.3985 0 25 797
45.4496 0 25 795
45.4989 0 25 797
45.5475 0 25 794
45.5998 0 25 796
45.6497 0 25 796
45.6976 0 25 794
45.7495 0 25 790
45.7999 0 25 794
45.8494 0 25 793
45.898 0 25 800
45.95 0 25 803
45.9957 0 25 801
46.0484 0 25 800
46.0996 0 25 804
46.1474 0 25 804
46.1987 0 25 802
46.2478 0 25 803
46.297 0 25 803
46.3483 0 25 801
46.3971 0 25 802
46.4485 0 25 804
46.4984 0 25 801
46.5495 0 25 808
46.5999 0 25 815
46.6476 0 25 809
46.6999 0 25 806
46.7494 0 25 801
46.7973 0 25 800
46.8487 0 25 796
46.8997 0 25 794
46.9495 0 25 792
46.999 0 25 795
47.0492 0 25 797
47.0994 0 25 796
47.149 0 25 794
47.1998 0 25 791
47.2482 0 25 793
47.3 0 25 795
47.3492 0 25 789
47.3994 0 25 788
47.4485 0 25 789
47.499 0 25 790
47.5487 0 25 791
47.5988 0 25 792
47.6497 0 25 791
47.6997 0 25 793
47.748 0 25 791
47.7993 0 25 789
47.8498 0 25 789
47.8983 0 25 799
47.9489 0 25 799
47.9975 0 25 799
48.0495 0 25 803
48.0987 0 25 803
48.1463 0 25 804
48.1998 0 25 812
48.2499 0 25 815
48.2981 0 25 811
48.3476 0 25 803
48.399 0 25 806
48.4477 0 25 808
48.4998 0 25 805
48.5485 0 25 804
48.5982 0 25 804
48.6482 0 25 803
48.6989 0 25 800
48.7486 0 25 798
48.7978 0 25 799
48.8496 0 25 795
48.8983 0 25 791
48.9495 0 25 787
48.9995 0 25 791
49.0489 0 25 794
49.0979 0 25 791
49.1478 0 25 791
49.1981 0 25 790
49.2495 0 25 785
49.2992 0 25 786
49.3495 0 25 782
49.3982 0 25 780
49.4497 0 25 777
49.499 0 25 782
49.5491 0 25 780
49.5991 0 25 786
49.6481 0 25 778
49.6996 0 25 784
49.7487 0 25 779
49.7958 0 25 780
49.8494 0 25 780
49.8981 0 25 781
49.9494 0 25 780
49.9998 0 25 782
50.0029 0 25 782
