0.0498623 983 0 14
0.0998185 975 0 33
0.149911 966 0 47
0.199972 958 3 65
0.249917 950 6 75
0.299772 944 9 85
0.349352 938 11 90
0.399401 930 19 100
0.449776 926 25 107
0.499827 916 29 115
0.549975 913 37 125
0.599575 907 41 133
0.649473 897 47 139
0.699916 892 47 149
0.749626 885 50 157
0.799974 879 58 169
0.849985 871 59 175
0.899636 865 59 178
0.949746 858 63 189
0.999786 855 67 196
1.04994 846 73 198
1.09991 842 75 203
1.14995 835 79 211
1.19979 828 81 216
1.24972 822 84 226
1.29992 817 88 232
1.34983 811 93 236
1.39985 809 96 244
1.44965 802 99 246
1.49981 798 102 247
1.54943 796 106 251
1.59988 790 112 261
1.6499 784 120 263
1.69997 783 129 265
1.74943 776 129 259
1.79941 769 134 264
1.84989 764 136 266
1.89975 757 142 271
1.94781 752 151 275
1.99976 747 158 280
2.04987 739 161 286
2.09976 736 162 288
2.14984 731 163 288
2.19838 729 166 293
2.24979 727 166 296
2.29979 725 174 298
2.35 718 180 305
2.39991 709 185 301
2.44955 703 190 304
2.49988 699 189 303
2.54947 688 189 310
2.59999 685 193 313
2.64979 682 199 322
2.69985 676 203 325
2.74973 673 207 329
2.79917 670 207 325
2.84947 666 210 329
2.89993 660 218 330
2.94964 658 224 335
2.99995 654 229 340
3.04971 653 228 341
3.09944 647 231 339
3.15 645 236 338
3.19983 638 239 341
3.24999 635 244 342
3.29993 632 246 338
3.34956 627 252 348
3.39974 626 252 349
3.44999 619 256 350
3.4994 616 258 349
3.54984 608 262 353
3.59998 604 267 357
3.64988 603 268 351
3.69904 597 273 356
3.74938 591 277 352
3.79972 590 277 357
3.84998 586 278 358
3.89997 584 282 360
3.94984 579 283 360
3.99981 572 285 362
4.04932 571 284 366
4.09982 567 286 377
4.14942 565 291 388
4.19996 562 291 389
4.24974 558 293 392
4.2998 556 298 393
4.34953 552 297 398
4.39968 547 297 401
4.44971 541 301 401
4.49998 539 301 399
4.54973 536 304 401
4.59983 534 306 405
4.64992 532 310 406
4.69968 531 315 403
4.74983 528 318 405
4.79984 527 325 406
4.84986 522 325 409
4.89969 518 325 412
4.94924 517 328 413
4.99988 512 333 414
5.0494 511 332 410
5.09967 505 334 416
5.14985 504 337 418
5.19993 501 336 422
5.24948 501 343 423
5.29953 499 338 428
5.34696 496 335 429
5.39983 490 336 435
5.44997 488 335 442
5.49939 487 339 442
5.54922 485 340 446
5.59971 483 344 451
5.64992 477 347 455
5.69994 473 347 457
5.74991 467 352 462
5.79969 466 356 461
5.84993 464 354 469
5.89969 460 358 468
5.94997 459 362 464
5.99985 454 363 462
6.04961 452 366 473
6.09818 448 370 476
6.14997 445 368 480
6.19964 441 366 479
6.2498 440 365 480
6.29998 439 368 483
6.34963 436 369 484
6.39986 433 372 486
6.44956 431 376 488
6.49968 426 375 493
6.54966 424 372 492
6.59968 421 373 497
6.64986 415 372 503
6.69989 412 371 501
6.74995 410 371 505
6.79979 406 373 510
6.84999 402 376 509
6.89992 398 377 511
6.94996 391 377 517
6.99989 388 377 519
7.04996 385 377 511
7.09995 383 377 515
7.14937 379 375 521
7.19982 376 375 521
7.24993 373 376 530
7.29961 371 372 534
7.3497 370 373 533
7.39974 369 368 536
7.4498 366 368 539
7.49995 364 366 541
7.54989 360 369 538
7.59999 358 371 545
7.64968 356 371 548
7.69968 354 372 553
7.74989 353 370 550
7.79998 350 373 554
7.8493 348 374 558
7.89988 340 373 562
7.94961 338 371 563
7.99988 337 369 568
8.04945 334 369 570
8.09961 333 369 577
8.14929 330 365 580
8.19975 327 366 579
8.24964 323 364 584
8.29941 319 360 584
8.34969 314 361 586
8.39983 312 359 580
8.44994 308 358 581
8.499 307 357 581
8.54943 307 357 587
8.59994 301 351 588
8.64894 297 349 586
8.69816 295 347 590
8.74994 292 346 591
8.79922 289 344 601
8.84975 284 339 598
8.89974 281 337 597
8.9496 280 338 598
8.99989 278 332 595
9.04971 275 330 595
9.09989 273 328 596
9.14949 272 322 600
9.19987 271 323 597
9.24968 268 320 596
9.29985 267 318 596
9.34939 265 314 598
9.39985 261 314 606
9.4497 255 314 607
9.49992 252 312 606
9.54934 247 310 615
9.59973 246 308 616
9.64977 244 308 619
9.69931 240 308 624
9.7496 238 306 629
9.79991 236 304 624
9.84946 235 300 621
9.89998 231 299 618
9.94996 226 301 620
9.99979 224 298 621
10.0498 222 298 618
10.0997 221 299 614
10.1491 220 299 617
10.2 218 298 624
10.2499 217 296 630
10.2996 217 297 632
10.3499 213 297 635
10.3996 209 294 639
10.45 208 290 644
10.4998 207 286 644
10.5499 205 283 644
10.5999 202 280 657
10.6485 198 282 659
10.7 191 280 662
10.7492 189 279 664
10.7998 188 274 665
10.8497 185 272 667
10.8999 184 270 667
10.9498 183 267 676
10.9988 180 266 676
11.0499 178 265 677
11.0996 172 266 678
11.1496 169 265 673
11.1998 168 260 674
11.249 164 257 682
11.3 162 255 685
11.35 157 255 681
11.3998 154 252 689
11.4499 153 251 692
11.4996 152 250 695
11.5493 151 247 698
11.5996 149 245 699
11.6499 145 243 697
11.6998 142 243 706
11.7497 137 241 708
11.7994 134 240 710
11.8487 131 237 713
11.8979 130 236 713
11.9494 125 233 712
11.9998 120 228 714
12.0498 119 226 718
12.0993 117 223 728
12.1499 115 222 729
12.1999 112 222 730
12.2499 109 216 736
12.2999 109 213 737
12.3494 107 210 737
12.3996 107 208 737
12.4498 105 205 738
12.5 104 204 747
12.5499 102 203 749
12.5999 102 204 752
12.6496 101 203 761
12.6996 101 201 762
12.7455 100 197 757
12.7985 100 194 757
12.8497 100 188 759
12.8991 100 186 754
12.9499 100 184 753
12.9992 99 183 751
13.0498 98 183 758
13.1 94 182 760
13.1497 94 182 758
13.1999 94 179 757
13.2499 93 178 752
13.2996 93 177 751
13.3499 92 174 753
13.3995 90 171 751
13.4498 90 168 754
13.4998 90 168 756
13.5482 90 168 757
13.5994 88 163 760
13.6496 84 161 760
13.6998 82 161 758
13.7494 80 155 763
13.7993 79 154 763
13.8499 75 151 769
13.8996 72 149 771
13.9497 72 148 772
13.9985 71 146 773
14.0499 70 145 773
14.1 67 145 774
14.15 64 144 778
14.1992 63 142 781
14.2495 63 140 785
14.2972 62 140 779
14.3495 62 139 782
14.3991 61 139 784
14.4487 61 139 786
14.4993 61 137 782
14.5493 60 134 784
14.5999 59 132 788
14.6486 58 129 792
14.6991 57 128 794
14.7497 57 127 796
14.7985 57 127 796
14.8497 57 125 798
14.8995 56 123 799
14.9497 56 121 802
14.9997 56 118 799
15.0485 54 115 799
15.0999 54 115 804
15.149 53 114 803
15.1998 53 113 807
15.2491 52 113 805
15.2999 50 111 800
15.35 48 111 803
15.3992 48 110 804
15.4499 48 109 796
15.4997 48 106 797
15.5499 44 103 797
15.5999 44 101 796
15.6497 43 99 799
15.6989 43 98 798
15.7492 42 97 798
15.7993 40 95 800
15.8492 40 93 806
15.8986 40 92 806
15.9496 40 90 811
15.9998 40 87 808
16.0499 39 85 804
16.0995 36 84 804
16.1488 36 84 802
16.1998 34 83 800
16.2499 32 82 801
16.299 28 81 800
16.3492 28 81 799
16.3999 27 80 804
16.4499 26 79 802
16.4996 25 79 800
16.5496 22 77 801
16.6 21 74 800
16.6495 19 73 800
16.7 18 73 800
16.7487 18 73 802
16.7999 17 72 800
16.8498 17 72 801
16.8997 17 70 803
16.9499 15 70 807
16.9999 15 70 806
17.049 15 70 808
17.0985 14 69 813
17.1498 14 67 812
17.1996 14 66 814
17.2498 13 64 816
17.2992 12 64 813
17.3494 11 64 812
17.3994 10 62 813
17.4499 10 57 818
17.499 10 57 819
17.5498 9 56 821
17.5989 8 52 818
17.65 8 52 820
17.6995 8 52 820
17.75 8 51 816
17.7991 6 51 815
17.8496 6 50 816
17.8995 6 50 815
17.9486 6 49 811
17.9998 5 48 807
18.0499 5 46 802
18.0999 5 45 798
18.1495 5 44 795
18.1999 4 43 796
18.2492 4 42 797
18.3 4 41 795
18.3498 4 41 798
18.3994 3 40 798
18.4499 3 39 796
18.4995 2 39 796
18.549 2 39 794
18.6 2 39 798
18.6492 2 38 799
18.6996 2 37 799
18.7486 2 37 800
18.7999 1 37 799
18.8495 1 37 798
18.8995 1 37 799
18.9494 0 37 800
18.9996 0 36 795
19.0497 0 36 797
19.0996 0 35 799
19.1499 0 34 807
19.1994 0 33 807
19.2499 0 33 808
19.2984 0 32 807
19.3497 0 32 806
19.3998 0 32 805
19.4498 0 32 805
19.4988 0 32 804
19.5494 0 32 805
19.5993 0 31 801
19.6494 0 30 803
19.6997 0 29 801
19.7496 0 29 802
19.7996 0 29 804
19.8498 0 29 809
19.8998 0 29 810
19.9496 0 28 809
19.9999 0 28 805
20.0487 0 27 804
20.0991 0 26 800
20.1488 0 26 793
20.1984 0 26 800
20.2478 0 26 800
20.2998 0 26 800
20.3495 0 26 805
20.4 0 26 805
20.4494 0 26 807
20.4999 0 26 807
20.5483 0 26 811
20.5991 0 26 813
20.6457 0 25 809
20.7 0 25 804
20.7491 0 25 803
20.7995 0 25 804
20.8497 0 25 804
20.8999 0 25 806
20.9494 0 25 802
20.9994 0 25 799
21.0496 0 25 796
21.099 0 25 797
21.1496 0 25 800
21.1984 0 25 797
21.2493 0 25 801
21.2999 0 25 803
21.3499 0 25 803
21.3994 0 25 802
21.4489 0 25 804
21.4997 0 25 802
21.5495 0 25 807
21.5999 0 25 802
21.6495 0 25 801
21.699 0 25 806
21.7479 0 25 804
21.7981 0 25 811
21.8494 0 25 803
21.8993 0 25 798
21.9478 0 25 798
21.9996 0 25 798
22.0494 0 25 802
22.0997 0 25 802
22.1495 0 25 802
22.1978 0 25 799
22.2499 0 25 800
22.2995 0 25 803
22.3442 0 25 804
22.3985 0 25 805
22.4499 0 25 798
22.4982 0 25 799
22.5488 0 25 801
22.5993 0 25 799
22.649 0 25 800
22.6994 0 25 799
22.7499 0 25 798
22.7995 0 25 799
22.8481 0 25 793
22.899 0 25 791
22.9479 0 25 792
22.9996 0 25 789
23.0483 0 25 791
23.0995 0 25 793
23.1478 0 25 792
23.1996 0 25 795
23.2496 0 25 798
23.2995 0 25 795
23.3495 0 25 793
23.3999 0 25 795
23.4478 0 25 793
23.4999 0 25 789
23.548 0 25 789
23.5997 0 25 788
23.6499 0 25 797
23.6992 0 25 799
23.7466 0 25 797
23.7988 0 25 797
23.8487 0 25 799
23.8999 0 25 797
23.9425 0 25 795
23.9993 0 25 795
24.0483 0 25 796
24.1 0 25 796
24.1487 0 25 793
24.198 0 25 795
24.2475 0 25 794
24.2995 0 25 796
24.3499 0 25 798
24.3991 0 25 797
24.4499 0 25 795
24.499 0 25 794
24.5499 0 25 797
24.5993 0 25 799
24.6493 0 25 800
24.699 0 25 793
24.7487 0 25 793
24.7996 0 25 793
24.8499 0 25 797
24.8992 0 25 797
24.9497 0 25 795
24.9993 0 25 797
25.0486 0 25 791
25.0986 0 25 791
25.1495 0 25 792
25.1998 0 25 791
25.2491 0 25 796
25.298 0 25 796
25.3495 0 25 797
25.3979 0 25 796
25.4477 0 25 796
25.4995 0 25 796
25.5488 0 25 795
25.5988 0 25 800
25.6493 0 25 796
25.6997 0 25 789
25.7484 0 25 791
25.7979 0 25 790
25.8493 0 25 792
25.8996 0 25 792
25.9475 0 25 796
25.9975 0 25 793
26.0496 0 25 793
26.0996 0 25 792
26.148 0 25 790
26.1992 0 25 795
26.2496 0 25 794
26.2994 0 25 794
26.3498 0 25 800
26.3999 0 25 804
26.4486 0 25 803
26.4996 0 25 799
26.5489 0 25 795
26.5982 0 25 789
26.6499 0 25 792
26.6994 0 25 793
26.7498 0 25 790
26.799 0 25 788
26.8469 0 25 789
26.9 0 25 791
26.9409 0 25 793
26.9998 0 25 791
27.0493 0 25 793
27.0998 0 25 796
27.1475 0 25 798
27.1995 0 25 790
27.2499 0 25 793
27.2994 0 25 792
27.3446 0 25 789
27.3979 0 25 791
27.4496 0 25 796
27.4993 0 25 793
27.5499 0 25 799
27.5989 0 25 791
27.6477 0 25 793
27.6982 0 25 789
27.7498 0 25 793
27.7998 0 25 793
27.8459 0 25 794
27.8985 0 25 792
27.9491 0 25 801
27.9993 0 25 803
28.0492 0 25 801
28.0984 0 25 803
28.1463 0 25 806
28.1999 0 25 815
28.2499 0 25 812
28.2974 0 25 812
28.3499 0 25 809
28.3997 0 25 808
28.4453 0 25 810
28.4983 0 25 807
28.5496 0 25 816
28.5998 0 25 817
28.6498 0 25 817
28.6992 0 25 812
28.749 0 25 808
28.7989 0 25 803
28.8497 0 25 801
28.8967 0 25 799
28.9498 0 25 802
28.9981 0 25 805
29.048 0 25 806
29.098 0 25 807
29.15 0 25 809
29.199 0 25 807
29.2496 0 25 802
29.3 0 25 799
29.3498 0 25 800
29.3998 0 25 798
29.4498 0 25 799
29.4997 0 25 799
29.5486 0 25 804
29.5989 0 25 801
29.6489 0 25 800
29.6975 0 25 802
29.748 0 25 806
29.7999 0 25 801
29.8484 0 25 803
29.8999 0 25 806
29.9495 0 25 808
29.9982 0 25 813
30.0485 0 25 808
30.0996 0 25 807
30.1486 0 25 805
30.1984 0 25 806
30.2479 0 25 806
30.2989 0 25 806
30.3486 0 25 805
30.3989 0 25 803
30.4485 0 25 802
30.4998 0 25 809
30.5495 0 25 801
30.5979 0 25 804
30.6498 0 25 805
30.6998 0 25 800
30.7488 0 25 801
30.7991 0 25 799
30.8466 0 25 798
30.8999 0 25 796
30.949 0 25 796
30.9939 0 25 795
31.0462 0 25 804
31.0995 0 25 804
31.1484 0 25 803
31.1985 0 25 802
31.25 0 25 797
31.2994 0 25 800
31.3476 0 25 801
31.3999 0 25 799
31.449 0 25 802
31.4974 0 25 801
31.5482 0 25 801
31.5994 0 25 805
31.6494 0 25 806
31.6985 0 25 805
31.7493 0 25 804
31.7986 0 25 804
31.8466 0 25 800
31.8999 0 25 805
31.9467 0 25 802
31.999 0 25 801
32.0484 0 25 801
32.0995 0 25 804
32.1497 0 25 803
32.1999 0 25 798
32.2482 0 25 800
32.2994 0 25 800
32.35 0 25 802
32.3999 0 25 799
32.45 0 25 804
32.4971 0 25 804
32.5458 0 25 798
32.5998 0 25 797
32.6477 0 25 798
32.699 0 25 802
32.7485 0 25 807
32.7995 0 25 807
32.8475 0 25 805
32.8987 0 25 801
32.9496 0 25 802
32.999 0 25 799
33.048 0 25 801
33.0992 0 25 804
33.149 0 25 808
33.1978 0 25 802
33.2499 0 25 804
33.2987 0 25 800
33.3487 0 25 803
33.3995 0 25 808
33.4496 0 25 807
33.4988 0 25 810
33.5499 0 25 810
33.5992 0 25 813
33.6484 0 25 812
33.6957 0 25 813
33.7494 0 25 809
33.7999 0 25 802
33.8492 0 25 802
33.8972 0 25 801
33.9494 0 25 801
33.998 0 25 804
34.0489 0 25 796
34.0968 0 25 792
34.148 0 25 791
34.1986 0 25 789
34.2493 0 25 791
34.2984 0 25 791
34.348 0 25 791
34.3991 0 25 793
34.4486 0 25 792
34.4995 0 25 790
34.549 0 25 785
34.5994 0 25 781
34.65 0 25 785
34.6989 0 25 783
34.7467 0 25 783
34.7999 0 25 781
34.8479 0 25 777
34.8976 0 25 776
34.9466 0 25 781
34.9997 0 25 779
35.0493 0 25 784
35.0998 0 25 787
35.1497 0 25 789
35.1992 0 25 792
35.2498 0 25 790
35.2993 0 25 790
35.3499 0 25 790
35.3993 0 25 790
35.4477 0 25 790
35.4988 0 25 795
35.5499 0 25 789
35.598 0 25 789
35.6499 0 25 789
35.6984 0 25 791
35.7499 0 25 793
35.7987 0 25 791
35.8491 0 25 795
35.8998 0 25 795
35.9487 0 25 798
35.9982 0 25 799
36.0492 0 25 802
36.0947 0 25 800
36.1486 0 25 796
36.1979 0 25 799
36.2463 0 25 804
36.2996 0 25 802
36.3496 0 25 797
36.3972 0 25 796
36.4454 0 25 792
36.4994 0 25 794
36.5493 0 25 798
36.5987 0 25 796
36.6497 0 25 796
36.6977 0 25 795
36.7481 0 25 794
36.7996 0 25 796
36.8485 0 25 796
36.8999 0 25 794
36.9492 0 25 797
36.9988 0 25 798
37.0497 0 25 798
37.0994 0 25 795
37.1467 0 25 794
37.1992 0 25 789
37.2497 0 25 784
37.2995 0 25 785
37.3487 0 25 782
37.3995 0 25 779
37.4472 0 25 780
37.4998 0 25 785
37.5479 0 25 787
37.5994 0 25 788
37.6462 0 25 787
37.6972 0 25 781
37.75 0 25 783
37.8 0 25 782
37.8498 0 25 780
37.8999 0 25 784
37.95 0 25 781
37.9993 0 25 777
38.0471 0 25 784
38.0998 0 25 781
38.1495 0 25 784
38.1994 0 25 792
38.247 0 25 787
38.2988 0 25 784
38.3483 0 25 787
38.3998 0 25 793
38.4494 0 25 791
38.4992 0 25 789
38.5498 0 25 789
38.5985 0 25 794
38.6495 0 25 796
38.6991 0 25 797
38.7497 0 25 792
38.7999 0 25 795
38.8498 0 25 798
38.8999 0 25 800
38.9496 0 25 798
38.9988 0 25 804
39.0491 0 25 805
39.0998 0 25 803
39.1495 0 25 802
39.1997 0 25 802
39.2499 0 25 806
39.2994 0 25 808
39.3499 0 25 808
39.3999 0 25 808
39.4484 0 25 806
39.4989 0 25 811
39.5496 0 25 807
39.5999 0 25 810
39.6479 0 25 810
39.6988 0 25 814
39.7496 0 25 808
39.7994 0 25 802
39.8492 0 25 805
39.8996 0 25 804
39.9498 0 25 799
39.9989 0 25 796
40.0492 0 25 797
40.0993 0 25 795
40.1498 0 25 790
40.1997 0 25 795
40.2486 0 25 794
40.2984 0 25 795
40.3492 0 25 788
40.3972 0 25 787
40.45 0 25 792
40.4984 0 25 795
40.5499 0 25 803
40.596 0 25 800
40.6489 0 25 799
40.6985 0 25 799
40.75 0 25 801
40.7996 0 25 801
40.8498 0 25 800
40.8999 0 25 804
40.9473 0 25 806
40.9989 0 25 807
41.0495 0 25 804
41.0992 0 25 800
41.1497 0 25 792
41.1993 0 25 790
41.2497 0 25 793
41.2996 0 25 796
41.3494 0 25 796
41.398 0 25 793
41.448 0 25 793
41.4991 0 25 795
41.548 0 25 795
41.5991 0 25 797
41.6496 0 25 796
41.6987 0 25 800
41.7478 0 25 798
41.7985 0 25 796
41.8482 0 25 796
41.8986 0 25 802
41.9498 0 25 800
41.9994 0 25 798
42.0498 0 25 802
42.0999 0 25 803
42.1478 0 25 804
42.1992 0 25 798
42.2491 0 25 798
42.2995 0 25 801
42.349 0 25 798
42.3984 0 25 797
42.4498 0 25 802
42.4998 0 25 801
42.5482 0 25 802
42.5981 0 25 806
42.6485 0 25 813
42.6985 0 25 812
42.7488 0 25 815
42.7989 0 25 821
42.8499 0 25 820
42.8994 0 25 821
42.9492 0 25 819
42.9987 0 25 818
43.0494 0 25 817
43.0986 0 25 810
43.1499 0 25 809
43.198 0 25 802
43.2498 0 25 802
43.2978 0 25 802
43.3494 0 25 800
43.3999 0 25 801
43.4496 0 25 804
43.5 0 25 802
43.5499 0 25 801
43.5985 0 25 803
43.6495 0 25 806
43.6989 0 25 799
43.748 0 25 802
43.7997 0 25 804
43.8494 0 25 802
43.8997 0 25 801
43.9467 0 25 802
43.9998 0 25 795
44.0497 0 25 800
44.0981 0 25 798
44.1493 0 25 803
44.1996 0 25 803
44.2487 0 25 804
44.2994 0 25 812
44.3496 0 25 817
44.4 0 25 815
44.4495 0 25 819
44.4966 0 25 821
44.5498 0 25 820
44.6 0 25 819
44.6477 0 25 819
44.6999 0 25 818
44.7497 0 25 821
44.7999 0 25 819
44.8498 0 25 818
44.8999 0 25 814
44.9496 0 25 814
44.9996 0 25 814
45.0487 0 25 818
45.0987 0 25 819
45.1496 0 25 817
45.1972 0 25 819
45.2496 0 25 824
45.2996 0 25 821
45.3483 0 25 818
45.3989 0 25 818
45.4493 0 25 814
45.5 0 25 816
45.5472 0 25 816
45.5998 0 25 815
45.6449 0 25 819
45.6984 0 25 817
45.7496 0 25 812
45.7995 0 25 815
45.85 0 25 816
45.8986 0 25 816
45.9486 0 25 813
45.9996 0 25 811
46.0489 0 25 808
46.0998 0 25 807
46.15 0 25 809
46.1992 0 25 811
46.2496 0 25 811
46.2994 0 25 809
46.3498 0 25 812
46.3998 0 25 810
46.4489 0 25 810
46.4987 0 25 808
46.5497 0 25 810
46.5993 0 25 809
46.6469 0 25 807
46.6995 0 25 800
46.7498 0 25 803
46.7995 0 25 806
46.8496 0 25 798
46.8996 0 25 798
46.9471 0 25 803
46.9995 0 25 804
47.0484 0 25 800
47.099 0 25 802
47.1466 0 25 803
47.199 0 25 805
47.2491 0 25 803
47.299 0 25 802
47.3495 0 25 797
47.3994 0 25 796
47.4491 0 25 798
47.4983 0 25 801
47.5499 0 25 799
47.5988 0 25 796
47.6472 0 25 793
47.6992 0 25 791
47.7499 0 25 794
47.8 0 25 795
47.8495 0 25 794
47.8979 0 25 796
47.9498 0 25 793
47.995 0 25 792
48.0454 0 25 796
48.0993 0 25 793
48.1488 0 25 791
48.1993 0 25 794
48.2469 0 25 795
48.2997 0 25 791
48.3493 0 25 792
48.3997 0 25 796
48.449 0 25 797
48.4998 0 25 796
48.5476 0 25 792
48.5996 0 25 794
48.6493 0 25 792
48.6991 0 25 789
48.7488 0 25 787
48.7985 0 25 792
48.8493 0 25 793
48.8993 0 25 799
48.9497 0 25 795
48.9963 0 25 792
49.0492 0 25 790
49.0992 0 25 793
49.1482 0 25 797
49.1998 0 25 798
49.249 0 25 800
49.2998 0 25 805
49.3479 0 25 802
49.3995 0 25 801
49.446 0 25 804
49.4999 0 25 812
49.5495 0 25 809
49.5999 0 25 814
49.6472 0 25 814
49.6998 0 25 811
49.7451 0 25 815
49.7998 0 25 816
49.8464 0 25 812
49.8993 0 25 813
49.9497 0 25 813
49.9985 0 25 815
50.001 0 25 815
