2.2814460000000003
2.2696970000000003
2.318298
2.222691
2.286233
2.33205
2.271452
2.316533
2.321676
2.286336
2.382288
2.294381
2.280615
2.3217060000000003
2.260657
2.3663790000000002
2.2871230000000002
2.264384
2.311744
2.3743630000000002
2.3576200000000003
2.2897250000000002
2.3236160000000003
2.2993
2.2947480000000002
2.2676950000000002
2.27382
2.277997
2.320811
2.287291
2.28962
2.288049
2.3836820000000003
2.301594
2.271837
2.276081
2.276215
2.269725
2.373031
2.248021
2.283577
2.28887
2.322522
2.272967
2.263471
2.292711
2.281512
2.331414
2.267973
2.363585
